time,original,missing,interpolated,mask
0,2.7067557714273636,2.7067557714273636,2.7067557714273636,0
1,0.11184457591043269,,2.3666311571220118,1
2,0.2593666615894955,,2.02650654281666,1
3,-0.9279701476294723,,1.686381928511308,1
4,0.7105178542928482,,1.3462573142059562,1
5,-1.2854828357965529,,1.0061326999006044,1
6,-1.5075970568178707,,0.6660080855952524,1
7,0.7549862299547142,,0.3258834712899006,1
8,0.6849306265560064,,-0.014241143015451208,1
9,-0.5684979221100543,,-0.354365757320803,1
10,0.05356287680892149,,-0.6944903716261548,1
11,-1.034614985931507,-1.034614985931507,-1.034614985931507,0
12,-0.9541574100731448,-0.9541574100731448,-0.9541574100731448,0
13,2.573888046581228,2.573888046581228,2.573888046581228,0
14,2.151633922958116,2.151633922958116,2.151633922958116,0
15,-0.31347286778580646,-0.31347286778580646,-0.31347286778580646,0
16,-0.16607635205035948,-0.16607635205035948,-0.16607635205035948,0
17,1.2875896361706178,1.2875896361706178,1.2875896361706178,0
18,-1.2092120337009895,-1.2092120337009895,-1.2092120337009895,0
19,-0.5632927113795122,-0.5632927113795122,-0.5632927113795122,0
20,-1.119726097225335,-1.119726097225335,-1.119726097225335,0
21,1.5902835378068887,1.5902835378068887,1.5902835378068887,0
22,-1.1872568364570655,-1.1872568364570655,-1.1872568364570655,0
23,-1.7208582528447651,-1.7208582528447651,-1.7208582528447651,0
24,-0.8925522523554436,-0.8925522523554436,-0.8925522523554436,0
25,0.26836646806637543,0.26836646806637543,0.26836646806637543,0
26,-0.10549844755382501,-0.10549844755382501,-0.10549844755382501,0
27,1.7591383422981202,1.7591383422981202,1.7591383422981202,0
28,1.1768146730339384,1.1768146730339384,1.1768146730339384,0
29,-0.4403838231279263,-0.4403838231279263,-0.4403838231279263,0
30,0.22926174121273282,0.22926174121273282,0.22926174121273282,0
31,0.18871749346226713,0.18871749346226713,0.18871749346226713,0
32,-0.22512014646059192,-0.22512014646059192,-0.22512014646059192,0
33,0.461424367817839,0.461424367817839,0.461424367817839,0
34,0.674731302933079,0.674731302933079,0.674731302933079,0
35,0.0646925361650408,0.0646925361650408,0.0646925361650408,0
36,1.3899272435058208,,0.1724848531308107,1
37,1.3768810772493845,,0.28027717009658054,1
38,0.08319707043749577,,0.38806948706235045,1
39,-0.5436266944246295,,0.4958618040281203,1
40,-1.738101318419737,,0.6036541209938902,1
41,0.1325484600948892,,0.7114464379596601,1
42,-0.26987857410802346,,0.81923875492543,1
43,0.24811015341059292,,0.9270310718911998,1
44,0.39757294966252615,,1.0348233888569698,1
45,0.8249190019856553,,1.1426157058227395,1
46,1.2504080227885095,1.2504080227885095,1.2504080227885095,0
47,-0.272611349963041,-0.272611349963041,-0.272611349963041,0
48,-1.1557297435804752,-1.1557297435804752,-1.1557297435804752,0
49,0.27370571774005226,0.27370571774005226,0.27370571774005226,0
50,0.652499637019197,0.652499637019197,0.652499637019197,0
51,0.1593042696663655,0.1593042696663655,0.1593042696663655,0
52,1.067578618631472,1.067578618631472,1.067578618631472,0
53,1.7882533289248435,1.7882533289248435,1.7882533289248435,0
54,-0.06172414386781654,,1.6142592870527037,1
55,0.03671341127632225,,1.4402652451805642,1
56,-2.0601649818781453,,1.2662712033084245,1
57,0.9746057540199417,,1.092277161436285,1
58,1.4023181271129752,,0.9182831195641452,1
59,-0.6370486051534495,,0.7442890776920055,1
60,-0.1309395072360772,,0.570295035819866,1
61,-1.0654232016194836,,0.3963009939477262,1
62,1.1870093320013064,,0.22230695207558648,1
63,-1.3820942473846032,,0.04831291020344697,1
64,-0.12568113166869282,-0.12568113166869282,-0.12568113166869282,0
65,-0.54186856449194,-0.54186856449194,-0.54186856449194,0
66,-0.39537130274406196,-0.39537130274406196,-0.39537130274406196,0
67,0.25212402900728165,0.25212402900728165,0.25212402900728165,0
68,0.20996916605036933,0.20996916605036933,0.20996916605036933,0
69,0.6778845411057268,0.6778845411057268,0.6778845411057268,0
70,1.922455811008034,1.922455811008034,1.922455811008034,0
71,0.015230459685757994,,1.6024037112385117,1
72,-0.23277343342374424,,1.282351611468989,1
73,0.7883122467405818,,0.9622995116994666,1
74,1.2335878279302834,,0.6422474119299442,1
75,-2.877505246273259,,0.32219531216042174,1
76,0.39055654944252616,,0.0021432123908990963,1
77,-1.261563633836928,,-0.31790888737862333,1
78,0.055733575489926836,,-0.6379609871481458,1
79,1.204375883802186,,-0.9580130869176682,1
80,0.17917665817243025,,-1.2780651866871906,1
81,-1.5981172864567135,-1.5981172864567135,-1.5981172864567135,0
82,-0.25229196499662343,-0.25229196499662343,-0.25229196499662343,0
83,0.75686044834687,0.75686044834687,0.75686044834687,0
84,1.5725300107181934,1.5725300107181934,1.5725300107181934,0
85,-0.3253820763921233,-0.3253820763921233,-0.3253820763921233,0
86,1.1870786292405886,1.1870786292405886,1.1870786292405886,0
87,1.9947755284806894,1.9947755284806894,1.9947755284806894,0
88,-0.46743066497133523,,1.880613825087393,1
89,-0.11488203774920035,,1.7664521216940963,1
90,-1.2645853811478542,,1.6522904183007998,1
91,0.43290569848319377,,1.5381287149075034,1
92,-0.9212154918367155,,1.4239670115142067,1
93,0.25637983966733996,,1.3098053081209102,1
94,3.534945092164704,,1.1956436047276138,1
95,0.6806681606346,,1.081481901334317,1
96,1.297949506710761,,0.9673201979410206,1
97,1.141788709670248,,0.8531584945477242,1
98,0.41441210427280334,,0.7389967911544277,1
99,0.17991342473878202,,0.6248350877611311,1
100,-0.1947091493327784,,0.5106733843678346,1
101,-2.331797312770639,,0.39651168097453815,1
102,1.0869456047997628,,0.2823499775812415,1
103,-1.3445740146681935,,0.16818827418794502,1
104,1.010860130111106,,0.054026570794648565,1
105,1.0809479973065537,,-0.06013513259864811,1
106,1.7664982938032585,,-0.17429683599194434,1
107,1.1653590623168493,,-0.288458539385241,1
108,-0.4026202427785376,-0.4026202427785376,-0.4026202427785376,0
109,1.304105185663874,1.304105185663874,1.304105185663874,0
110,-1.6602545093284031,-1.6602545093284031,-1.6602545093284031,0
111,-1.1053507963353708,-1.1053507963353708,-1.1053507963353708,0
112,2.028117104810964,2.028117104810964,2.028117104810964,0
113,0.7930697214708615,0.7930697214708615,0.7930697214708615,0
114,1.7133145559350675,1.7133145559350675,1.7133145559350675,0
115,0.07707355363851567,0.07707355363851567,0.07707355363851567,0
116,0.217755177418102,0.217755177418102,0.217755177418102,0
117,0.8761544904638784,0.8761544904638784,0.8761544904638784,0
118,0.4684438379179115,0.4684438379179115,0.4684438379179115,0
119,-1.370398191480676,-1.370398191480676,-1.370398191480676,0
120,0.17999636360342977,0.17999636360342977,0.17999636360342977,0
121,0.32132347033960096,0.32132347033960096,0.32132347033960096,0
122,-0.5073047613060758,-0.5073047613060758,-0.5073047613060758,0
123,-0.05499644845377161,-0.05499644845377161,-0.05499644845377161,0
124,1.207121355433653,1.207121355433653,1.207121355433653,0
125,0.4317662771110299,0.4317662771110299,0.4317662771110299,0
126,0.8940554115854341,0.8940554115854341,0.8940554115854341,0
127,-0.11758198067938876,-0.11758198067938876,-0.11758198067938876,0
128,1.2126578864006516,1.2126578864006516,1.2126578864006516,0
129,-1.4941923768780352,,0.9668496774415126,1
130,-1.3922666121786686,,0.7210414684823736,1
131,0.8407712246285562,,0.4752332595232345,1
132,0.10289886221912622,,0.22942505056409546,1
133,0.26915195001260644,,-0.016383158395043562,1
134,0.08032431568060522,,-0.2621913673541827,1
135,-2.2322620874917365,,-0.5079995763133216,1
136,2.405363945903707,,-0.7538077852724607,1
137,-0.5654281268881157,,-0.9996159942315996,1
138,-0.38027541996127284,,-1.2454242031907388,1
139,-1.4912324121498781,-1.4912324121498781,-1.4912324121498781,0
140,1.3220479463767039,1.3220479463767039,1.3220479463767039,0
141,-0.26397733684181307,-0.26397733684181307,-0.26397733684181307,0
142,1.3483063197188005,,-0.26148698376974944,1
143,1.0088193128188132,,-0.2589966306976858,1
144,-1.1409502282957296,,-0.2565062776256222,1
145,-0.8476165866004377,,-0.2540159245535586,1
146,-1.3419047384058684,,-0.25152557148149496,1
147,0.7703896912491143,,-0.24903521840943135,1
148,1.3899734520142562,,-0.24654486533736772,1
149,-1.5698318418194188,,-0.2440545122653041,1
150,-0.056161520838462056,,-0.24156415919324048,1
151,0.3512405887170571,,-0.23907380612117685,1
152,-0.23658345304911324,-0.23658345304911324,-0.23658345304911324,0
153,-0.1626949969314087,-0.1626949969314087,-0.1626949969314087,0
154,0.5076292805774224,0.5076292805774224,0.5076292805774224,0
155,0.6011975912970904,,0.6003255838877491,1
156,0.3610823008347025,,0.6930218871980759,1
157,-0.25524737421124444,,0.7857181905084026,1
158,1.0350439340905244,,0.8784144938187294,1
159,-0.12262205912501538,,0.9711107971290561,1
160,0.7593495640250474,,1.0638071004393828,1
161,-0.9454226705262325,,1.1565034037497095,1
162,0.6863610211021296,,1.2491997070600362,1
163,0.07971057822530918,,1.341896010370363,1
164,0.2339484045529503,,1.4345923136806897,1
165,1.5272886169910165,1.5272886169910165,1.5272886169910165,0
166,-0.7385717312115498,-0.7385717312115498,-0.7385717312115498,0
167,-0.3423013028314824,-0.3423013028314824,-0.3423013028314824,0
168,0.5673481608868811,0.5673481608868811,0.5673481608868811,0
169,-0.16678167835106886,-0.16678167835106886,-0.16678167835106886,0
170,0.6953138229102254,0.6953138229102254,0.6953138229102254,0
171,1.3185989070070163,1.3185989070070163,1.3185989070070163,0
172,-0.6018314169107395,-0.6018314169107395,-0.6018314169107395,0
173,1.0093858967741038,1.0093858967741038,1.0093858967741038,0
174,-0.06448581687961456,-0.06448581687961456,-0.06448581687961456,0
175,0.27327047142285604,0.27327047142285604,0.27327047142285604,0
176,-1.3429353835373365,-1.3429353835373365,-1.3429353835373365,0
177,-0.32884969732923564,-0.32884969732923564,-0.32884969732923564,0
178,1.287493206218791,1.287493206218791,1.287493206218791,0
179,0.3407667208500437,0.3407667208500437,0.3407667208500437,0
180,-0.3788663360366215,-0.3788663360366215,-0.3788663360366215,0
181,-0.1384897203137101,,-0.2717557238045509,1
182,0.2129768948900832,,-0.1646451115724802,1
183,0.7523194377722611,,-0.05753449934040955,1
184,1.369853526645272,,0.049576112891661084,1
185,-0.35430876875691336,,0.15668672512373177,1
186,-0.037633327150722116,,0.2637973373558024,1
187,0.995265443710989,,0.37090794958787304,1
188,-0.6757890435684879,,0.4780185618199437,1
189,-1.47450132900048,,0.5851291740520144,1
190,-0.7056495746540136,,0.692239786284085,1
191,0.7993503985161556,0.7993503985161556,0.7993503985161556,0
192,0.6619668156901404,0.6619668156901404,0.6619668156901404,0
193,0.9914512217829881,0.9914512217829881,0.9914512217829881,0
194,-1.1898115482380642,-1.1898115482380642,-1.1898115482380642,0
195,-1.563166120651587,-1.563166120651587,-1.563166120651587,0
196,1.6700717061114358,1.6700717061114358,1.6700717061114358,0
197,0.7932899033819006,0.7932899033819006,0.7932899033819006,0
198,1.2684464976636343,1.2684464976636343,1.2684464976636343,0
199,-0.5968161091691837,-0.5968161091691837,-0.5968161091691837,0
200,0.4988459730919921,0.4988459730919921,0.4988459730919921,0
201,-1.00803136983598,-1.00803136983598,-1.00803136983598,0
202,-2.6119543300142354,-2.6119543300142354,-2.6119543300142354,0
203,1.5357743188791628,1.5357743188791628,1.5357743188791628,0
204,-0.5041955296526787,-0.5041955296526787,-0.5041955296526787,0
205,0.7566808133087969,0.7566808133087969,0.7566808133087969,0
206,0.5428966492840586,0.5428966492840586,0.5428966492840586,0
207,-0.00478970452938732,-0.00478970452938732,-0.00478970452938732,0
208,-0.19963859577460294,-0.19963859577460294,-0.19963859577460294,0
209,1.0237730073535225,1.0237730073535225,1.0237730073535225,0
210,-0.5232663513154637,-0.5232663513154637,-0.5232663513154637,0
211,1.4009147170130918,1.4009147170130918,1.4009147170130918,0
212,-1.9572519038197858,-1.9572519038197858,-1.9572519038197858,0
213,0.3280642761104246,0.3280642761104246,0.3280642761104246,0
214,1.6185575781114065,1.6185575781114065,1.6185575781114065,0
215,-0.23025523792138752,-0.23025523792138752,-0.23025523792138752,0
216,-2.1571987523601277,-2.1571987523601277,-2.1571987523601277,0
217,0.5842701144115785,0.5842701144115785,0.5842701144115785,0
218,1.9575955788811543,1.9575955788811543,1.9575955788811543,0
219,0.4597392059699614,0.4597392059699614,0.4597392059699614,0
220,1.0755192676046326,1.0755192676046326,1.0755192676046326,0
221,1.3141485703381117,1.3141485703381117,1.3141485703381117,0
222,-0.09380706589939816,-0.09380706589939816,-0.09380706589939816,0
223,-1.1954489457993842,-1.1954489457993842,-1.1954489457993842,0
224,-1.156775229235904,-1.156775229235904,-1.156775229235904,0
225,-0.12868486875382334,-0.12868486875382334,-0.12868486875382334,0
226,1.2619863798229747,1.2619863798229747,1.2619863798229747,0
227,-0.12849051682957852,-0.12849051682957852,-0.12849051682957852,0
228,0.5195579471643392,,-0.16400230810380698,1
229,0.4432088185432849,,-0.19951409937803544,1
230,1.5198060777240534,,-0.2350258906522639,1
231,0.14219331656051257,,-0.27053768192649236,1
232,0.723425200639062,,-0.30604947320072085,1
233,-0.8576285561770784,,-0.3415612644749493,1
234,0.2892498549248983,,-0.3770730557491777,1
235,-0.6416141336273589,,-0.4125848470234062,1
236,-0.048807660697318615,,-0.44809663829763463,1
237,-0.5663005554699203,,-0.4836084295718631,1
238,-0.5191202208460916,-0.5191202208460916,-0.5191202208460916,0
239,0.7888206821523471,0.7888206821523471,0.7888206821523471,0
240,-0.8305426975403947,-0.8305426975403947,-0.8305426975403947,0
241,-1.6428510769924032,-1.6428510769924032,-1.6428510769924032,0
242,0.001537511609733581,0.001537511609733581,0.001537511609733581,0
243,0.1418781824895198,0.1418781824895198,0.1418781824895198,0
244,-2.651712116254503,-2.651712116254503,-2.651712116254503,0
245,-1.330642020972479,-1.330642020972479,-1.330642020972479,0
246,0.6563894369677834,0.6563894369677834,0.6563894369677834,0
247,-0.9025142078433532,-0.9025142078433532,-0.9025142078433532,0
248,0.4630511403721349,0.4630511403721349,0.4630511403721349,0
249,0.35763459265436237,0.35763459265436237,0.35763459265436237,0
250,-0.21234076792182385,-0.21234076792182385,-0.21234076792182385,0
251,-1.4561840192113817,-1.4561840192113817,-1.4561840192113817,0
252,0.5247848877922765,0.5247848877922765,0.5247848877922765,0
253,0.23721243238030182,0.23721243238030182,0.23721243238030182,0
254,1.2941434520731294,1.2941434520731294,1.2941434520731294,0
255,-0.05528545724823601,,1.020897182895059,1
256,0.1157203038258546,,0.7476509137169886,1
257,-1.2438197974617904,,0.47440464453891806,1
258,-0.36970867858686496,,0.20115837536084769,1
259,-0.047713025244791624,,-0.07208789381722269,1
260,-1.1009363650665176,,-0.3453341629952933,1
261,-0.4522872072134766,,-0.6185804321733637,1
262,0.6321085997109125,,-0.891826701351434,1
263,-0.5511266525163623,,-1.1650729705295044,1
264,-0.12723200950300023,,-1.4383192397075748,1
265,-1.7115655088856454,-1.7115655088856454,-1.7115655088856454,0
266,-0.7810138746217098,-0.7810138746217098,-0.7810138746217098,0
267,-0.13275785404473497,-0.13275785404473497,-0.13275785404473497,0
268,-2.849362839674968,-2.849362839674968,-2.849362839674968,0
269,1.7892354257945595,1.7892354257945595,1.7892354257945595,0
270,0.0014779035280432628,0.0014779035280432628,0.0014779035280432628,0
271,1.8961524403208654,1.8961524403208654,1.8961524403208654,0
272,-0.7564745933388196,-0.7564745933388196,-0.7564745933388196,0
273,-0.7266176279301002,-0.7266176279301002,-0.7266176279301002,0
274,-0.29373084855802994,-0.29373084855802994,-0.29373084855802994,0
275,-2.7216894533447524,-2.7216894533447524,-2.7216894533447524,0
276,1.5385583344795901,1.5385583344795901,1.5385583344795901,0
277,-0.7627322208979237,-0.7627322208979237,-0.7627322208979237,0
278,-0.17211698986764057,,-0.7020851928577061,1
279,0.11943379173246184,,-0.6414381648174886,1
280,-0.06208198879660631,,-0.580791136777271,1
281,1.9472241489823434,,-0.5201441087370534,1
282,0.12951985083949188,,-0.45949708069683587,1
283,-0.06485708430846564,,-0.3988500526566183,1
284,-0.06352400665449293,,-0.3382030246164007,1
285,0.6365403499126545,,-0.2775559965761832,1
286,-0.16507685213669757,,-0.21690896853596564,1
287,0.9064645746853761,,-0.15626194049574804,1
288,-0.223626321105351,,-0.09561491245553044,1
289,-0.2400376335065004,,-0.034967884415312955,1
290,0.8839069571944017,,0.025679143624904643,1
291,-0.10354935799745499,,0.08632617166512224,1
292,0.19215762248016022,,0.14697319970533973,1
293,0.29356518908699875,,0.20762022774555733,1
294,0.8642985345844731,,0.2682672557857748,1
295,-1.5357766187097242,,0.3289142838259924,1
296,2.0078051946273607,,0.38956131186621,1
297,0.08988859393630914,,0.4502083399064276,1
298,0.5108553679466452,0.5108553679466452,0.5108553679466452,0
299,-0.05403912708741871,-0.05403912708741871,-0.05403912708741871,0
300,0.5000068286678233,0.5000068286678233,0.5000068286678233,0
301,-1.3127715530194957,-1.3127715530194957,-1.3127715530194957,0
302,0.27544346308730905,0.27544346308730905,0.27544346308730905,0
303,0.27949901801464727,0.27949901801464727,0.27949901801464727,0
304,-0.2428101486594291,,0.16907625650881558,1
305,0.0251156768190632,,0.05865349500298389,1
306,1.8567356545406482,,-0.0517692665028478,1
307,0.6261258349074711,,-0.1621920280086795,1
308,0.39107046697428005,,-0.27261478951451124,1
309,-0.7210826790736159,,-0.38303755102034287,1
310,-0.9759781874996378,,-0.4934603125261745,1
311,-0.5368077442750117,,-0.6038830740320063,1
312,0.5258901523876696,,-0.714305835537838,1
313,-0.2934259339156813,,-0.8247285970436697,1
314,-0.9351513585495014,-0.9351513585495014,-0.9351513585495014,0
315,-0.8106621819749482,-0.8106621819749482,-0.8106621819749482,0
316,-0.7576473332783323,-0.7576473332783323,-0.7576473332783323,0
317,-1.065107971837765,-1.065107971837765,-1.065107971837765,0
318,0.8741002381285088,0.8741002381285088,0.8741002381285088,0
319,1.2344074960762765,,0.8543594345377142,1
320,0.9869021358015011,,0.8346186309469198,1
321,0.4061709692791946,,0.8148778273561252,1
322,-0.10835573194299995,,0.7951370237653308,1
323,1.657575849641113,,0.7753962201745362,1
324,1.2247459733527855,,0.7556554165837418,1
325,1.9520709732321642,,0.7359146129929472,1
326,0.9029696320370851,,0.7161738094021528,1
327,-0.2922910443942016,,0.6964330058113583,1
328,0.007269850148702324,,0.6766922022205638,1
329,0.6569513986297693,0.6569513986297693,0.6569513986297693,0
330,-1.2792690660711838,-1.2792690660711838,-1.2792690660711838,0
331,0.29449218557321466,0.29449218557321466,0.29449218557321466,0
332,0.2529005000056962,0.2529005000056962,0.2529005000056962,0
333,-2.1135791898350464,-2.1135791898350464,-2.1135791898350464,0
334,0.008353084844192095,0.008353084844192095,0.008353084844192095,0
335,-1.6563091357458775,-1.6563091357458775,-1.6563091357458775,0
336,0.20362320144188217,0.20362320144188217,0.20362320144188217,0
337,0.7313429513705791,0.7313429513705791,0.7313429513705791,0
338,0.536953349451732,0.536953349451732,0.536953349451732,0
339,1.1495453252699268,1.1495453252699268,1.1495453252699268,0
340,-1.1516284616002144,-1.1516284616002144,-1.1516284616002144,0
341,-0.5974734873239974,,-1.1079159897737303,1
342,-0.7735394821384572,,-1.064203517947246,1
343,-0.9723106226250992,,-1.020491046120762,1
344,1.3369950952776208,,-0.9767785742942778,1
345,-0.1326663299841515,,-0.9330661024677936,1
346,-1.9711444279591706,,-0.8893536306413095,1
347,0.1750082933112245,,-0.8456411588148254,1
348,0.1682388840162937,,-0.8019286869883412,1
349,1.5545038564272138,,-0.758216215161857,1
350,2.568907186874203,,-0.7145037433353729,1
351,-0.6707912715088887,-0.6707912715088887,-0.6707912715088887,0
352,0.7205531071448226,0.7205531071448226,0.7205531071448226,0
353,-0.8747046443280487,-0.8747046443280487,-0.8747046443280487,0
354,1.013678675667935,1.013678675667935,1.013678675667935,0
355,0.6791788277977189,0.6791788277977189,0.6791788277977189,0
356,-0.02935272328348746,-0.02935272328348746,-0.02935272328348746,0
357,1.359761537894829,1.359761537894829,1.359761537894829,0
358,0.021893534887575353,0.021893534887575353,0.021893534887575353,0
359,0.07155660743730108,0.07155660743730108,0.07155660743730108,0
360,2.161022660672205,2.161022660672205,2.161022660672205,0
361,-1.8098946114733054,-1.8098946114733054,-1.8098946114733054,0
362,-0.6207819474578223,-0.6207819474578223,-0.6207819474578223,0
363,0.9776779783472843,0.9776779783472843,0.9776779783472843,0
364,-0.20543061831803602,-0.20543061831803602,-0.20543061831803602,0
365,0.15796299516894727,0.15796299516894727,0.15796299516894727,0
366,0.024557104945888024,0.024557104945888024,0.024557104945888024,0
367,-0.8445854780601291,-0.8445854780601291,-0.8445854780601291,0
368,-2.509035248426487,-2.509035248426487,-2.509035248426487,0
369,-1.1740541088805003,-1.1740541088805003,-1.1740541088805003,0
370,0.2011509150752628,0.2011509150752628,0.2011509150752628,0
371,0.24654925959483828,0.24654925959483828,0.24654925959483828,0
372,0.03284482025909247,0.03284482025909247,0.03284482025909247,0
373,-2.300512753811829,-2.300512753811829,-2.300512753811829,0
374,1.553383878725284,1.553383878725284,1.553383878725284,0
375,0.6731707471803291,0.6731707471803291,0.6731707471803291,0
376,0.47218606178038997,0.47218606178038997,0.47218606178038997,0
377,-0.5972827350691415,,0.2348567281996133,1
378,-0.9354007603755652,,-0.0024726053811633397,1
379,1.2481464646575031,,-0.23980193896193996,1
380,0.048115579357016165,,-0.47713127254271664,1
381,-1.264151559122871,,-0.7144606061234933,1
382,0.4531531432067616,,-0.95178993970427,1
383,0.38747685662019804,,-1.1891192732850466,1
384,0.29542475113535427,,-1.4264486068658233,1
385,-0.43154060125254085,,-1.6637779404465998,1
386,0.32367137762183457,,-1.9011072740273764,1
387,-2.138436607608153,-2.138436607608153,-2.138436607608153,0
388,-0.0531760231773569,-0.0531760231773569,-0.0531760231773569,0
389,-1.0315808267672653,-1.0315808267672653,-1.0315808267672653,0
390,0.8226744749850398,0.8226744749850398,0.8226744749850398,0
391,-0.7073344735119972,,0.7850131015101237,1
392,-0.3795609986118949,,0.7473517280352076,1
393,0.6051309417499998,,0.7096903545602915,1
394,-0.27717699681046487,,0.6720289810853753,1
395,-2.4665486592967527,,0.6343676076104593,1
396,-0.19034077096592145,,0.5967062341355431,1
397,0.46022866366121784,,0.5590448606606271,1
398,1.7818019122796125,,0.521383487185711,1
399,-1.2656543964953226,,0.4837221137107949,1
400,-0.596460155438545,,0.44606074023587877,1
401,0.4083993667609627,0.4083993667609627,0.4083993667609627,0
402,-0.9156172583598063,-0.9156172583598063,-0.9156172583598063,0
403,-0.09466120014848278,-0.09466120014848278,-0.09466120014848278,0
404,-0.7271596007729819,-0.7271596007729819,-0.7271596007729819,0
405,-0.011460781438360618,-0.011460781438360618,-0.011460781438360618,0
406,-1.5136682787097382,-1.5136682787097382,-1.5136682787097382,0
407,-1.5237147562424547,-1.5237147562424547,-1.5237147562424547,0
408,0.24051223060809063,,-1.3733221088522798,1
409,0.25964926952737677,,-1.222929461462105,1
410,-0.6668563789445493,,-1.07253681407193,1
411,3.2470713471963313,,-0.9221441666817551,1
412,-1.3409138588119225,,-0.7717515192915803,1
413,-0.8396845151236821,,-0.6213588719014054,1
414,0.7720800366207545,,-0.4709662245112305,1
415,1.690325883352167,,-0.3205735771210556,1
416,-0.669595583354009,,-0.17018092973088073,1
417,1.5779731168729658,,-0.019788282340705843,1
418,0.130604365049469,0.130604365049469,0.130604365049469,0
419,1.3668451569309534,1.3668451569309534,1.3668451569309534,0
420,-1.5584156556413582,,1.3383852004836285,1
421,-1.7244652540498808,,1.3099252440363036,1
422,-0.945925451121398,,1.2814652875889787,1
423,0.6515151792680483,,1.2530053311416538,1
424,0.34598100994886344,,1.224545374694329,1
425,0.4557421468633841,,1.196085418247004,1
426,1.2844658077572957,,1.167625461799679,1
427,0.19868744387577195,,1.1391655053523542,1
428,-1.1548764352543384,,1.1107055489050293,1
429,1.0722118759333474,,1.0822455924577044,1
430,1.0537856360103794,1.0537856360103794,1.0537856360103794,0
431,0.548445270753352,0.548445270753352,0.548445270753352,0
432,-1.0018852540252043,-1.0018852540252043,-1.0018852540252043,0
433,1.2982038784880217,1.2982038784880217,1.2982038784880217,0
434,0.22950429898793043,,1.160550633334876,1
435,0.0991663253199415,,1.0228973881817305,1
436,0.4830812515379822,,0.885244143028585,1
437,0.051822758990878556,,0.7475908978754394,1
438,-0.1857141848948146,,0.6099376527222938,1
439,0.21655300018241203,,0.47228440756914836,1
440,0.6204310593710288,,0.33463116241600277,1
441,0.05483149692970558,,0.19697791726285718,1
442,-0.06388618316472645,,0.059324672109711596,1
443,-0.24795507943388811,,-0.07832857304343399,1
444,-0.2159818181965795,-0.2159818181965795,-0.2159818181965795,0
445,-0.630005438066812,-0.630005438066812,-0.630005438066812,0
446,0.9013900093191682,0.9013900093191682,0.9013900093191682,0
447,0.29599364015164237,,0.7464223222194846,1
448,0.39907134909761793,,0.5914546351198009,1
449,-0.8893599436590395,,0.43648694802011734,1
450,0.9185545097812653,,0.28151926092043367,1
451,-0.7106187454734749,,0.12655157382075,1
452,0.6678669896567174,,-0.028416113278933564,1
453,1.0635007336554838,,-0.18338380037861723,1
454,-0.6048031831950741,,-0.3383514874783009,1
455,-0.2476457526515881,,-0.4933191745779846,1
456,0.242436666128812,,-0.6482868616776682,1
457,-0.8032545487773519,-0.8032545487773519,-0.8032545487773519,0
458,-0.1491688782264107,-0.1491688782264107,-0.1491688782264107,0
459,0.7283985024561015,0.7283985024561015,0.7283985024561015,0
460,-1.6486439565901068,-1.6486439565901068,-1.6486439565901068,0
461,-0.9164867860066902,-0.9164867860066902,-0.9164867860066902,0
462,0.08751461586496981,0.08751461586496981,0.08751461586496981,0
463,1.7695782176104404,1.7695782176104404,1.7695782176104404,0
464,-1.5889476601621966,-1.5889476601621966,-1.5889476601621966,0
465,0.4913799373739758,0.4913799373739758,0.4913799373739758,0
466,0.4735298275644651,0.4735298275644651,0.4735298275644651,0
467,0.5546757578105938,,0.37223163639968815,1
468,0.6481297916847611,,0.2709334452349112,1
469,1.764009237857034,,0.16963525407013424,1
470,-0.637083640114553,,0.0683370629053573,1
471,0.41218090528189943,,-0.032961128259419714,1
472,0.8354597624676295,,-0.1342593194241966,1
473,2.220337810411742,,-0.2355575105889735,1
474,-0.614235834583139,,-0.3368557017537505,1
475,-0.5551975843950726,,-0.4381538929185275,1
476,-0.1558730308666915,,-0.5394520840833046,1
477,-0.6407502752480814,-0.6407502752480814,-0.6407502752480814,0
478,-0.40916327025958693,-0.40916327025958693,-0.40916327025958693,0
479,0.2643786204844618,0.2643786204844618,0.2643786204844618,0
480,1.0668567711273258,1.0668567711273258,1.0668567711273258,0
481,-0.7112036966737122,-0.7112036966737122,-0.7112036966737122,0
482,0.860364395961219,0.860364395961219,0.860364395961219,0
483,-0.4191687391630484,-0.4191687391630484,-0.4191687391630484,0
484,3.2671228569926605,3.2671228569926605,3.2671228569926605,0
485,-0.5410683060030568,-0.5410683060030568,-0.5410683060030568,0
486,0.48250234168736794,0.48250234168736794,0.48250234168736794,0
487,-0.3199079214547412,-0.3199079214547412,-0.3199079214547412,0
488,1.7398275148421074,1.7398275148421074,1.7398275148421074,0
489,-0.2625036989961737,-0.2625036989961737,-0.2625036989961737,0
490,0.41578092905453506,0.41578092905453506,0.41578092905453506,0
491,0.14988407456762237,0.14988407456762237,0.14988407456762237,0
492,1.3685777184474581,1.3685777184474581,1.3685777184474581,0
493,-0.25610024979435525,-0.25610024979435525,-0.25610024979435525,0
494,-0.5887601465559518,-0.5887601465559518,-0.5887601465559518,0
495,-0.23365566364458412,,-0.3285987708273877,1
496,-0.05478743548057952,,-0.06843739509882363,1
497,1.1271011833474185,,0.1917239806297404,1
498,-1.0032921226326101,,0.4518853563583045,1
499,1.6499837726468187,,0.7120467320868686,1
500,0.6708040795072401,,0.9722081078154325,1
501,0.3509305576408938,,1.2323694835439967,1
502,-0.4649101773983561,,1.4925308592725608,1
503,0.1773962756868768,,1.7526922350011247,1
504,2.473487612523285,,2.012853610729689,1
505,2.273014986458253,2.273014986458253,2.273014986458253,0
506,3.089127085094197,3.089127085094197,3.089127085094197,0
507,-0.5782453368670891,-0.5782453368670891,-0.5782453368670891,0
508,1.0489554196189819,1.0489554196189819,1.0489554196189819,0
509,-2.156375474539299,-2.156375474539299,-2.156375474539299,0
510,-0.987799942530568,-0.987799942530568,-0.987799942530568,0
511,0.6654663022653642,,-0.9722135323103106,1
512,0.7616485907228097,,-0.9566271220900533,1
513,-1.044864358623346,,-0.9410407118697959,1
514,1.2212305628715605,,-0.9254543016495385,1
515,-0.01848673846160003,,-0.909867891429281,1
516,-0.5273380092910029,,-0.8942814812090237,1
517,-1.3644925724122774,,-0.8786950709887663,1
518,0.018442263971848685,,-0.8631086607685089,1
519,-0.3854413780516892,,-0.8475222505482516,1
520,-0.27379510859848744,,-0.8319358403279942,1
521,-0.8163494301077368,-0.8163494301077368,-0.8163494301077368,0
522,-0.04005789079779133,-0.04005789079779133,-0.04005789079779133,0
523,0.37947175369618363,0.37947175369618363,0.37947175369618363,0
524,-0.9471576845525116,-0.9471576845525116,-0.9471576845525116,0
525,-0.36008689351541034,-0.36008689351541034,-0.36008689351541034,0
526,1.5685389666301244,1.5685389666301244,1.5685389666301244,0
527,-0.13803924569083453,-0.13803924569083453,-0.13803924569083453,0
528,-0.24723789136912194,-0.24723789136912194,-0.24723789136912194,0
529,0.4585155946871805,0.4585155946871805,0.4585155946871805,0
530,2.694837590379512,2.694837590379512,2.694837590379512,0
531,0.2475443185785295,0.2475443185785295,0.2475443185785295,0
532,0.9956269107394011,0.9956269107394011,0.9956269107394011,0
533,0.7035551436328955,0.7035551436328955,0.7035551436328955,0
534,0.3066271180451539,0.3066271180451539,0.3066271180451539,0
535,-2.895416907120832,-2.895416907120832,-2.895416907120832,0
536,1.671364827841539,1.671364827841539,1.671364827841539,0
537,0.8679490397861599,0.8679490397861599,0.8679490397861599,0
538,-0.3186824989648809,-0.3186824989648809,-0.3186824989648809,0
539,-1.4160782909378251,,-0.28198760728300676,1
540,-1.619565248140064,,-0.2452927156011327,1
541,-1.58287159632897,,-0.2085978239192586,1
542,-0.09890264078001053,,-0.1719029322373845,1
543,0.3337307791865377,,-0.13520804055551042,1
544,0.03329183456805255,,-0.09851314887363632,1
545,-0.0018123140599589954,,-0.06181825719176226,1
546,0.7931010781017667,,-0.02512336550988814,1
547,0.9879889272271166,,0.01157152617198598,1
548,-0.4852975222246733,,0.048266417853860044,1
549,0.08496130953573408,0.08496130953573408,0.08496130953573408,0
550,-1.7887607356753634,-1.7887607356753634,-1.7887607356753634,0
551,-1.5500220043332942,,-1.6392804579106173,1
552,-1.5713127164978948,,-1.4898001801458711,1
553,0.029492697303438994,,-1.340319902381125,1
554,1.4791596732541497,,-1.1908396246163788,1
555,0.6057485599563878,,-1.0413593468516327,1
556,-0.2553804468203434,,-0.8918790690868865,1
557,1.3415520349629702,,-0.7423987913221404,1
558,-0.4941009284949356,,-0.5929185135573942,1
559,-1.7911956378310607,,-0.44343823579264807,1
560,1.3220336445334901,,-0.2939579580279019,1
561,-0.14447768026315577,-0.14447768026315577,-0.14447768026315577,0
562,0.11192734286284582,0.11192734286284582,0.11192734286284582,0
563,1.7175350778265563,1.7175350778265563,1.7175350778265563,0
564,0.32836809103520037,0.32836809103520037,0.32836809103520037,0
565,0.8323607474247,0.8323607474247,0.8323607474247,0
566,0.3548609418247303,0.3548609418247303,0.3548609418247303,0
567,0.062366096849664744,,0.19635942553106683,1
568,0.33665202310163683,,0.03785790923740334,1
569,-1.1155186909595338,,-0.12064360705626015,1
570,1.1977941099031004,,-0.27914512334992364,1
571,-0.9003359679327512,,-0.43764663964358713,1
572,-0.19533644084480242,,-0.5961481559372506,1
573,-3.3008851550271237,,-0.754649672230914,1
574,1.804886250246254,,-0.9131511885245776,1
575,-0.9920052352029308,,-1.0716527048182412,1
576,0.1751566381908034,,-1.2301542211119045,1
577,-1.388655737405568,-1.388655737405568,-1.388655737405568,0
578,0.42856251614898594,0.42856251614898594,0.42856251614898594,0
579,1.6180429806456473,1.6180429806456473,1.6180429806456473,0
580,2.2066800187966424,2.2066800187966424,2.2066800187966424,0
581,0.5918517741501403,0.5918517741501403,0.5918517741501403,0
582,-0.42725201978229854,-0.42725201978229854,-0.42725201978229854,0
583,2.691131432503581,2.691131432503581,2.691131432503581,0
584,0.5548547424704257,0.5548547424704257,0.5548547424704257,0
585,0.09814006059529166,0.09814006059529166,0.09814006059529166,0
586,-0.17689325509987622,-0.17689325509987622,-0.17689325509987622,0
587,-1.106142057591701,-1.106142057591701,-1.106142057591701,0
588,2.108627471397563,,-1.12757343682521,1
589,1.972038640314344,,-1.149004816058719,1
590,0.45813216514265054,,-1.1704361952922278,1
591,1.335468504141072,,-1.1918675745257368,1
592,1.7057032599422421,,-1.2132989537592458,1
593,-1.3971192018207441,,-1.2347303329927548,1
594,0.7887618794150019,,-1.2561617122262638,1
595,1.5872283225498738,,-1.2775930914597726,1
596,-0.2455081910053946,,-1.2990244706932816,1
597,-0.647679901810781,,-1.3204558499267907,1
598,-1.3418872291602997,-1.3418872291602997,-1.3418872291602997,0
599,1.7454240626000026,1.7454240626000026,1.7454240626000026,0
600,-0.2418061603795359,-0.2418061603795359,-0.2418061603795359,0
601,-0.9297464948309735,-0.9297464948309735,-0.9297464948309735,0
602,-0.4211593246812834,-0.4211593246812834,-0.4211593246812834,0
603,0.40918969440830294,0.40918969440830294,0.40918969440830294,0
604,-0.10793540126664382,-0.10793540126664382,-0.10793540126664382,0
605,1.7562101817915514,1.7562101817915514,1.7562101817915514,0
606,-0.27583686390119166,-0.27583686390119166,-0.27583686390119166,0
607,-0.9822482488397084,-0.9822482488397084,-0.9822482488397084,0
608,-0.12795717234429543,-0.12795717234429543,-0.12795717234429543,0
609,-1.1128089214498527,-1.1128089214498527,-1.1128089214498527,0
610,1.0937942284769453,1.0937942284769453,1.0937942284769453,0
611,-0.5315370748736156,-0.5315370748736156,-0.5315370748736156,0
612,1.357648918286707,1.357648918286707,1.357648918286707,0
613,0.9329244902873867,,1.1286565579988972,1
614,0.8010893658444151,,0.8996641977110875,1
615,0.15209019992152484,,0.6706718374232777,1
616,0.5764992668577875,,0.44167947713546796,1
617,0.5518251747695357,,0.2126871168476583,1
618,-1.5844910435746549,,-0.016305243440151607,1
619,1.7414043835549082,,-0.2452976037279615,1
620,0.0676537380335911,,-0.47428996401577117,1
621,0.6250310305447686,,-0.7032823243035808,1
622,1.0861440077015487,,-0.9322746845913905,1
623,-1.1612670448792008,-1.1612670448792008,-1.1612670448792008,0
624,0.2500754464706788,0.2500754464706788,0.2500754464706788,0
625,0.6497552841032994,0.6497552841032994,0.6497552841032994,0
626,1.0182423372920262,,0.693428106670442,1
627,1.0575152839754283,,0.7371009292375844,1
628,2.5172787014331806,,0.780773751804727,1
629,0.4339084304437787,,0.8244465743718694,1
630,0.5534323702853914,,0.868119396939012,1
631,-0.9048283924841615,,0.9117922195061545,1
632,0.3671578594406443,,0.9554650420732971,1
633,-1.4380077805614488,,0.9991378646404395,1
634,-0.29494200812048244,,1.042810687207582,1
635,0.3515834906091453,,1.0864835097747245,1
636,1.130156332341867,1.130156332341867,1.130156332341867,0
637,-0.9676040876852711,,1.1498377354968587,1
638,-0.7356499507508891,,1.1695191386518504,1
639,-1.2759248434645252,,1.189200541806842,1
640,-0.10405539259590038,,1.2088819449618338,1
641,0.6519367990514148,,1.2285633481168254,1
642,-0.9332392605778075,,1.248244751271817,1
643,-1.1515081186730245,,1.2679261544268088,1
644,1.6350528362316656,,1.2876075575818005,1
645,-0.44231271198796435,,1.3072889607367921,1
646,0.4013344233987435,,1.3269703638917838,1
647,1.3466517670467755,1.3466517670467755,1.3466517670467755,0
648,-0.7910926835385552,-0.7910926835385552,-0.7910926835385552,0
649,0.170722247012874,0.170722247012874,0.170722247012874,0
650,-0.7891673875785967,-0.7891673875785967,-0.7891673875785967,0
651,-0.09462570684039241,-0.09462570684039241,-0.09462570684039241,0
652,0.9442431809740505,0.9442431809740505,0.9442431809740505,0
653,-0.45940977481251,-0.45940977481251,-0.45940977481251,0
654,0.44661156485681763,0.44661156485681763,0.44661156485681763,0
655,-0.6180005679191012,-0.6180005679191012,-0.6180005679191012,0
656,0.0161399518334153,0.0161399518334153,0.0161399518334153,0
657,-1.1383324274142794,-1.1383324274142794,-1.1383324274142794,0
658,0.782754269891411,,-0.9502948861724054,1
659,0.5960979079578603,,-0.7622573449305314,1
660,1.2409726288760552,,-0.5742198036886575,1
661,-0.6065791948381715,,-0.38618226244678355,1
662,1.6034575270771438,,-0.19814472120490956,1
663,0.7173773624938794,,-0.010107179963035673,1
664,1.6586351304616103,,0.17793036127883832,1
665,-0.9733416132566033,,0.3659679025207123,1
666,0.10122408130904684,,0.5540054437625863,1
667,-1.122857974794732,,0.7420429850044603,1
668,0.930080526246334,0.930080526246334,0.930080526246334,0
669,1.833645810563137,1.833645810563137,1.833645810563137,0
670,0.8311974950009754,0.8311974950009754,0.8311974950009754,0
671,0.19994683162935406,0.19994683162935406,0.19994683162935406,0
672,-0.19987038636069057,-0.19987038636069057,-0.19987038636069057,0
673,0.18544572007283094,0.18544572007283094,0.18544572007283094,0
674,0.6003506599308739,0.6003506599308739,0.6003506599308739,0
675,-0.7559867423364514,-0.7559867423364514,-0.7559867423364514,0
676,0.6684405623734836,0.6684405623734836,0.6684405623734836,0
677,-0.14240598846043673,-0.14240598846043673,-0.14240598846043673,0
678,-2.1045977735361703,-2.1045977735361703,-2.1045977735361703,0
679,0.08020300720179664,0.08020300720179664,0.08020300720179664,0
680,0.762518989889737,0.762518989889737,0.762518989889737,0
681,0.7063668455309416,0.7063668455309416,0.7063668455309416,0
682,0.37427636418724985,0.37427636418724985,0.37427636418724985,0
683,-0.6284842280208287,-0.6284842280208287,-0.6284842280208287,0
684,-0.9542388088519198,-0.9542388088519198,-0.9542388088519198,0
685,-0.30737650344823086,-0.30737650344823086,-0.30737650344823086,0
686,-0.29573324072178564,-0.29573324072178564,-0.29573324072178564,0
687,1.0580589090797514,1.0580589090797514,1.0580589090797514,0
688,1.6957698536299375,1.6957698536299375,1.6957698536299375,0
689,0.5541759865889377,0.5541759865889377,0.5541759865889377,0
690,1.5383455069264442,1.5383455069264442,1.5383455069264442,0
691,-1.3131843542064339,-1.3131843542064339,-1.3131843542064339,0
692,-0.8529833158266712,-0.8529833158266712,-0.8529833158266712,0
693,0.3726475270291506,0.3726475270291506,0.3726475270291506,0
694,-0.6055680710592407,-0.6055680710592407,-0.6055680710592407,0
695,1.0086763501107823,1.0086763501107823,1.0086763501107823,0
696,-0.913811867634294,,0.8610496181001229,1
697,-0.7732613344960594,,0.7134228860894636,1
698,0.33364307641136487,,0.5657961540788043,1
699,-1.3943955895859805,,0.418169422068145,1
700,-0.7543705487082053,,0.27054269005748566,1
701,1.0024767646938872,,0.12291595804682642,1
702,0.16033448710711212,,-0.024710773963833033,1
703,0.8327081648314852,,-0.17233750597449227,1
704,-0.7718705127364519,,-0.3199642379851515,1
705,0.5862287698900996,,-0.46759096999581096,1
706,-0.6152177020064702,-0.6152177020064702,-0.6152177020064702,0
707,1.4973425479848954,1.4973425479848954,1.4973425479848954,0
708,1.017459034359359,1.017459034359359,1.017459034359359,0
709,-0.07959120484742772,-0.07959120484742772,-0.07959120484742772,0
710,-0.021105850091602707,-0.021105850091602707,-0.021105850091602707,0
711,-0.8703234543742041,-0.8703234543742041,-0.8703234543742041,0
712,-1.0014995845373669,-1.0014995845373669,-1.0014995845373669,0
713,-0.8557327704440879,-0.8557327704440879,-0.8557327704440879,0
714,-1.3482447680501122,-1.3482447680501122,-1.3482447680501122,0
715,-0.8471663451892543,-0.8471663451892543,-0.8471663451892543,0
716,-0.720439386753973,-0.720439386753973,-0.720439386753973,0
717,-0.43712553168095125,-0.43712553168095125,-0.43712553168095125,0
718,0.16198374526610065,0.16198374526610065,0.16198374526610065,0
719,1.477151430846727,1.477151430846727,1.477151430846727,0
720,0.5753818828760908,0.5753818828760908,0.5753818828760908,0
721,-1.1635613645754808,,0.471069318497348,1
722,-1.0558498190125127,,0.3667567541186052,1
723,-1.3535125269825012,,0.2624441897398624,1
724,-0.09112009766263228,,0.15813162536111958,1
725,0.9063572394651707,,0.053819060982376765,1
726,-0.22924270599304575,,-0.050493503396366046,1
727,-1.451022749300107,,-0.15480606777510886,1
728,-0.15149222341053495,,-0.25911863215385167,1
729,0.06844910593071096,,-0.3634311965325945,1
730,-1.3970024951309294,,-0.4677437609113373,1
731,-0.5720563252900801,-0.5720563252900801,-0.5720563252900801,0
732,0.8731668042720673,0.8731668042720673,0.8731668042720673,0
733,0.7543303882879604,0.7543303882879604,0.7543303882879604,0
734,-0.1714851255596894,,0.7172394853089495,1
735,-0.24365624354469662,,0.6801485823299387,1
736,1.4776211877769285,,0.6430576793509278,1
737,0.03854797118332211,,0.605966776371917,1
738,-0.7136669697115439,,0.5688758733929061,1
739,0.29652001501147546,,0.5317849704138953,1
740,0.18857396073635818,,0.4946940674348844,1
741,0.7392541560400094,,0.45760316445587357,1
742,-0.026326289801899962,,0.4205122614768627,1
743,-1.057804816609608,,0.38342135849785186,1
744,0.346330455518841,0.346330455518841,0.346330455518841,0
745,1.1819832080120798,1.1819832080120798,1.1819832080120798,0
746,-0.36815993556020893,-0.36815993556020893,-0.36815993556020893,0
747,-1.1222318798019593,-1.1222318798019593,-1.1222318798019593,0
748,-0.45435936276865957,-0.45435936276865957,-0.45435936276865957,0
749,0.6869197125160755,,-0.4607461700422749,1
750,0.923815998692865,,-0.46713297731589026,1
751,-0.9279766369992885,,-0.47351978458950567,1
752,0.049759431034057736,,-0.479906591863121,1
753,-1.2515892610821946,,-0.48629339913673636,1
754,-2.6745978752787827,,-0.4926802064103517,1
755,-0.1628963579847239,,-0.49906701368396705,1
756,-0.17183422175439886,,-0.5054538209575824,1
757,0.4503671134496139,,-0.5118406282311978,1
758,0.8726952345901495,,-0.5182274355048131,1
759,-0.5246142427784285,-0.5246142427784285,-0.5246142427784285,0
760,2.077752398559883,2.077752398559883,2.077752398559883,0
761,-0.9480353391223403,-0.9480353391223403,-0.9480353391223403,0
762,-0.30399239693908303,-0.30399239693908303,-0.30399239693908303,0
763,-0.42664817433407665,-0.42664817433407665,-0.42664817433407665,0
764,-1.046392331933179,,-0.3515807015315964,1
765,-1.0050768392224467,,-0.2765132287291161,1
766,-1.1760765902267236,,-0.20144575592663583,1
767,0.4651406947406453,,-0.12637828312415555,1
768,-0.39101436940004186,,-0.05131081032167528,1
769,0.9447059111626902,,0.02375666248080499,1
770,0.46242888887666617,,0.09882413528328526,1
771,1.7281146942665926,,0.17389160808576554,1
772,0.8315745097271775,,0.2489590808882458,1
773,-1.0491265110153445,,0.3240265536907261,1
774,0.39909402649320636,0.39909402649320636,0.39909402649320636,0
775,-0.8714276114848297,-0.8714276114848297,-0.8714276114848297,0
776,0.5261868064204815,0.5261868064204815,0.5261868064204815,0
777,0.4167863444945238,0.4167863444945238,0.4167863444945238,0
778,0.05911439183122424,0.05911439183122424,0.05911439183122424,0
779,-0.01852924202916526,-0.01852924202916526,-0.01852924202916526,0
780,-0.5160400674294001,-0.5160400674294001,-0.5160400674294001,0
781,0.6438945545841033,0.6438945545841033,0.6438945545841033,0
782,-1.9712170603801553,-1.9712170603801553,-1.9712170603801553,0
783,-0.3842979005917994,,-1.8926229611812233,1
784,-0.04703756934727993,,-1.8140288619822913,1
785,-0.4144522531331029,,-1.7354347627833593,1
786,-0.2499283810776658,,-1.656840663584427,1
787,-0.684771670683013,,-1.578246564385495,1
788,0.928804553444327,,-1.499652465186563,1
789,0.7256295873799052,,-1.4210583659876308,1
790,2.5164224385494314,,-1.3424642667886988,1
791,-1.0370578378067785,,-1.2638701675897668,1
792,-0.11473406490669975,,-1.1852760683908348,1
793,-1.1066819691919028,-1.1066819691919028,-1.1066819691919028,0
794,-0.8927906435147067,-0.8927906435147067,-0.8927906435147067,0
795,1.6597947963447857,1.6597947963447857,1.6597947963447857,0
796,-0.2891738090209574,-0.2891738090209574,-0.2891738090209574,0
797,0.7569338330450965,0.7569338330450965,0.7569338330450965,0
798,-0.6045785596714657,-0.6045785596714657,-0.6045785596714657,0
799,-1.5907827175986133,-1.5907827175986133,-1.5907827175986133,0
800,0.7013011457262165,0.7013011457262165,0.7013011457262165,0
801,-1.061834860199266,-1.061834860199266,-1.061834860199266,0
802,0.9765007442275995,0.9765007442275995,0.9765007442275995,0
803,0.5156738004030633,0.5156738004030633,0.5156738004030633,0
804,-1.1656904441221223,-1.1656904441221223,-1.1656904441221223,0
805,-0.13755807769314887,-0.13755807769314887,-0.13755807769314887,0
806,-0.5671160982852965,-0.5671160982852965,-0.5671160982852965,0
807,0.557365873259885,0.557365873259885,0.557365873259885,0
808,0.09613294187321818,0.09613294187321818,0.09613294187321818,0
809,-0.8555484073417126,-0.8555484073417126,-0.8555484073417126,0
810,0.22501722092388965,0.22501722092388965,0.22501722092388965,0
811,0.8957445196543796,0.8957445196543796,0.8957445196543796,0
812,0.3682730462989268,0.3682730462989268,0.3682730462989268,0
813,-0.17157691511488085,-0.17157691511488085,-0.17157691511488085,0
814,0.47962025317806833,0.47962025317806833,0.47962025317806833,0
815,0.808820969384313,0.808820969384313,0.808820969384313,0
816,-3.1220911466880974,-3.1220911466880974,-3.1220911466880974,0
817,-0.07481977369157719,-0.07481977369157719,-0.07481977369157719,0
818,-0.9791534509541222,-0.9791534509541222,-0.9791534509541222,0
819,0.6692025267190754,0.6692025267190754,0.6692025267190754,0
820,-1.0514349371368128,-1.0514349371368128,-1.0514349371368128,0
821,-0.481627857794044,-0.481627857794044,-0.481627857794044,0
822,0.6134600176862938,0.6134600176862938,0.6134600176862938,0
823,0.16909183605926215,0.16909183605926215,0.16909183605926215,0
824,0.7692808611356732,0.7692808611356732,0.7692808611356732,0
825,0.22127530445481844,,0.7707411275187294,1
826,0.25255574549055165,,0.7722013939017855,1
827,0.06940199978957222,,0.7736616602848416,1
828,1.4432780796739384,,0.7751219266678978,1
829,-0.6260274355860366,,0.776582193050954,1
830,0.09569016622019887,,0.7780424594340102,1
831,-0.11679261976704362,,0.7795027258170664,1
832,-0.4418091952172861,,0.7809629922001226,1
833,0.5493397276836568,,0.7824232585831786,1
834,0.3496885174218094,,0.7838835249662348,1
835,0.785343791349291,0.785343791349291,0.785343791349291,0
836,-0.6007318851667516,-0.6007318851667516,-0.6007318851667516,0
837,0.4437897994046552,0.4437897994046552,0.4437897994046552,0
838,1.7560362559319755,1.7560362559319755,1.7560362559319755,0
839,-0.031144146343584166,-0.031144146343584166,-0.031144146343584166,0
840,0.9197043547238766,,-0.07083450715207074,1
841,0.7337947154378113,,-0.1105248679605573,1
842,-0.7943630985662394,,-0.15021522876904386,1
843,2.0973739854419975,,-0.18990558957753043,1
844,-0.5077957849701716,,-0.229595950386017,1
845,0.7143406130261802,,-0.2692863111945035,1
846,1.6761301096988506,,-0.3089766720029901,1
847,-0.7198783676217169,,-0.34866703281147665,1
848,2.0240210069607647,,-0.3883573936199632,1
849,-1.0537310488518428,,-0.4280477544284498,1
850,-0.46773811523693637,-0.46773811523693637,-0.46773811523693637,0
851,0.26588842828583137,0.26588842828583137,0.26588842828583137,0
852,-0.3330830990517721,-0.3330830990517721,-0.3330830990517721,0
853,0.2502012506133673,0.2502012506133673,0.2502012506133673,0
854,-0.2548923145169196,-0.2548923145169196,-0.2548923145169196,0
855,-1.5877933190497049,-1.5877933190497049,-1.5877933190497049,0
856,1.7415628934818879,,-1.4480422197440665,1
857,1.4037932160940334,,-1.3082911204384282,1
858,0.43899947805914774,,-1.1685400211327899,1
859,0.8058240244636687,,-1.0287889218271515,1
860,0.3734645606259328,,-0.8890378225215131,1
861,-0.66909178305695,,-0.7492867232158746,1
862,-0.2468493222159971,,-0.6095356239102363,1
863,0.017006708650243365,,-0.46978452460459796,1
864,0.786995734520792,,-0.3300334252989596,1
865,-1.90318740985975,,-0.1902823259933213,1
866,-0.05053122668768268,-0.05053122668768268,-0.05053122668768268,0
867,1.170959630663544,1.170959630663544,1.170959630663544,0
868,1.8462278439109712,1.8462278439109712,1.8462278439109712,0
869,0.3424352787464941,0.3424352787464941,0.3424352787464941,0
870,-2.240354053462524,-2.240354053462524,-2.240354053462524,0
871,-2.782697762205218,-2.782697762205218,-2.782697762205218,0
872,1.1422692597449657,1.1422692597449657,1.1422692597449657,0
873,-1.1373514365643946,-1.1373514365643946,-1.1373514365643946,0
874,0.8725588687640932,0.8725588687640932,0.8725588687640932,0
875,0.9781531603959439,0.9781531603959439,0.9781531603959439,0
876,-0.0009575903998967698,-0.0009575903998967698,-0.0009575903998967698,0
877,-1.0442668004903566,-1.0442668004903566,-1.0442668004903566,0
878,-0.07566469487535878,,-0.9206041329817811,1
879,0.11385555751643987,,-0.7969414654732058,1
880,-0.45574664972447415,,-0.6732787979646304,1
881,-1.462304849928644,,-0.549616130456055,1
882,-0.7715596411260746,,-0.4259534629474795,1
883,0.7368979418227166,,-0.30229079543890414,1
884,0.06012590814310222,,-0.17862812793032878,1
885,0.7207974684272623,,-0.05496546042175332,1
886,-0.7329727373998275,,0.06869720708682214,1
887,-0.508263534299838,,0.1923598745953976,1
888,0.3160225421039729,0.3160225421039729,0.3160225421039729,0
889,-0.06699012076135573,-0.06699012076135573,-0.06699012076135573,0
890,1.7998107296942119,1.7998107296942119,1.7998107296942119,0
891,1.0802498526045277,1.0802498526045277,1.0802498526045277,0
892,-0.49100719204415944,-0.49100719204415944,-0.49100719204415944,0
893,0.9474172157763641,0.9474172157763641,0.9474172157763641,0
894,2.7265643590151667,2.7265643590151667,2.7265643590151667,0
895,0.419134359987858,0.419134359987858,0.419134359987858,0
896,-0.31849285164776836,-0.31849285164776836,-0.31849285164776836,0
897,1.823264638435755,1.823264638435755,1.823264638435755,0
898,0.4135272396565556,0.4135272396565556,0.4135272396565556,0
899,-0.058875440778857265,-0.058875440778857265,-0.058875440778857265,0
900,0.5648107291481711,0.5648107291481711,0.5648107291481711,0
901,-0.6017704427511312,-0.6017704427511312,-0.6017704427511312,0
902,0.1593299336757077,0.1593299336757077,0.1593299336757077,0
903,0.4590999851070101,0.4590999851070101,0.4590999851070101,0
904,-0.13379001575261396,-0.13379001575261396,-0.13379001575261396,0
905,-0.18616879725590116,-0.18616879725590116,-0.18616879725590116,0
906,1.4096878869327454,1.4096878869327454,1.4096878869327454,0
907,0.17892909788459496,,1.2839321521621412,1
908,-0.015579048234674943,,1.1581764173915372,1
909,1.8186630155508194,,1.032420682620933,1
910,0.42276086205223434,,0.9066649478503289,1
911,0.013131451087827649,,0.7809092130797248,1
912,-1.9886191923356402,,0.6551534783091206,1
913,-0.5284877411044159,,0.5293977435385165,1
914,0.7779330508563509,,0.40364200876791245,1
915,0.6430315407851146,,0.27788627399730825,1
916,-0.061446280055355545,,0.15213053922670428,1
917,0.02637480445609999,0.02637480445609999,0.02637480445609999,0
918,0.36582041322991565,0.36582041322991565,0.36582041322991565,0
919,-1.5270652683636703,-1.5270652683636703,-1.5270652683636703,0
920,0.9933879276273337,0.9933879276273337,0.9933879276273337,0
921,0.17591865255211875,0.17591865255211875,0.17591865255211875,0
922,-0.9251346576264411,-0.9251346576264411,-0.9251346576264411,0
923,-0.0562290680873363,-0.0562290680873363,-0.0562290680873363,0
924,-0.9703112984323555,-0.9703112984323555,-0.9703112984323555,0
925,0.61876451120675,0.61876451120675,0.61876451120675,0
926,0.2865570502709337,0.2865570502709337,0.2865570502709337,0
927,0.6799545236302182,0.6799545236302182,0.6799545236302182,0
928,0.22301047212472067,0.22301047212472067,0.22301047212472067,0
929,-1.4574145144554602,-1.4574145144554602,-1.4574145144554602,0
930,-1.4547314357504182,-1.4547314357504182,-1.4547314357504182,0
931,0.8068320995723012,0.8068320995723012,0.8068320995723012,0
932,-0.14689058310308037,-0.14689058310308037,-0.14689058310308037,0
933,-0.4936263096480164,-0.4936263096480164,-0.4936263096480164,0
934,-1.6051540505892625,-1.6051540505892625,-1.6051540505892625,0
935,0.5352847989229067,0.5352847989229067,0.5352847989229067,0
936,0.54827556507774,0.54827556507774,0.54827556507774,0
937,-1.2328645030573213,,0.4630650537995131,1
938,-1.1402900161120018,,0.37785454252128625,1
939,1.0601478155284045,,0.2926440312430593,1
940,-1.8445897426479096,,0.20743351996483245,1
941,-1.716495010322846,,0.12222300868660557,1
942,0.3526909365443855,,0.03701249740837864,1
943,-0.2645575785474874,,-0.04819801386984823,1
944,0.7262709898790567,,-0.1334085251480751,1
945,0.5474759796506086,,-0.21861903642630198,1
946,-1.4249732978291347,,-0.30382954770452886,1
947,-0.38904005898275584,-0.38904005898275584,-0.38904005898275584,0
948,0.1369820308691317,0.1369820308691317,0.1369820308691317,0
949,-0.6447709238000037,-0.6447709238000037,-0.6447709238000037,0
950,0.3334978057853925,0.3334978057853925,0.3334978057853925,0
951,0.4593998062901459,0.4593998062901459,0.4593998062901459,0
952,0.04310461805233908,0.04310461805233908,0.04310461805233908,0
953,-0.6022190795559377,-0.6022190795559377,-0.6022190795559377,0
954,-0.6361883394586817,-0.6361883394586817,-0.6361883394586817,0
955,1.2867717208330116,1.2867717208330116,1.2867717208330116,0
956,0.7723793799466949,0.7723793799466949,0.7723793799466949,0
957,2.1441769371352466,2.1441769371352466,2.1441769371352466,0
958,0.2484505518410445,,1.8424296781328189,1
959,0.07613648710494678,,1.5406824191303912,1
960,1.3343140851902746,,1.2389351601279637,1
961,1.7300274716670505,,0.937187901125536,1
962,-0.3337990617465408,,0.6354406421231082,1
963,-0.8242444528097085,,0.33369338312068075,1
964,0.2389725550152399,,0.03194612411825304,1
965,-0.2815816293445036,,-0.2698011348841747,1
966,1.012463671897284,,-0.5715483938866024,1
967,0.7261991345030775,,-0.8732956528890301,1
968,-1.1750429118914574,-1.1750429118914574,-1.1750429118914574,0
969,2.134263812703,2.134263812703,2.134263812703,0
970,0.2610096002607939,0.2610096002607939,0.2610096002607939,0
971,-0.550302428442121,-0.550302428442121,-0.550302428442121,0
972,0.6047041667846217,0.6047041667846217,0.6047041667846217,0
973,-0.5289474560268427,-0.5289474560268427,-0.5289474560268427,0
974,-0.7081209955399125,-0.7081209955399125,-0.7081209955399125,0
975,1.1763324222313327,1.1763324222313327,1.1763324222313327,0
976,0.18194478095750302,0.18194478095750302,0.18194478095750302,0
977,0.8662281764855332,0.8662281764855332,0.8662281764855332,0
978,-0.15803371172159827,-0.15803371172159827,-0.15803371172159827,0
979,0.9227106477762137,0.9227106477762137,0.9227106477762137,0
980,1.516265719305936,1.516265719305936,1.516265719305936,0
981,-1.8441669419345268,-1.8441669419345268,-1.8441669419345268,0
982,-0.41870840326347425,-0.41870840326347425,-0.41870840326347425,0
983,-0.13810668170843435,-0.13810668170843435,-0.13810668170843435,0
984,0.9597888455530241,0.9597888455530241,0.9597888455530241,0
985,0.5644568268686885,0.5644568268686885,0.5644568268686885,0
986,-0.41446144587646744,-0.41446144587646744,-0.41446144587646744,0
987,0.47951181187450753,0.47951181187450753,0.47951181187450753,0
988,-1.0424520536214426,-1.0424520536214426,-1.0424520536214426,0
989,-1.4607110773936802,-1.4607110773936802,-1.4607110773936802,0
990,-0.3730587981629824,-0.3730587981629824,-0.3730587981629824,0
991,-0.9050022134821709,-0.9050022134821709,-0.9050022134821709,0
992,0.5450991887818625,0.5450991887818625,0.5450991887818625,0
993,-0.45355109439468255,,0.27655786817549266,1
994,-0.705695090493334,,0.008016547569122845,1
995,0.2660358646087169,,-0.26052477303724697,1
996,-0.8056353364227637,,-0.5290660936436168,1
997,0.46079824468361574,,-0.7976074142499866,1
998,0.14682455478330766,,-1.0661487348563563,1
999,1.053386229223528,,-1.3346900554627261,1
1000,-0.526597795020179,,-1.603231376069096,1
1001,1.0590368335802103,,-1.8717726966754658,1
1002,0.5115317763427707,,-2.1403140172818356,1
1003,-2.4088553378882054,-2.4088553378882054,-2.4088553378882054,0
1004,0.6437986038537208,0.6437986038537208,0.6437986038537208,0
1005,0.13062170086323138,0.13062170086323138,0.13062170086323138,0
1006,-0.7628065365933885,-0.7628065365933885,-0.7628065365933885,0
1007,1.5991473154099274,1.5991473154099274,1.5991473154099274,0
1008,1.0193245261402046,1.0193245261402046,1.0193245261402046,0
1009,-0.30420388898986306,-0.30420388898986306,-0.30420388898986306,0
1010,0.5436752472484888,0.5436752472484888,0.5436752472484888,0
1011,-1.4661910826060662,-1.4661910826060662,-1.4661910826060662,0
1012,0.693371336754487,0.693371336754487,0.693371336754487,0
1013,-0.1601123612561651,-0.1601123612561651,-0.1601123612561651,0
1014,0.874459830777864,0.874459830777864,0.874459830777864,0
1015,-0.035561980716313446,-0.035561980716313446,-0.035561980716313446,0
1016,-1.1987998185282391,-1.1987998185282391,-1.1987998185282391,0
1017,0.7165508059426157,0.7165508059426157,0.7165508059426157,0
1018,2.177937923530037,2.177937923530037,2.177937923530037,0
1019,-1.9889616031423734,-1.9889616031423734,-1.9889616031423734,0
1020,0.379784177746823,0.379784177746823,0.379784177746823,0
1021,-1.27064520862174,,0.3471929058690387,1
1022,-1.3229139818731501,,0.31460163399125446,1
1023,0.18974273565656052,,0.2820103621134702,1
1024,0.42621779421426714,,0.24941909023568595,1
1025,-1.5744005176859532,,0.21682781835790169,1
1026,0.6362318105460035,,0.18423654648011745,1
1027,1.7748697534522524,,0.15164527460233318,1
1028,-0.3598487870137214,,0.11905400272454891,1
1029,-0.8036971920139248,,0.08646273084676465,1
1030,-0.26678195931447024,,0.05387145896898038,1
1031,1.0919065029870934,,0.021280187091196112,1
1032,0.8765857362197074,,-0.0113110847865881,1
1033,-0.5927602818018631,,-0.043902356664372366,1
1034,1.3017484844129703,,-0.07649362854215663,1
1035,0.13344488049297046,,-0.1090849004199409,1
1036,-0.47775995322442155,,-0.14167617229772517,1
1037,-0.8450209541651248,,-0.17426744417550938,1
1038,2.8600457743856724,,-0.2068587160532937,1
1039,0.2694629851610781,,-0.2394499879310779,1
1040,-0.890895965238675,,-0.27204125980886223,1
1041,-0.30463253168664645,-0.30463253168664645,-0.30463253168664645,0
1042,0.8197743427610021,0.8197743427610021,0.8197743427610021,0
1043,0.15565283429368404,0.15565283429368404,0.15565283429368404,0
1044,-1.6388018000342233,-1.6388018000342233,-1.6388018000342233,0
1045,-1.1811576802802959,-1.1811576802802959,-1.1811576802802959,0
1046,-0.21539346251863367,-0.21539346251863367,-0.21539346251863367,0
1047,0.8184665273212475,0.8184665273212475,0.8184665273212475,0
1048,-1.3013253066073347,,0.6695778882708512,1
1049,-1.556264736657939,,0.5206892492204549,1
1050,1.3871084196246992,,0.3718006101700585,1
1051,-2.031255017148344,,0.2229119711196622,1
1052,1.0713616357172056,,0.07402333206926592,1
1053,-1.765422039311045,,-0.07486530698113047,1
1054,0.26634231831895905,,-0.22375394603152676,1
1055,-0.09229113593072884,,-0.37264258508192305,1
1056,1.1896099925163188,,-0.5215312241323193,1
1057,0.26279418390786885,,-0.6704198631827156,1
1058,-0.8193085022331121,-0.8193085022331121,-0.8193085022331121,0
1059,0.10985480673497641,0.10985480673497641,0.10985480673497641,0
1060,0.6297840526562803,0.6297840526562803,0.6297840526562803,0
1061,0.4731078034309149,0.4731078034309149,0.4731078034309149,0
1062,0.05540728098317413,0.05540728098317413,0.05540728098317413,0
1063,-1.4612787532673857,-1.4612787532673857,-1.4612787532673857,0
1064,0.40124499848146167,0.40124499848146167,0.40124499848146167,0
1065,1.3623047346604824,1.3623047346604824,1.3623047346604824,0
1066,1.0525620776218765,1.0525620776218765,1.0525620776218765,0
1067,2.0215022662010114,2.0215022662010114,2.0215022662010114,0
1068,-0.25626043494328415,-0.25626043494328415,-0.25626043494328415,0
1069,0.18537675990072142,0.18537675990072142,0.18537675990072142,0
1070,0.41098531304137614,0.41098531304137614,0.41098531304137614,0
1071,0.5108787172289883,0.5108787172289883,0.5108787172289883,0
1072,-0.4245519009458628,-0.4245519009458628,-0.4245519009458628,0
1073,-0.2765988095247223,-0.2765988095247223,-0.2765988095247223,0
1074,-1.1763909262827523,-1.1763909262827523,-1.1763909262827523,0
1075,0.8636867199913136,0.8636867199913136,0.8636867199913136,0
1076,-0.5446473755667215,-0.5446473755667215,-0.5446473755667215,0
1077,0.517926043376579,,-0.5732151896268198,1
1078,0.7624218006286497,,-0.6017830036869181,1
1079,-0.45829904658038934,,-0.6303508177470164,1
1080,0.26933946459331937,,-0.6589186318071147,1
1081,1.7332441104907956,,-0.687486445867213,1
1082,-0.3133499877132366,,-0.7160542599273113,1
1083,1.6004820694945912,,-0.7446220739874096,1
1084,0.9498083866115807,,-0.7731898880475079,1
1085,0.2330725558063838,,-0.8017577021076061,1
1086,0.40273788374830216,,-0.8303255161677044,1
1087,-0.8588933302278028,-0.8588933302278028,-0.8588933302278028,0
1088,0.919028708340336,0.919028708340336,0.919028708340336,0
1089,-1.059810018649712,-1.059810018649712,-1.059810018649712,0
1090,0.16252094570642897,0.16252094570642897,0.16252094570642897,0
1091,-1.2974642350982815,-1.2974642350982815,-1.2974642350982815,0
1092,-0.3277387297186788,-0.3277387297186788,-0.3277387297186788,0
1093,0.8904899193195266,0.8904899193195266,0.8904899193195266,0
1094,-0.9403721498685106,-0.9403721498685106,-0.9403721498685106,0
1095,-0.22591908884093875,-0.22591908884093875,-0.22591908884093875,0
1096,0.19038374966568083,0.19038374966568083,0.19038374966568083,0
1097,-0.2987079621084749,-0.2987079621084749,-0.2987079621084749,0
1098,-1.1347955668070664,-1.1347955668070664,-1.1347955668070664,0
1099,0.8260706061427668,0.8260706061427668,0.8260706061427668,0
1100,0.1558019308876926,0.1558019308876926,0.1558019308876926,0
1101,1.3657271653911511,1.3657271653911511,1.3657271653911511,0
1102,0.514869028527118,0.514869028527118,0.514869028527118,0
1103,-0.580559096330571,-0.580559096330571,-0.580559096330571,0
1104,-0.5703017432190444,-0.5703017432190444,-0.5703017432190444,0
1105,-1.2302392729090623,-1.2302392729090623,-1.2302392729090623,0
1106,-0.6166542655783461,-0.6166542655783461,-0.6166542655783461,0
1107,0.5521533805324985,0.5521533805324985,0.5521533805324985,0
1108,1.0336189620286793,1.0336189620286793,1.0336189620286793,0
1109,0.9471922932812591,0.9471922932812591,0.9471922932812591,0
1110,-0.5365124947612727,-0.5365124947612727,-0.5365124947612727,0
1111,-0.6850442605372453,-0.6850442605372453,-0.6850442605372453,0
1112,-0.5351313143678215,,-0.640066542340952,1
1113,-0.41157379436548297,,-0.5950888241446586,1
1114,0.1123688273530153,,-0.5501111059483652,1
1115,-0.20373733999128882,,-0.5051333877520718,1
1116,0.7478289934834143,,-0.46015566955577847,1
1117,-1.1205090715038801,,-0.4151779513594851,1
1118,-0.3638878676358666,,-0.3702002331631917,1
1119,0.9451902020706315,,-0.32522251496689836,1
1120,0.2444071821963977,,-0.280244796770605,1
1121,-0.27174738871898224,,-0.23526707857431162,1
1122,-0.19028936037801822,-0.19028936037801822,-0.19028936037801822,0
1123,-1.7590668429400504,-1.7590668429400504,-1.7590668429400504,0
1124,-2.070324686987989,-2.070324686987989,-2.070324686987989,0
1125,0.5101539970649523,0.5101539970649523,0.5101539970649523,0
1126,0.9574572806433673,0.9574572806433673,0.9574572806433673,0
1127,0.9681736782684206,0.9681736782684206,0.9681736782684206,0
1128,1.5696773581187802,1.5696773581187802,1.5696773581187802,0
1129,-2.642857912842341,-2.642857912842341,-2.642857912842341,0
1130,-0.15930255095289353,-0.15930255095289353,-0.15930255095289353,0
1131,-0.49604489241263916,-0.49604489241263916,-0.49604489241263916,0
1132,-0.4740708718975924,-0.4740708718975924,-0.4740708718975924,0
1133,-0.2134341571254325,-0.2134341571254325,-0.2134341571254325,0
1134,-0.16983878773247957,-0.16983878773247957,-0.16983878773247957,0
1135,0.555207647478985,0.555207647478985,0.555207647478985,0
1136,-0.12042656057092421,,0.4714189617005751,1
1137,-0.028088597336629127,,0.38763027592216526,1
1138,0.28435437640270994,,0.3038415901437554,1
1139,0.6926650235348555,,0.22005290436534553,1
1140,-0.4857236706939997,,0.13626421858693566,1
1141,-0.09264182233459616,,0.05247553280852579,1
1142,1.0617208672675547,,-0.03131315296988413,1
1143,-1.1365095002599903,,-0.11510183874829394,1
1144,-0.017706204948826767,,-0.19889052452670375,1
1145,-0.7670813451311115,,-0.28267921030511367,1
1146,-0.36646789608352354,-0.36646789608352354,-0.36646789608352354,0
1147,-1.591266517999891,-1.591266517999891,-1.591266517999891,0
1148,-0.6286589186804349,,-1.5892532768744763,1
1149,-0.38041845453363526,,-1.5872400357490615,1
1150,0.2746624567695353,,-1.585226794623647,1
1151,-0.48569834120823513,,-1.5832135534982321,1
1152,-2.6894835054210393,,-1.5812003123728173,1
1153,1.16382525196869,,-1.5791870712474025,1
1154,0.18057326113576366,,-1.5771738301219878,1
1155,1.3554142582374273,,-1.575160588996573,1
1156,-0.5030299326190593,,-1.5731473478711584,1
1157,-0.9128202208401672,,-1.5711341067457436,1
1158,-1.5691208656203288,-1.5691208656203288,-1.5691208656203288,0
1159,-0.6153262556931169,-0.6153262556931169,-0.6153262556931169,0
1160,-1.723960536930819,-1.723960536930819,-1.723960536930819,0
1161,-0.6774106274766001,-0.6774106274766001,-0.6774106274766001,0
1162,0.059697116938959884,,-0.7497263046210632,1
1163,0.3961094993180298,,-0.8220419817655261,1
1164,0.5640448673651608,,-0.8943576589099892,1
1165,0.5125753892008342,,-0.9666733360544522,1
1166,-1.3496072496642109,,-1.0389890131989152,1
1167,1.0711477712305257,,-1.1113046903433783,1
1168,-2.3341232596636807,,-1.1836203674878414,1
1169,1.8313048246552202,,-1.2559360446323042,1
1170,-1.0018551187553018,,-1.3282517217767675,1
1171,0.6919836660267327,,-1.4005673989212304,1
1172,-1.4728830760656935,-1.4728830760656935,-1.4728830760656935,0
1173,0.39824539360619327,0.39824539360619327,0.39824539360619327,0
1174,-0.4580899737727676,-0.4580899737727676,-0.4580899737727676,0
1175,0.8581416460020624,0.8581416460020624,0.8581416460020624,0
1176,-0.3632618445445921,,0.9350451386688843,1
1177,-0.5586032192135625,,1.011948631335706,1
1178,1.661220098489043,,1.0888521240025277,1
1179,1.534911151921125,,1.1657556166693497,1
1180,0.8929067820087452,,1.2426591093361714,1
1181,-0.5110247327192665,,1.3195626020029931,1
1182,1.0781842647691613,,1.3964660946698149,1
1183,-0.20307423521265683,,1.4733695873366366,1
1184,0.18268195841164292,,1.5502730800034583,1
1185,1.3343045861834033,,1.6271765726702803,1
1186,1.704080065337102,1.704080065337102,1.704080065337102,0
1187,1.1985534460983156,1.1985534460983156,1.1985534460983156,0
1188,0.9579859084797525,0.9579859084797525,0.9579859084797525,0
1189,-0.2785150403087963,-0.2785150403087963,-0.2785150403087963,0
1190,-0.5997686321190335,,-0.2430731680311166,1
1191,-0.3495068135102947,,-0.20763129575343686,1
1192,-1.2265396692261417,,-0.17218942347575714,1
1193,-1.6907130506363819,,-0.1367475511980774,1
1194,-1.430869597463692,,-0.10130567892039768,1
1195,-1.3047554031952533,,-0.06586380664271796,1
1196,0.8443507248015708,,-0.030421934365038233,1
1197,-0.3306237996312522,,0.005019937912641492,1
1198,0.5776343082752691,,0.04046181019032119,1
1199,-0.43099834303379964,,0.07590368246800094,1
1200,0.11134555474568068,0.11134555474568068,0.11134555474568068,0
1201,-1.9055900828898023,-1.9055900828898023,-1.9055900828898023,0
1202,0.8150491492879071,0.8150491492879071,0.8150491492879071,0
1203,1.3818929934648407,1.3818929934648407,1.3818929934648407,0
1204,0.09986910321476569,,1.2366085129825533,1
1205,0.021197442148629207,,1.0913240325002658,1
1206,-0.1739148284788744,,0.9460395520179784,1
1207,0.986254072547872,,0.8007550715356909,1
1208,0.14614132562279517,,0.6554705910534034,1
1209,-2.110087363738921,,0.5101861105711161,1
1210,1.606309326252032,,0.3649016300888286,1
1211,2.0029145449790584,,0.2196171496065411,1
1212,0.16465389054153393,,0.07433266912425363,1
1213,0.027762858115225754,,-0.07095181135803386,1
1214,-0.21623629184032123,-0.21623629184032123,-0.21623629184032123,0
1215,-0.9385074096968686,-0.9385074096968686,-0.9385074096968686,0
1216,-0.3682722063901977,-0.3682722063901977,-0.3682722063901977,0
1217,0.08913561384869151,,-0.39720001330814947,1
1218,-0.003058613036095144,,-0.4261278202261013,1
1219,-0.5985147883632683,,-0.45505562714405307,1
1220,-0.863890789113352,,-0.48398343406200484,1
1221,-0.9581678266256413,,-0.5129112409799567,1
1222,-0.6102629600445134,,-0.5418390478979085,1
1223,-1.254845189812394,,-0.5707668548158602,1
1224,-1.0013650942795722,,-0.599694661733812,1
1225,-1.0351060680218527,,-0.6286224686517639,1
1226,-0.02236831927021658,,-0.6575502755697156,1
1227,-0.6864780824876674,-0.6864780824876674,-0.6864780824876674,0
1228,-1.5017978465717943,-1.5017978465717943,-1.5017978465717943,0
1229,0.07631543422444395,0.07631543422444395,0.07631543422444395,0
1230,0.1890884357325164,0.1890884357325164,0.1890884357325164,0
1231,0.5261086599198928,0.5261086599198928,0.5261086599198928,0
1232,-0.35985259737772135,-0.35985259737772135,-0.35985259737772135,0
1233,-0.8957096341677293,-0.8957096341677293,-0.8957096341677293,0
1234,1.4463335166773972,1.4463335166773972,1.4463335166773972,0
1235,-0.7113751000597339,-0.7113751000597339,-0.7113751000597339,0
1236,-0.00964201100345355,,-0.5765299907336532,1
1237,0.2853019174614962,,-0.44168488140757234,1
1238,0.5681125963751676,,-0.30683977208149155,1
1239,-0.46163249886602326,,-0.17199466275541075,1
1240,-1.459316186696375,,-0.03714955342933002,1
1241,1.148800490759409,,0.09769555589675083,1
1242,0.41409765543980265,,0.23254066522283168,1
1243,-1.185243623206962,,0.3673857745489124,1
1244,-0.00759606163976041,,0.5022308838749932,1
1245,-1.2906353913591524,,0.6370759932010739,1
1246,0.7719211025271547,0.7719211025271547,0.7719211025271547,0
1247,0.07600903097548754,0.07600903097548754,0.07600903097548754,0
1248,-2.8280366616332446,-2.8280366616332446,-2.8280366616332446,0
1249,2.244386948233479,2.244386948233479,2.244386948233479,0
1250,1.0607813937790507,1.0607813937790507,1.0607813937790507,0
1251,-0.2125608671515033,-0.2125608671515033,-0.2125608671515033,0
1252,-0.774007936175696,-0.774007936175696,-0.774007936175696,0
1253,-0.2062523134373522,-0.2062523134373522,-0.2062523134373522,0
1254,0.5105082798683505,0.5105082798683505,0.5105082798683505,0
1255,-1.9055162907280732,-1.9055162907280732,-1.9055162907280732,0
1256,1.5285993742665487,1.5285993742665487,1.5285993742665487,0
1257,-0.6343466702970996,-0.6343466702970996,-0.6343466702970996,0
1258,1.8130081585701958,1.8130081585701958,1.8130081585701958,0
1259,0.04164550119109219,,1.5773755256500126,1
1260,-0.1528652246640675,,1.3417428927298294,1
1261,-2.8707381019365985,,1.106110259809646,1
1262,1.5566634215325905,,0.8704776268894628,1
1263,1.083667048788178,,0.6348449939692795,1
1264,-0.6759204571855075,,0.3992123610490963,1
1265,1.448858730928809,,0.16357972812891308,1
1266,-0.5128189148577617,,-0.07205290479127013,1
1267,-0.26729153412608814,,-0.30768553771145357,1
1268,0.7955501113485864,,-0.5433181706316368,1
1269,-0.7789508035518199,-0.7789508035518199,-0.7789508035518199,0
1270,0.3508627438113242,0.3508627438113242,0.3508627438113242,0
1271,-1.2282973795440542,-1.2282973795440542,-1.2282973795440542,0
1272,-0.13426174135134214,-0.13426174135134214,-0.13426174135134214,0
1273,-0.752145285790123,-0.752145285790123,-0.752145285790123,0
1274,1.1199010011486623,1.1199010011486623,1.1199010011486623,0
1275,-0.5308798606309162,,0.9912318556982602,1
1276,-0.8292306686869081,,0.8625627102478581,1
1277,-0.7352261519343491,,0.7338935647974562,1
1278,-0.23943957842046468,,0.6052244193470541,1
1279,0.6180931665469735,,0.476555273896652,1
1280,2.217167472448852,,0.34788612844625,1
1281,-1.0157122800757608,,0.2192169829958479,1
1282,-0.3772245351889174,,0.09054783754544582,1
1283,-1.0606148764471668,,-0.03812130790495627,1
1284,-0.8058934007695036,,-0.16679045335535836,1
1285,-0.2954595988057604,-0.2954595988057604,-0.2954595988057604,0
1286,0.5806091923262657,0.5806091923262657,0.5806091923262657,0
1287,0.6734182144446981,0.6734182144446981,0.6734182144446981,0
1288,-0.49580937892279225,-0.49580937892279225,-0.49580937892279225,0
1289,1.2363354766969648,1.2363354766969648,1.2363354766969648,0
1290,-0.7039197722074522,,1.0750541662917092,1
1291,-0.8475326770955912,,0.9137728558864537,1
1292,-0.4804015692709013,,0.7524915454811981,1
1293,-1.1215835783578705,,0.5912102350759426,1
1294,-2.41966636748049,,0.4299289246706871,1
1295,0.26119151275591257,,0.2686476142654315,1
1296,-0.13986165237709017,,0.10736630386017598,1
1297,-0.05989869763066407,,-0.053915006545079525,1
1298,-0.3138684037235867,,-0.21519631695033503,1
1299,4.101928432279917,,-0.37647762735559054,1
1300,-0.5377589377608462,-0.5377589377608462,-0.5377589377608462,0
1301,-0.4176577787926621,-0.4176577787926621,-0.4176577787926621,0
1302,0.9180600308576125,0.9180600308576125,0.9180600308576125,0
1303,-0.09903635739881614,-0.09903635739881614,-0.09903635739881614,0
1304,-0.8086411357656883,-0.8086411357656883,-0.8086411357656883,0
1305,-0.4631457363720422,-0.4631457363720422,-0.4631457363720422,0
1306,-1.1589256188167032,-1.1589256188167032,-1.1589256188167032,0
1307,-0.24752723909591742,-0.24752723909591742,-0.24752723909591742,0
1308,-0.22907852737347723,-0.22907852737347723,-0.22907852737347723,0
1309,-0.007917647112903466,-0.007917647112903466,-0.007917647112903466,0
1310,-1.72332405927088,,-0.08480634333088521,1
1311,-1.5174473466203633,,-0.16169503954886696,1
1312,-2.4825262674237236,,-0.23858373576684871,1
1313,-0.38913763984250643,,-0.3154724319848305,1
1314,1.2109529912233967,,-0.39236112820281227,1
1315,-0.6521097921327236,,-0.469249824420794,1
1316,0.06900740418699702,,-0.5461385206387757,1
1317,-0.47371240048043073,,-0.6230272168567574,1
1318,0.30656733523415036,,-0.6999159130747392,1
1319,1.5933693872508006,,-0.776804609292721,1
1320,-0.8536933055107027,-0.8536933055107027,-0.8536933055107027,0
1321,-0.4670373686160275,-0.4670373686160275,-0.4670373686160275,0
1322,0.5667656643807697,0.5667656643807697,0.5667656643807697,0
1323,1.4735943374474254,1.4735943374474254,1.4735943374474254,0
1324,-0.6457022285041768,-0.6457022285041768,-0.6457022285041768,0
1325,-0.6327765065667244,-0.6327765065667244,-0.6327765065667244,0
1326,-0.048284414457650304,-0.048284414457650304,-0.048284414457650304,0
1327,-0.10287195710546168,,-0.161203590571048,1
1328,-0.08750031944910172,,-0.2741227666844457,1
1329,-1.131907155906957,,-0.3870419427978434,1
1330,0.5203443758744853,,-0.49996111891124106,1
1331,-0.15160655729000022,,-0.6128802950246387,1
1332,-1.1487239032959877,,-0.7257994711380364,1
1333,0.6250964866846269,,-0.8387186472514342,1
1334,-0.9279198061485534,,-0.9516378233648318,1
1335,-0.3074102438717595,,-1.0645569994782296,1
1336,-0.868750830026746,,-1.177476175591627,1
1337,-1.2903953517050248,-1.2903953517050248,-1.2903953517050248,0
1338,-0.3594478802238932,-0.3594478802238932,-0.3594478802238932,0
1339,0.09732733654032802,0.09732733654032802,0.09732733654032802,0
1340,-0.8418525632828685,-0.8418525632828685,-0.8418525632828685,0
1341,0.7001893806123549,0.7001893806123549,0.7001893806123549,0
1342,-0.7563390754759373,-0.7563390754759373,-0.7563390754759373,0
1343,-1.7555227893770935,-1.7555227893770935,-1.7555227893770935,0
1344,0.6708862763075949,0.6708862763075949,0.6708862763075949,0
1345,-0.5247923311454451,-0.5247923311454451,-0.5247923311454451,0
1346,-0.4312164225960546,-0.4312164225960546,-0.4312164225960546,0
1347,1.5347378948889923,1.5347378948889923,1.5347378948889923,0
1348,-0.32992873394063243,-0.32992873394063243,-0.32992873394063243,0
1349,0.41531699714345954,,-0.19465903888910058,1
1350,0.7622926194198628,,-0.05938934383756872,1
1351,-0.6603165433130825,,0.07588035121396314,1
1352,-1.3250448403565185,,0.211150046265495,1
1353,0.18381216097816247,,0.34641974131702685,1
1354,1.8561493814774732,,0.4816894363685587,1
1355,0.21072284266030653,,0.6169591314200906,1
1356,-0.0035689924017987605,,0.7522288264716224,1
1357,0.06782030062837531,,0.8874985215231543,1
1358,-0.6664725796584966,,1.022768216574686,1
1359,1.158037911626218,1.158037911626218,1.158037911626218,0
1360,0.8499795924017544,,1.1130585796358852,1
1361,0.5499328661375735,,1.068079247645552,1
1362,0.11163580033839714,,1.0230999156552192,1
1363,-0.8126375168560008,,0.9781205836648863,1
1364,-2.7768342950502403,,0.9331412516745533,1
1365,0.9912408027213959,,0.8881619196842203,1
1366,-0.26624070845802034,,0.8431825876938874,1
1367,1.1963240004931655,,0.7982032557035544,1
1368,0.07417695492485751,,0.7532239237132214,1
1369,0.6938541356042714,,0.7082445917228886,1
1370,0.6632652597325556,0.6632652597325556,0.6632652597325556,0
1371,-0.2934934384433209,-0.2934934384433209,-0.2934934384433209,0
1372,0.5143346670901238,0.5143346670901238,0.5143346670901238,0
1373,-0.42926711932953104,-0.42926711932953104,-0.42926711932953104,0
1374,0.017059772615815545,0.017059772615815545,0.017059772615815545,0
1375,0.2158413158538284,0.2158413158538284,0.2158413158538284,0
1376,-0.8103898120325249,-0.8103898120325249,-0.8103898120325249,0
1377,1.4340892123214497,,-0.6960985690578287,1
1378,1.523178909012585,,-0.5818073260831327,1
1379,0.8175681005067006,,-0.4675160831084365,1
1380,0.5191051398126965,,-0.35322484013374034,1
1381,0.4721017618021845,,-0.23893359715904416,1
1382,0.8037901525971224,,-0.1246423541843481,1
1383,-1.2253397086454423,,-0.010351111209651931,1
1384,-0.6143609134774443,,0.10394013176504424,1
1385,0.900907485502459,,0.2182313747397403,1
1386,1.6505745327012618,,0.3325226177144366,1
1387,0.44681386068913265,0.44681386068913265,0.44681386068913265,0
1388,-1.7212556751632444,-1.7212556751632444,-1.7212556751632444,0
1389,-0.32139344524530367,-0.32139344524530367,-0.32139344524530367,0
1390,0.96575706374974,0.96575706374974,0.96575706374974,0
1391,-0.2206459616098693,-0.2206459616098693,-0.2206459616098693,0
1392,1.168668573672462,1.168668573672462,1.168668573672462,0
1393,-0.1977747649549487,-0.1977747649549487,-0.1977747649549487,0
1394,-0.7148641298439149,-0.7148641298439149,-0.7148641298439149,0
1395,0.6554269840627696,0.6554269840627696,0.6554269840627696,0
1396,2.288588486829418,2.288588486829418,2.288588486829418,0
1397,-0.42994740806937953,-0.42994740806937953,-0.42994740806937953,0
1398,0.5056027494309393,0.5056027494309393,0.5056027494309393,0
1399,0.08533156181274491,0.08533156181274491,0.08533156181274491,0
1400,1.8958664007072177,1.8958664007072177,1.8958664007072177,0
1401,-0.9131739644337935,-0.9131739644337935,-0.9131739644337935,0
1402,0.2523140904181584,0.2523140904181584,0.2523140904181584,0
1403,-1.1671232526567477,-1.1671232526567477,-1.1671232526567477,0
1404,1.5196911405221236,1.5196911405221236,1.5196911405221236,0
1405,-1.1630498332906376,-1.1630498332906376,-1.1630498332906376,0
1406,0.274340343476832,0.274340343476832,0.274340343476832,0
1407,0.6944602861552929,0.6944602861552929,0.6944602861552929,0
1408,-1.3265238655934266,-1.3265238655934266,-1.3265238655934266,0
1409,0.22179726182189743,,-1.29480234623671,1
1410,0.4249957384848573,,-1.2630808268799933,1
1411,2.2213779324309506,,-1.231359307523277,1
1412,0.5988240962950809,,-1.1996377881665603,1
1413,0.810299850325081,,-1.1679162688098437,1
1414,0.7022066413452046,,-1.136194749453127,1
1415,-0.7542498207518806,,-1.1044732300964104,1
1416,-0.7977718361876149,,-1.072751710739694,1
1417,-0.5770162583526044,,-1.0410301913829774,1
1418,0.566069939408562,,-1.0093086720262607,1
1419,-0.9775871526695441,-0.9775871526695441,-0.9775871526695441,0
1420,-0.24220219747803315,-0.24220219747803315,-0.24220219747803315,0
1421,0.23661183299770655,0.23661183299770655,0.23661183299770655,0
1422,-0.2010429944074438,-0.2010429944074438,-0.2010429944074438,0
1423,0.1833974644172035,0.1833974644172035,0.1833974644172035,0
1424,-0.8717510119696839,-0.8717510119696839,-0.8717510119696839,0
1425,0.5558553359000633,0.5558553359000633,0.5558553359000633,0
1426,-1.0114003878294375,-1.0114003878294375,-1.0114003878294375,0
1427,-2.408623711236909,-2.408623711236909,-2.408623711236909,0
1428,0.5712765612936975,0.5712765612936975,0.5712765612936975,0
1429,-0.45287033386536824,,0.46750488872473817,1
1430,-0.7393610649867944,,0.36373321615577886,1
1431,-1.0989260322030001,,0.25996154358681955,1
1432,0.003951148995443603,,0.1561898710178602,1
1433,0.9094001507740259,,0.05241819844890083,1
1434,-0.4579981354311679,,-0.05135347412005842,1
1435,-0.384789970610085,,-0.15512514668901778,1
1436,2.3370069645308202,,-0.25889681925797714,1
1437,0.7448335158646128,,-0.3626684918269365,1
1438,0.2275527167632913,,-0.46644016439589586,1
1439,-0.5702118369648552,-0.5702118369648552,-0.5702118369648552,0
1440,-0.9311027952035708,-0.9311027952035708,-0.9311027952035708,0
1441,-1.3265531146289233,-1.3265531146289233,-1.3265531146289233,0
1442,1.2983816498890792,1.2983816498890792,1.2983816498890792,0
1443,-1.6907938843094688,-1.6907938843094688,-1.6907938843094688,0
1444,-0.4114005156745293,-0.4114005156745293,-0.4114005156745293,0
1445,-0.8695952122656909,-0.8695952122656909,-0.8695952122656909,0
1446,0.17717636037978263,0.17717636037978263,0.17717636037978263,0
1447,0.6211295937226765,0.6211295937226765,0.6211295937226765,0
1448,0.3675449350020534,0.3675449350020534,0.3675449350020534,0
1449,-0.3837819129420058,,0.35432687725704065,1
1450,-0.32253289369121385,,0.3411088195120279,1
1451,-1.4945514105648683,,0.32789076176701526,1
1452,0.20821447501756565,,0.31467270402200254,1
1453,0.5070738595662235,,0.3014546462769898,1
1454,0.0058091135311888545,,0.2882365885319771,1
1455,-0.4984905133563821,,0.27501853078696437,1
1456,-0.24102782582189047,,0.26180047304195164,1
1457,-0.7345371132857149,,0.24858241529693897,1
1458,-1.8287507795254703,,0.23536435755192625,1
1459,0.22214629980691353,0.22214629980691353,0.22214629980691353,0
1460,0.01772453317289725,0.01772453317289725,0.01772453317289725,0
1461,1.4837088898431223,1.4837088898431223,1.4837088898431223,0
1462,0.07721242316039491,0.07721242316039491,0.07721242316039491,0
1463,0.182029888834179,0.182029888834179,0.182029888834179,0
1464,0.33680663159308066,0.33680663159308066,0.33680663159308066,0
1465,0.22061608123579143,0.22061608123579143,0.22061608123579143,0
1466,-1.358694639267195,-1.358694639267195,-1.358694639267195,0
1467,-0.7853765606791155,-0.7853765606791155,-0.7853765606791155,0
1468,-0.3924165940119383,-0.3924165940119383,-0.3924165940119383,0
1469,1.392904801471578,1.392904801471578,1.392904801471578,0
1470,0.5810832797794354,0.5810832797794354,0.5810832797794354,0
1471,-0.40756550435658,-0.40756550435658,-0.40756550435658,0
1472,0.47920676517326144,0.47920676517326144,0.47920676517326144,0
1473,-1.4723174447192697,-1.4723174447192697,-1.4723174447192697,0
1474,0.3342519776360092,0.3342519776360092,0.3342519776360092,0
1475,-0.9925167367142579,-0.9925167367142579,-0.9925167367142579,0
1476,-1.4392536532561773,-1.4392536532561773,-1.4392536532561773,0
1477,0.3752664114923896,0.3752664114923896,0.3752664114923896,0
1478,0.404407592201384,0.404407592201384,0.404407592201384,0
1479,0.8661064535967954,0.8661064535967954,0.8661064535967954,0
1480,1.4247964076242072,,0.7683785417552537,1
1481,1.352428604189592,,0.6706506299137119,1
1482,0.14426931161422135,,0.5729227180721703,1
1483,-0.10463916565164053,,0.47519480623062854,1
1484,0.7866608151867625,,0.3774668943890868,1
1485,-1.2232761134049812,,0.27973898254754515,1
1486,-0.5892274113562072,,0.18201107070600342,1
1487,-1.6878315585156642,,0.0842831588644617,1
1488,-0.4353327594692522,,-0.013444752977080032,1
1489,0.8923512516966386,,-0.11117266481862176,1
1490,-0.20890057666016332,-0.20890057666016332,-0.20890057666016332,0
1491,0.4449431843652891,0.4449431843652891,0.4449431843652891,0
1492,-1.5936098795327909,-1.5936098795327909,-1.5936098795327909,0
1493,-0.2000584777174621,-0.2000584777174621,-0.2000584777174621,0
1494,-0.4787522261522594,-0.4787522261522594,-0.4787522261522594,0
1495,1.6305377592014303,1.6305377592014303,1.6305377592014303,0
1496,0.19558160731351965,0.19558160731351965,0.19558160731351965,0
1497,-0.04206707955032219,-0.04206707955032219,-0.04206707955032219,0
1498,-0.5840388712219717,-0.5840388712219717,-0.5840388712219717,0
1499,0.927721496150539,0.927721496150539,0.927721496150539,0
1500,-2.0069254807729413,,0.6910015223946441,1
1501,-1.6748747363380534,,0.4542815486387491,1
1502,-1.7737572208750907,,0.2175615748828541,1
1503,0.4613900843160338,,-0.019158398873040827,1
1504,-0.6010395004691725,,-0.25587837262893587,1
1505,-1.3522633652806844,,-0.4925983463848308,1
1506,0.9173150797639861,,-0.7293183201407257,1
1507,0.4881702337275971,,-0.9660382938966207,1
1508,1.066076297074998,,-1.202758267652516,1
1509,-0.5301575800573163,,-1.4394782414084109,1
1510,-1.6761982151643058,-1.6761982151643058,-1.6761982151643058,0
1511,-0.4640884643606209,-0.4640884643606209,-0.4640884643606209,0
1512,0.07436476398915912,0.07436476398915912,0.07436476398915912,0
1513,0.3681544390460735,0.3681544390460735,0.3681544390460735,0
1514,1.1770085133139863,1.1770085133139863,1.1770085133139863,0
1515,0.6732755055530568,0.6732755055530568,0.6732755055530568,0
1516,-1.8999028592623937,-1.8999028592623937,-1.8999028592623937,0
1517,-1.0125000946782894,-1.0125000946782894,-1.0125000946782894,0
1518,1.2435844129062572,1.2435844129062572,1.2435844129062572,0
1519,-0.28802129675337573,-0.28802129675337573,-0.28802129675337573,0
1520,-0.7990907589636321,-0.7990907589636321,-0.7990907589636321,0
1521,-0.3618600125910424,-0.3618600125910424,-0.3618600125910424,0
1522,0.44697542682491276,0.44697542682491276,0.44697542682491276,0
1523,0.05372673638653312,0.05372673638653312,0.05372673638653312,0
1524,-0.44525532120207134,-0.44525532120207134,-0.44525532120207134,0
1525,-0.8956485682278691,-0.8956485682278691,-0.8956485682278691,0
1526,2.2143897088330338,2.2143897088330338,2.2143897088330338,0
1527,-0.2732092702485517,-0.2732092702485517,-0.2732092702485517,0
1528,-0.808799169875178,-0.808799169875178,-0.808799169875178,0
1529,-0.1827649484490886,-0.1827649484490886,-0.1827649484490886,0
1530,0.34279699941531416,0.34279699941531416,0.34279699941531416,0
1531,1.1734940421045152,1.1734940421045152,1.1734940421045152,0
1532,-0.42136620920619705,-0.42136620920619705,-0.42136620920619705,0
1533,0.6795509172616401,0.6795509172616401,0.6795509172616401,0
1534,0.3079510961017549,0.3079510961017549,0.3079510961017549,0
1535,-0.9566363327317448,-0.9566363327317448,-0.9566363327317448,0
1536,0.3358792965620155,0.3358792965620155,0.3358792965620155,0
1537,1.155664459568001,1.155664459568001,1.155664459568001,0
1538,-0.16940357693282526,-0.16940357693282526,-0.16940357693282526,0
1539,-0.9710512230439503,-0.9710512230439503,-0.9710512230439503,0
1540,0.4955992884920586,0.4955992884920586,0.4955992884920586,0
1541,1.4944853724038911,1.4944853724038911,1.4944853724038911,0
1542,-0.9440392585127988,-0.9440392585127988,-0.9440392585127988,0
1543,2.833676390176347,2.833676390176347,2.833676390176347,0
1544,0.20910954969905693,0.20910954969905693,0.20910954969905693,0
1545,-0.026737355972221707,,0.12827832750169132,1
1546,-0.29550156528410876,,0.04744710530432569,1
1547,-1.1380519344206068,,-0.03338411689303994,1
1548,-0.6378457713308175,,-0.11421533909040554,1
1549,1.284815152702675,,-0.19504656128777115,1
1550,0.7210045822377728,,-0.2758777834851368,1
1551,0.1516251364506287,,-0.3567090056825024,1
1552,0.5769140097275842,,-0.437540227879868,1
1553,-0.23268932332239076,,-0.5183714500772336,1
1554,0.4522633041655275,,-0.5992026722745992,1
1555,-0.6800338944719648,-0.6800338944719648,-0.6800338944719648,0
1556,0.2097019887130428,,-0.612807205897535,1
1557,0.18103231472334985,,-0.5455805173231051,1
1558,0.46122182087829994,,-0.47835382874867527,1
1559,-0.78090028267146,,-0.4111271401742454,1
1560,-0.7881703249903809,,-0.3439004515998155,1
1561,0.5925591178834456,,-0.2766737630253857,1
1562,-1.702966037063016,,-0.20944707445095584,1
1563,0.44620658676810493,,-0.14222038587652597,1
1564,-0.43306462800106005,,-0.07499369730209615,1
1565,-0.6136723635424057,,-0.007767008727666225,1
1566,0.05945967984676364,0.05945967984676364,0.05945967984676364,0
1567,-1.5230478909599838,-1.5230478909599838,-1.5230478909599838,0
1568,1.2310335391978082,1.2310335391978082,1.2310335391978082,0
1569,-0.23056529377479168,-0.23056529377479168,-0.23056529377479168,0
1570,0.29680470322673647,0.29680470322673647,0.29680470322673647,0
1571,-0.47335301284377096,-0.47335301284377096,-0.47335301284377096,0
1572,1.419237491029647,1.419237491029647,1.419237491029647,0
1573,-2.140325589443298,-2.140325589443298,-2.140325589443298,0
1574,-0.4579211660161732,,-1.8891964153164005,1
1575,-0.775270746571638,,-1.638067241189503,1
1576,-0.1999763719144143,,-1.3869380670626057,1
1577,0.3851003186090965,,-1.1358088929357082,1
1578,1.5642958874286386,,-0.8846797188088107,1
1579,0.9658677932017178,,-0.6335505446819134,1
1580,-0.3219479604049255,,-0.3824213705550159,1
1581,1.37341291161354,,-0.1312921964281184,1
1582,0.4130378428241177,,0.1198369776987791,1
1583,-0.29476320910415044,,0.3709661518256766,1
1584,0.6220953259525738,0.6220953259525738,0.6220953259525738,0
1585,-0.3419412681452014,-0.3419412681452014,-0.3419412681452014,0
1586,0.9924988474332949,,-0.3745392482726274,1
1587,0.9630695501221468,,-0.40713722840005334,1
1588,1.6727827666712538,,-0.4397352085274793,1
1589,-0.7471184075928797,,-0.47233318865490526,1
1590,0.24804746039033995,,-0.5049311687823312,1
1591,1.2928064961375767,,-0.5375291489097572,1
1592,-0.9872337447201543,,-0.5701271290371832,1
1593,-1.7865959763552748,,-0.6027251091646091,1
1594,-0.669062705653869,,-0.6353230892920352,1
1595,-0.13156442201052354,,-0.667921069419461,1
1596,-0.700519049546887,-0.700519049546887,-0.700519049546887,0
1597,-1.0543211951122355,-1.0543211951122355,-1.0543211951122355,0
1598,0.7821768251929633,0.7821768251929633,0.7821768251929633,0
1599,-0.3752901219107668,-0.3752901219107668,-0.3752901219107668,0
1600,1.401587364174981,1.401587364174981,1.401587364174981,0
1601,0.689282972430725,0.689282972430725,0.689282972430725,0
1602,-0.18663863240355968,,0.5534519105111871,1
1603,-0.42677173776228605,,0.4176208485916493,1
1604,0.5096042381744125,,0.2817897866721114,1
1605,0.23117169578058366,,0.14595872475257354,1
1606,2.434400893987152,,0.010127662833035678,1
1607,0.14044058107698318,,-0.1257033990865022,1
1608,0.02448350019886789,,-0.26153446100604005,1
1609,-0.2712988374157482,,-0.3973655229255779,1
1610,1.0767247245743965,,-0.5331965848451159,1
1611,0.9480962875890521,,-0.6690276467646536,1
1612,-0.8048587086841915,-0.8048587086841915,-0.8048587086841915,0
1613,-0.29998322155145574,-0.29998322155145574,-0.29998322155145574,0
1614,0.7559079492105467,0.7559079492105467,0.7559079492105467,0
1615,-0.4601159377510427,-0.4601159377510427,-0.4601159377510427,0
1616,-1.3876770231158047,-1.3876770231158047,-1.3876770231158047,0
1617,-0.34021641305173894,-0.34021641305173894,-0.34021641305173894,0
1618,0.3256799853738069,,-0.20501048260218593,1
1619,0.11159724392095341,,-0.06980455215263293,1
1620,-0.33763315708127634,,0.06540137829692011,1
1621,0.597837079552086,,0.2006073087464731,1
1622,1.5216688018582185,,0.33581323919602607,1
1623,-1.326035030029465,,0.47101916964557916,1
1624,-0.6816221822878513,,0.6062251000951322,1
1625,1.291194733913888,,0.7414310305446852,1
1626,-0.670264605701595,,0.8766369609942382,1
1627,0.13411344406170814,,1.0118428914437911,1
1628,1.1470488218933443,1.1470488218933443,1.1470488218933443,0
1629,-0.7609648791555467,-0.7609648791555467,-0.7609648791555467,0
1630,0.11678225215900288,0.11678225215900288,0.11678225215900288,0
1631,-0.08820150271713467,-0.08820150271713467,-0.08820150271713467,0
1632,1.013515626235151,1.013515626235151,1.013515626235151,0
1633,-0.886809031334352,-0.886809031334352,-0.886809031334352,0
1634,-1.4345313332832006,-1.4345313332832006,-1.4345313332832006,0
1635,1.4030988431313904,1.4030988431313904,1.4030988431313904,0
1636,-0.8808110961582518,-0.8808110961582518,-0.8808110961582518,0
1637,1.1601128235165035,1.1601128235165035,1.1601128235165035,0
1638,-2.280544880166136,-2.280544880166136,-2.280544880166136,0
1639,0.8435210138036541,0.8435210138036541,0.8435210138036541,0
1640,0.10632074063671097,0.10632074063671097,0.10632074063671097,0
1641,-0.46801775930260814,-0.46801775930260814,-0.46801775930260814,0
1642,-0.1003761573059237,-0.1003761573059237,-0.1003761573059237,0
1643,-0.6803868229726041,-0.6803868229726041,-0.6803868229726041,0
1644,0.11391986206742459,,-0.5946475500618028,1
1645,0.015580717648829543,,-0.5089082771510015,1
1646,1.1285977610341735,,-0.4231690042402002,1
1647,-1.2676755714379506,,-0.3374297313293989,1
1648,0.8765835951266228,,-0.2516904584185976,1
1649,1.4277982834540928,,-0.1659511855077963,1
1650,0.5147539267839297,,-0.080211912596995,1
1651,-0.9742035288919989,,0.0055273603138062954,1
1652,1.7410825545593336,,0.0912666332246076,1
1653,1.2441794147133927,,0.1770059061354089,1
1654,0.26274517904621014,0.26274517904621014,0.26274517904621014,0
1655,0.9061431674938244,0.9061431674938244,0.9061431674938244,0
1656,0.38201398508767775,0.38201398508767775,0.38201398508767775,0
1657,1.7246348137773255,1.7246348137773255,1.7246348137773255,0
1658,-0.522262160672439,-0.522262160672439,-0.522262160672439,0
1659,-1.2717850973061644,-1.2717850973061644,-1.2717850973061644,0
1660,-0.8850446427978989,-0.8850446427978989,-0.8850446427978989,0
1661,-0.315102116984734,-0.315102116984734,-0.315102116984734,0
1662,0.5595765208365647,0.5595765208365647,0.5595765208365647,0
1663,1.5390083063493467,1.5390083063493467,1.5390083063493467,0
1664,0.2238258569268501,0.2238258569268501,0.2238258569268501,0
1665,1.7564271776464433,1.7564271776464433,1.7564271776464433,0
1666,0.4370967797155681,0.4370967797155681,0.4370967797155681,0
1667,-0.017288606434454443,-0.017288606434454443,-0.017288606434454443,0
1668,1.9168441685948052,1.9168441685948052,1.9168441685948052,0
1669,0.787571903980212,0.787571903980212,0.787571903980212,0
1670,-1.439109301721228,-1.439109301721228,-1.439109301721228,0
1671,-1.9895757089504111,-1.9895757089504111,-1.9895757089504111,0
1672,-1.2896520489195593,-1.2896520489195593,-1.2896520489195593,0
1673,1.3435271670449846,1.3435271670449846,1.3435271670449846,0
1674,0.5538018329248124,0.5538018329248124,0.5538018329248124,0
1675,-0.43793982345112686,-0.43793982345112686,-0.43793982345112686,0
1676,-1.8274739934912896,-1.8274739934912896,-1.8274739934912896,0
1677,-0.8558144585925525,,-1.537500981471234,1
1678,-0.9830339424589379,,-1.2475279694511783,1
1679,0.06747613413433022,,-0.9575549574311226,1
1680,0.17486453194008694,,-0.667581945411067,1
1681,1.4032074528552214,,-0.3776089333910113,1
1682,-0.47470843531130746,,-0.08763592137095566,1
1683,-0.53716109486165,,0.20233709064909977,1
1684,-1.0601551663886388,,0.49231010266915565,1
1685,-0.26293450882709785,,0.7822831146892115,1
1686,1.0546166293904984,,1.072256126709267,1
1687,1.3622291387293228,1.3622291387293228,1.3622291387293228,0
1688,0.033404892954947696,,1.1674748340701682,1
1689,-0.12311288868436754,,0.9727205294110135,1
1690,-0.527230003773127,,0.777966224751859,1
1691,0.44969175925425864,,0.5832119200927043,1
1692,-0.29226349473163915,,0.3884576154335496,1
1693,-0.001253388851252863,,0.19370331077439507,1
1694,0.5584270211446791,,-0.001050993884759599,1
1695,-0.032784144986356706,,-0.19580529854391426,1
1696,0.9675126248446263,,-0.39055960320306893,1
1697,-0.5581422459488309,,-0.5853139078622236,1
1698,-0.7800682125213783,-0.7800682125213783,-0.7800682125213783,0
1699,-0.977447124657166,-0.977447124657166,-0.977447124657166,0
1700,-0.1419044872474096,-0.1419044872474096,-0.1419044872474096,0
1701,0.1959636279246544,0.1959636279246544,0.1959636279246544,0
1702,1.626879918422103,1.626879918422103,1.626879918422103,0
1703,0.027597318760955055,0.027597318760955055,0.027597318760955055,0
1704,-0.13242240022992494,,0.042229048682999995,1
1705,-0.33218604416397113,,0.05686077860504493,1
1706,-0.36381447046691096,,0.07149250852708987,1
1707,0.450217310318622,,0.0861242384491348,1
1708,0.2629215150946414,,0.10075596837117975,1
1709,0.27011420318704593,,0.11538769829322469,1
1710,0.9883914024619184,,0.13001942821526963,1
1711,0.5823113577417491,,0.14465115813731455,1
1712,0.28800879938506146,,0.1592828880593595,1
1713,-0.7511918760377916,,0.17391461798140445,1
1714,0.18854634790344937,0.18854634790344937,0.18854634790344937,0
1715,0.1717969260777912,0.1717969260777912,0.1717969260777912,0
1716,-2.1482375440502097,-2.1482375440502097,-2.1482375440502097,0
1717,-1.2854506068263862,-1.2854506068263862,-1.2854506068263862,0
1718,0.16788738055612215,0.16788738055612215,0.16788738055612215,0
1719,-2.6714309711839963,-2.6714309711839963,-2.6714309711839963,0
1720,-1.9620860741999513,-1.9620860741999513,-1.9620860741999513,0
1721,1.3360983640009636,,-1.5921631757591577,1
1722,1.5566965521616825,,-1.222240277318364,1
1723,0.9359130215808376,,-0.8523173788775706,1
1724,0.5307319459022639,,-0.482394480436777,1
1725,0.17395356208666987,,-0.1124715819959834,1
1726,0.559728323084749,,0.25745131644481,1
1727,0.26093992195071747,,0.6273742148856036,1
1728,-0.6284643922097539,,0.9972971133263973,1
1729,-0.28875494905473337,,1.3672200117671909,1
1730,-1.8245943619717084,,1.7371429102079845,1
1731,2.1070658086487772,2.1070658086487772,2.1070658086487772,0
1732,-0.4462374379283209,-0.4462374379283209,-0.4462374379283209,0
1733,-0.28374416298738775,,-0.3811226362455079,1
1734,-0.4675957191367634,,-0.31600783456269493,1
1735,0.16862366283530428,,-0.25089303287988196,1
1736,-2.5825593737563755,,-0.185778231197069,1
1737,-1.7207198063866727,,-0.12066342951425602,1
1738,0.05395986131342147,,-0.05554862783144304,1
1739,-0.29488660949804857,,0.00956617385136993,1
1740,0.7402293083500505,,0.0746809755341829,1
1741,-0.09217829082766096,,0.13979577721699582,1
1742,0.05623812191430018,,0.20491057889980885,1
1743,0.27002538058262177,0.27002538058262177,0.27002538058262177,0
1744,1.1775193584698675,1.1775193584698675,1.1775193584698675,0
1745,1.0650428929212075,1.0650428929212075,1.0650428929212075,0
1746,1.355251239119924,1.355251239119924,1.355251239119924,0
1747,-0.06499826548545688,-0.06499826548545688,-0.06499826548545688,0
1748,0.28597493119152084,0.28597493119152084,0.28597493119152084,0
1749,-0.11930936596366858,-0.11930936596366858,-0.11930936596366858,0
1750,0.5365475872787133,,0.11944938885968694,1
1751,0.5809641282434115,,0.35820814368304243,1
1752,1.958774785707725,,0.596966898506398,1
1753,0.6557417642675023,,0.8357256533297535,1
1754,-0.3029689814020826,,1.074484408153109,1
1755,-2.611088259899345,,1.3132431629764645,1
1756,0.4646936777794416,,1.5520019177998199,1
1757,-1.1418015251817508,,1.7907606726231755,1
1758,0.7573598892006875,,2.029519427446531,1
1759,1.0563202241380387,,2.2682781822698868,1
1760,2.507036937093242,2.507036937093242,2.507036937093242,0
1761,0.47287378881191394,0.47287378881191394,0.47287378881191394,0
1762,-1.2476117540361888,-1.2476117540361888,-1.2476117540361888,0
1763,1.9633945233181342,1.9633945233181342,1.9633945233181342,0
1764,0.323047908780149,0.323047908780149,0.323047908780149,0
1765,0.4320300744596068,0.4320300744596068,0.4320300744596068,0
1766,-0.14073288196439013,-0.14073288196439013,-0.14073288196439013,0
1767,1.3157503217296886,1.3157503217296886,1.3157503217296886,0
1768,0.563243630564565,0.563243630564565,0.563243630564565,0
1769,0.8431114576093499,0.8431114576093499,0.8431114576093499,0
1770,1.6499885866131212,1.6499885866131212,1.6499885866131212,0
1771,-0.8504581606689532,-0.8504581606689532,-0.8504581606689532,0
1772,-0.17606261533930345,-0.17606261533930345,-0.17606261533930345,0
1773,-0.19498401672849802,,-0.17299807571654555,1
1774,-0.3177361189584778,,-0.16993353609378764,1
1775,0.3678151276473081,,-0.1668689964710297,1
1776,1.0771867339064207,,-0.1638044568482718,1
1777,-0.6702984074920417,,-0.1607399172255139,1
1778,-0.11737563201271742,,-0.157675377602756,1
1779,0.5236235788500071,,-0.15461083797999808,1
1780,0.3142732692373218,,-0.15154629835724015,1
1781,0.581128433721488,,-0.14848175873448224,1
1782,0.6293568891927984,,-0.14541721911172434,1
1783,-0.14235267948896643,-0.14235267948896643,-0.14235267948896643,0
1784,-0.6486633977363621,-0.6486633977363621,-0.6486633977363621,0
1785,-0.0629723319999173,-0.0629723319999173,-0.0629723319999173,0
1786,-0.22200904785285808,-0.22200904785285808,-0.22200904785285808,0
1787,-0.520136329356508,-0.520136329356508,-0.520136329356508,0
1788,0.33816206039178426,0.33816206039178426,0.33816206039178426,0
1789,-0.3128837389851582,-0.3128837389851582,-0.3128837389851582,0
1790,-0.19628329616038678,-0.19628329616038678,-0.19628329616038678,0
1791,1.0831752086410211,1.0831752086410211,1.0831752086410211,0
1792,-0.8270058314189712,-0.8270058314189712,-0.8270058314189712,0
1793,-0.06028497684370481,,-0.6937528977091976,1
1794,-0.3105893597276752,,-0.560499963999424,1
1795,-0.6888657241783646,,-0.42724703028965044,1
1796,-0.5213139367865408,,-0.29399409657987685,1
1797,0.6713972625807599,,-0.1607411628701032,1
1798,-0.330638120153315,,-0.02748822916032967,1
1799,1.087498059785304,,0.10576470454944387,1
1800,0.3543072949342551,,0.2390176382592175,1
1801,-0.025913932268312335,,0.37227057196899116,1
1802,-0.5365901495335511,,0.5055235056787648,1
1803,0.6387764393885382,0.6387764393885382,0.6387764393885382,0
1804,-3.2299930059207496,-3.2299930059207496,-3.2299930059207496,0
1805,-1.4263638060476724,-1.4263638060476724,-1.4263638060476724,0
1806,1.1271487321138596,1.1271487321138596,1.1271487321138596,0
1807,0.17498940338600405,0.17498940338600405,0.17498940338600405,0
1808,-0.7328846096090816,-0.7328846096090816,-0.7328846096090816,0
1809,-0.8680614550217294,-0.8680614550217294,-0.8680614550217294,0
1810,-1.0021409072675613,-1.0021409072675613,-1.0021409072675613,0
1811,0.6730127154790495,0.6730127154790495,0.6730127154790495,0
1812,-1.7639351742676956,-1.7639351742676956,-1.7639351742676956,0
1813,1.0955193617935333,1.0955193617935333,1.0955193617935333,0
1814,0.12837250268879674,0.12837250268879674,0.12837250268879674,0
1815,0.6046758778726764,0.6046758778726764,0.6046758778726764,0
1816,-0.6414062361865678,-0.6414062361865678,-0.6414062361865678,0
1817,-0.13195661419440682,-0.13195661419440682,-0.13195661419440682,0
1818,1.2176697176750313,1.2176697176750313,1.2176697176750313,0
1819,1.4230999439504997,1.4230999439504997,1.4230999439504997,0
1820,-1.4785963741595733,,1.360771140648135,1
1821,-1.2664622487486628,,1.2984423373457703,1
1822,0.7913893336978546,,1.2361135340434057,1
1823,-0.03535659207735004,,1.1737847307410412,1
1824,-0.8758499261420738,,1.1114559274386764,1
1825,-1.1917985103660638,,1.0491271241363118,1
1826,0.9706059360529125,,0.9867983208339473,1
1827,0.7497993019143383,,0.9244695175315826,1
1828,1.2835468039086373,,0.8621407142292179,1
1829,-0.8171835594790814,,0.7998119109268533,1
1830,0.7374831076244887,0.7374831076244887,0.7374831076244887,0
1831,-0.77054020878825,-0.77054020878825,-0.77054020878825,0
1832,0.008766502021145558,0.008766502021145558,0.008766502021145558,0
1833,-1.06850018237905,-1.06850018237905,-1.06850018237905,0
1834,1.3394901807471717,1.3394901807471717,1.3394901807471717,0
1835,-2.2653050293206984,-2.2653050293206984,-2.2653050293206984,0
1836,-1.446024352912781,-1.446024352912781,-1.446024352912781,0
1837,-1.1364134489301114,-1.1364134489301114,-1.1364134489301114,0
1838,-0.9678523925533028,-0.9678523925533028,-0.9678523925533028,0
1839,0.414658019850454,0.414658019850454,0.414658019850454,0
1840,-0.07348562831416268,-0.07348562831416268,-0.07348562831416268,0
1841,0.5593982194848541,0.5593982194848541,0.5593982194848541,0
1842,0.2884086839879119,0.2884086839879119,0.2884086839879119,0
1843,-1.661223339342656,-1.661223339342656,-1.661223339342656,0
1844,1.1307218954395393,,-1.4493063708077663,1
1845,0.9501338326867138,,-1.2373894022728766,1
1846,-0.389825425423481,,-1.025472433737987,1
1847,1.4853272099140984,,-0.8135554652030972,1
1848,-0.5035985032235646,,-0.6016384966682076,1
1849,-1.0341740986480223,,-0.38972152813331773,1
1850,0.2242033658669596,,-0.1778045595984279,1
1851,1.173984405265232,,0.034112408936461724,1
1852,0.616634573147205,,0.24602937747135134,1
1853,1.391554796621265,,0.45794634600624096,1
1854,0.669863314541131,0.669863314541131,0.669863314541131,0
1855,-0.04497361686857883,-0.04497361686857883,-0.04497361686857883,0
1856,1.940060490479509,1.940060490479509,1.940060490479509,0
1857,-0.17030533101829975,-0.17030533101829975,-0.17030533101829975,0
1858,0.22492014534957452,0.22492014534957452,0.22492014534957452,0
1859,0.3505469628452127,0.3505469628452127,0.3505469628452127,0
1860,0.19861776469006362,0.19861776469006362,0.19861776469006362,0
1861,-1.3027199365483237,-1.3027199365483237,-1.3027199365483237,0
1862,0.021500979376836656,0.021500979376836656,0.021500979376836656,0
1863,0.4856273704094833,0.4856273704094833,0.4856273704094833,0
1864,-2.5347466339483975,-2.5347466339483975,-2.5347466339483975,0
1865,0.07458944269332321,0.07458944269332321,0.07458944269332321,0
1866,0.22925646592058682,0.22925646592058682,0.22925646592058682,0
1867,0.4664951213685024,0.4664951213685024,0.4664951213685024,0
1868,0.8805424337142957,0.8805424337142957,0.8805424337142957,0
1869,-1.6020618340275763,-1.6020618340275763,-1.6020618340275763,0
1870,-0.5982922231056933,-0.5982922231056933,-0.5982922231056933,0
1871,0.7695042242285027,0.7695042242285027,0.7695042242285027,0
1872,-0.054260939258584044,-0.054260939258584044,-0.054260939258584044,0
1873,1.0444361601375851,1.0444361601375851,1.0444361601375851,0
1874,-2.553970830205036,-2.553970830205036,-2.553970830205036,0
1875,1.5125792004605005,1.5125792004605005,1.5125792004605005,0
1876,-0.4155824006376564,-0.4155824006376564,-0.4155824006376564,0
1877,1.0428555506123294,1.0428555506123294,1.0428555506123294,0
1878,-1.4439218203645598,-1.4439218203645598,-1.4439218203645598,0
1879,0.09380255745097033,0.09380255745097033,0.09380255745097033,0
1880,-0.3516015788340792,-0.3516015788340792,-0.3516015788340792,0
1881,0.03690893117681667,0.03690893117681667,0.03690893117681667,0
1882,-1.1720819232686945,,0.022218214651499604,1
1883,-0.9861093979488057,,0.007527498126182534,1
1884,0.49025176939446447,,-0.007163218399134537,1
1885,0.02177407352648629,,-0.021853934924451604,1
1886,1.6753557362059883,,-0.03654465144976867,1
1887,2.454808826013523,,-0.051235367975085745,1
1888,-1.2238972220714144,,-0.0659260845004028,1
1889,-0.6408496345656466,,-0.08061680102571989,1
1890,0.6049396312519797,,-0.09530751755103695,1
1891,-1.1072066969013103,,-0.109998234076354,1
1892,1.07978352832158,,-0.12468895060167107,1
1893,0.8316963548473824,,-0.13937966712698815,1
1894,-0.5883179014603246,,-0.15407038365230522,1
1895,-1.705504883597054,,-0.16876110017762228,1
1896,-0.386578598996906,,-0.18345181670293936,1
1897,0.8931640495011025,,-0.19814253322825642,1
1898,-0.15875654959045557,,-0.21283324975357348,1
1899,0.5095718630285883,,-0.22752396627889057,1
1900,0.34548700529899035,,-0.24221468280420763,1
1901,0.42398515875213466,,-0.2569053993295247,1
1902,-0.2715961158548418,-0.2715961158548418,-0.2715961158548418,0
1903,0.540566408051816,0.540566408051816,0.540566408051816,0
1904,0.8826982187965198,,0.3830526937154022,1
1905,0.5579709791075192,,0.22553897937898837,1
1906,0.12235391641045788,,0.06802526504257456,1
1907,0.5212768380433375,,-0.08948844929383926,1
1908,0.09287155413694911,,-0.24700216363025307,1
1909,-0.4519148543027515,,-0.4045158779666669,1
1910,-0.4624097209262062,,-0.5620295923030807,1
1911,-0.10393889327674738,,-0.7195433066394945,1
1912,-0.06556002974118239,,-0.8770570209759083,1
1913,-0.32033557626520553,,-1.0345707353123221,1
1914,-1.192084449648736,-1.192084449648736,-1.192084449648736,0
1915,0.6615001376666,0.6615001376666,0.6615001376666,0
1916,-1.1046477550494544,-1.1046477550494544,-1.1046477550494544,0
1917,-1.9536075414255851,-1.9536075414255851,-1.9536075414255851,0
1918,-0.4461469646964519,-0.4461469646964519,-0.4461469646964519,0
1919,1.1645030249761914,1.1645030249761914,1.1645030249761914,0
1920,0.16131769766159096,0.16131769766159096,0.16131769766159096,0
1921,1.115073283823505,1.115073283823505,1.115073283823505,0
1922,-0.616892884465002,,0.9518025929967638,1
1923,-0.6558016808359713,,0.7885319021700228,1
1924,-0.18743190776266427,,0.6252612113432817,1
1925,0.7121144018643685,,0.46199052051654066,1
1926,-0.07251776765777862,,0.2987198296897996,1
1927,-0.6635828701038754,,0.13544913886305854,1
1928,0.8041111086431416,,-0.027821551963682634,1
1929,-2.1526039308422993,,-0.19109224279042358,1
1930,-1.9465486785711634,,-0.35436293361716453,1
1931,-1.6458812825775333,,-0.5176336244439057,1
1932,-0.6809043152706467,-0.6809043152706467,-0.6809043152706467,0
1933,1.2263022642254195,,-0.5284377276317653,1
1934,1.3251634754020787,,-0.37597113999288395,1
1935,0.5067740488200652,,-0.22350455235400257,1
1936,-0.24213519604574904,,-0.07103796471512125,1
1937,0.8421170091361412,,0.08142862292376007,1
1938,0.5790605515619875,,0.2338952105626415,1
1939,1.9891718826424654,,0.38636179820152283,1
1940,0.5869056069273155,,0.5388283858404042,1
1941,-1.0246296829135517,,0.6912949734792855,1
1942,-0.2627621670713372,,0.8437615611181668,1
1943,0.996228148757048,0.996228148757048,0.996228148757048,0
1944,-1.0228899337384134,-1.0228899337384134,-1.0228899337384134,0
1945,0.8673056535663478,,-0.7847902541366063,1
1946,0.7871001151405373,,-0.5466905745347992,1
1947,-0.8532041002027073,,-0.30859089493299197,1
1948,0.5056808703597189,,-0.07049121533118485,1
1949,-0.9579777275225485,,0.16760846427062237,1
1950,-0.032140454504559816,,0.4057081438724295,1
1951,1.398273287063699,,0.6438078234742366,1
1952,-0.052227225501595864,,0.8819075030760437,1
1953,-0.22309374305560484,,1.1200071826778508,1
1954,1.738545095973195,,1.3581068622796582,1
1955,1.596206541881465,1.596206541881465,1.596206541881465,0
1956,0.37400054631730295,0.37400054631730295,0.37400054631730295,0
1957,0.031852296210433124,0.031852296210433124,0.031852296210433124,0
1958,-0.878394925542702,-0.878394925542702,-0.878394925542702,0
1959,-0.3876229511807789,-0.3876229511807789,-0.3876229511807789,0
1960,-1.1852027100599332,-1.1852027100599332,-1.1852027100599332,0
1961,1.5049340554525883,1.5049340554525883,1.5049340554525883,0
1962,-1.2167287946888925,-1.2167287946888925,-1.2167287946888925,0
1963,-1.1304712059934432,-1.1304712059934432,-1.1304712059934432,0
1964,-0.590454978097196,-0.590454978097196,-0.590454978097196,0
1965,-0.26614894438170056,-0.26614894438170056,-0.26614894438170056,0
1966,-1.2228761268797823,-1.2228761268797823,-1.2228761268797823,0
1967,0.3186336447864562,,-1.0883802504815059,1
1968,0.2725144050289072,,-0.9538843740832297,1
1969,-1.1035175733416578,,-0.8193884976849533,1
1970,0.6477343429079608,,-0.6848926212866769,1
1971,0.01967939502632883,,-0.5503967448884006,1
1972,-0.19974838871103007,,-0.4159008684901242,1
1973,0.349343530771556,,-0.2814049920918479,1
1974,0.730577443605727,,-0.14690911569357157,1
1975,0.29579053216745443,,-0.012413239295295142,1
1976,0.47313445166220097,,0.12208263710298106,1
1977,0.2565785135012576,0.2565785135012576,0.2565785135012576,0
1978,-0.5576059883806874,-0.5576059883806874,-0.5576059883806874,0
1979,0.37890435169361925,0.37890435169361925,0.37890435169361925,0
1980,-0.5727454258334136,-0.5727454258334136,-0.5727454258334136,0
1981,1.562512984810932,1.562512984810932,1.562512984810932,0
1982,-0.5187109363371838,-0.5187109363371838,-0.5187109363371838,0
1983,2.4669420812498974,2.4669420812498974,2.4669420812498974,0
1984,0.8930259529047078,0.8930259529047078,0.8930259529047078,0
1985,-0.711916414844602,-0.711916414844602,-0.711916414844602,0
1986,0.1427656725847913,,-0.5392456185342153,1
1987,0.4535208987120035,,-0.3665748222238286,1
1988,2.510130077191463,,-0.1939040259134419,1
1989,-0.29193704042452573,,-0.02123322960305518,1
1990,-0.25659768591348253,,0.15143756670733155,1
1991,0.45620343700281774,,0.32410836301771817,1
1992,-0.7588618095055147,,0.496779159328105,1
1993,0.30379889823518064,,0.6694499556384916,1
1994,-0.8220849755261582,,0.8421207519488783,1
1995,0.43047369418911485,,1.014791548259265,1
1996,1.1874623445696517,1.1874623445696517,1.1874623445696517,0
1997,0.862305820873253,0.862305820873253,0.862305820873253,0
1998,-3.500989760761459,-3.500989760761459,-3.500989760761459,0
1999,0.17726256147858638,0.17726256147858638,0.17726256147858638,0
2000,-1.2159319566628768,-1.2159319566628768,-1.2159319566628768,0
2001,0.14743677998316848,0.14743677998316848,0.14743677998316848,0
2002,1.3329672238554515,1.3329672238554515,1.3329672238554515,0
2003,0.09566760239422742,0.09566760239422742,0.09566760239422742,0
2004,-0.7437935029367031,-0.7437935029367031,-0.7437935029367031,0
2005,-0.6316402753897127,-0.6316402753897127,-0.6316402753897127,0
2006,-1.4092473872378077,-1.4092473872378077,-1.4092473872378077,0
2007,-0.2528743433563702,-0.2528743433563702,-0.2528743433563702,0
2008,-1.4807047636092296,-1.4807047636092296,-1.4807047636092296,0
2009,-1.7971360552399187,-1.7971360552399187,-1.7971360552399187,0
2010,0.2755134595850759,0.2755134595850759,0.2755134595850759,0
2011,-0.3684184629568579,-0.3684184629568579,-0.3684184629568579,0
2012,-0.38964150221870797,-0.38964150221870797,-0.38964150221870797,0
2013,-0.019028543157534952,,-0.2790766815156852,1
2014,0.20488199907583832,,-0.16851186081266242,1
2015,0.6834480427160907,,-0.057947040109639636,1
2016,0.35226397000564724,,0.05261778059338312,1
2017,-0.025817295972371743,,0.16318260129640594,1
2018,0.16967493612677292,,0.2737474219994287,1
2019,-0.3770947417691066,,0.38431224270245146,1
2020,-1.3201088008880324,,0.4948770634054742,1
2021,1.1716853146382147,,0.605441884108497,1
2022,-1.3580360520215977,,0.7160067048115198,1
2023,0.8265715255145425,0.8265715255145425,0.8265715255145425,0
2024,-0.26618428164158375,-0.26618428164158375,-0.26618428164158375,0
2025,-1.3532367091601598,-1.3532367091601598,-1.3532367091601598,0
2026,2.263259936133177,2.263259936133177,2.263259936133177,0
2027,1.1117786341378495,1.1117786341378495,1.1117786341378495,0
2028,0.24333325083355237,0.24333325083355237,0.24333325083355237,0
2029,-0.04955973349434858,-0.04955973349434858,-0.04955973349434858,0
2030,-0.8232633064960136,-0.8232633064960136,-0.8232633064960136,0
2031,-0.8603134002655661,,-0.8667798189467225,1
2032,-0.5873363577147898,,-0.9102963313974313,1
2033,-0.9244794929609533,,-0.9538128438481401,1
2034,-0.06418436734658503,,-0.997329356298849,1
2035,1.806466898704426,,-1.0408458687495579,1
2036,-1.5681419968103523,,-1.0843623812002667,1
2037,0.059634031197784196,,-1.1278788936509754,1
2038,-0.9485742655591134,,-1.1713954061016842,1
2039,-0.3821923570249653,,-1.214911918552393,1
2040,0.6942630312621335,,-1.258428431003102,1
2041,-1.3019449434538108,-1.3019449434538108,-1.3019449434538108,0
2042,0.5911867606495158,0.5911867606495158,0.5911867606495158,0
2043,1.781076913038663,1.781076913038663,1.781076913038663,0
2044,-1.3960748964815555,-1.3960748964815555,-1.3960748964815555,0
2045,-0.17671658259536455,-0.17671658259536455,-0.17671658259536455,0
2046,0.6946436360086802,0.6946436360086802,0.6946436360086802,0
2047,-1.5957569075841092,-1.5957569075841092,-1.5957569075841092,0
2048,0.6710298072896727,0.6710298072896727,0.6710298072896727,0
2049,-0.9935283587137206,-0.9935283587137206,-0.9935283587137206,0
2050,-2.0753753318631696,-2.0753753318631696,-2.0753753318631696,0
2051,-0.5821805796882368,-0.5821805796882368,-0.5821805796882368,0
2052,-1.2868524247077664,-1.2868524247077664,-1.2868524247077664,0
2053,-0.6055055446059766,-0.6055055446059766,-0.6055055446059766,0
2054,-1.1037249419898714,-1.1037249419898714,-1.1037249419898714,0
2055,-2.052841113508564,-2.052841113508564,-2.052841113508564,0
2056,-1.027145150679748,-1.027145150679748,-1.027145150679748,0
2057,-1.6775842002025445,-1.6775842002025445,-1.6775842002025445,0
2058,0.6798255961249574,0.6798255961249574,0.6798255961249574,0
2059,-0.815870241733074,,0.5969990852863857,1
2060,-0.8169224630497626,,0.5141725744478141,1
2061,0.17902807656333167,,0.4313460636092423,1
2062,-0.4664067082673287,,0.3485195527706706,1
2063,-0.17448951074294583,,0.26569304193209886,1
2064,0.4354973589115597,,0.18286653109352718,1
2065,1.127180431439316,,0.10004002025495551,1
2066,1.89319619190099,,0.017213509416383777,1
2067,-0.9352784448504643,,-0.06561300142218796,1
2068,-1.9728745781076045,,-0.1484395122607597,1
2069,-0.2312660230993313,-0.2312660230993313,-0.2312660230993313,0
2070,-1.1667217357728212,-1.1667217357728212,-1.1667217357728212,0
2071,-0.9161080972972877,-0.9161080972972877,-0.9161080972972877,0
2072,1.477646001988676,1.477646001988676,1.477646001988676,0
2073,0.7124852459974511,0.7124852459974511,0.7124852459974511,0
2074,-0.5498307834067592,-0.5498307834067592,-0.5498307834067592,0
2075,-1.2767036729938568,-1.2767036729938568,-1.2767036729938568,0
2076,-0.5490439346598237,-0.5490439346598237,-0.5490439346598237,0
2077,1.323294391556982,1.323294391556982,1.323294391556982,0
2078,2.1614243585349033,2.1614243585349033,2.1614243585349033,0
2079,0.6561211220030757,,1.9960417392919259,1
2080,0.9634683800838636,,1.8306591200489482,1
2081,-0.304825942311335,,1.6652765008059704,1
2082,-0.8633557594940605,,1.499893881562993,1
2083,-1.7844784876442128,,1.3345112623200155,1
2084,-0.4262064378258908,,1.1691286430770378,1
2085,-0.2613018950178406,,1.00374602383406,1
2086,-0.15066634584337998,,0.8383634045910826,1
2087,-1.435963706096834,,0.6729807853481051,1
2088,-1.9221996919705937,,0.5075981661051274,1
2089,0.34221554686214994,0.34221554686214994,0.34221554686214994,0
2090,1.3848316106824845,1.3848316106824845,1.3848316106824845,0
2091,-0.2346406547898084,-0.2346406547898084,-0.2346406547898084,0
2092,-0.953773109645541,-0.953773109645541,-0.953773109645541,0
2093,0.28636428611995357,0.28636428611995357,0.28636428611995357,0
2094,-1.4990084014662,-1.4990084014662,-1.4990084014662,0
2095,-0.9366875984158171,-0.9366875984158171,-0.9366875984158171,0
2096,-1.953565595261697,-1.953565595261697,-1.953565595261697,0
2097,0.05885689008610068,0.05885689008610068,0.05885689008610068,0
2098,-1.3045395530359356,-1.3045395530359356,-1.3045395530359356,0
2099,-0.4430839050910673,-0.4430839050910673,-0.4430839050910673,0
2100,0.5270572891219953,0.5270572891219953,0.5270572891219953,0
2101,1.2662889298471398,1.2662889298471398,1.2662889298471398,0
2102,0.2983919474397602,0.2983919474397602,0.2983919474397602,0
2103,-0.9710826990932306,-0.9710826990932306,-0.9710826990932306,0
2104,0.4740179808244385,0.4740179808244385,0.4740179808244385,0
2105,-0.0012966278500698347,-0.0012966278500698347,-0.0012966278500698347,0
2106,0.6428632067101778,0.6428632067101778,0.6428632067101778,0
2107,-0.40110713357061906,-0.40110713357061906,-0.40110713357061906,0
2108,0.5054560153259314,0.5054560153259314,0.5054560153259314,0
2109,-0.200364220657626,-0.200364220657626,-0.200364220657626,0
2110,0.9863173219386653,0.9863173219386653,0.9863173219386653,0
2111,1.9340862785666095,1.9340862785666095,1.9340862785666095,0
2112,-0.10013652637545288,-0.10013652637545288,-0.10013652637545288,0
2113,-0.20431965489511353,-0.20431965489511353,-0.20431965489511353,0
2114,0.8872993907159689,0.8872993907159689,0.8872993907159689,0
2115,0.5245065551232284,0.5245065551232284,0.5245065551232284,0
2116,-1.3739065777423043,-1.3739065777423043,-1.3739065777423043,0
2117,-0.9484410928988286,,-1.320055022884613,1
2118,-0.8010618228078091,,-1.2662034680269216,1
2119,0.9799061336623638,,-1.2123519131692304,1
2120,1.011755882770592,,-1.1585003583115392,1
2121,-0.4262350975395154,,-1.104648803453848,1
2122,-0.5895393826835443,,-1.0507972485961565,1
2123,0.45819977434730297,,-0.9969456937384653,1
2124,-0.03677650721453835,,-0.943094138880774,1
2125,-1.4395050741304,,-0.8892425840230826,1
2126,2.094548764580881,,-0.8353910291653914,1
2127,-0.7815394743077001,-0.7815394743077001,-0.7815394743077001,0
2128,-0.5924011868475497,-0.5924011868475497,-0.5924011868475497,0
2129,1.835486175228435,1.835486175228435,1.835486175228435,0
2130,0.745860039365633,0.745860039365633,0.745860039365633,0
2131,-0.729220636055039,-0.729220636055039,-0.729220636055039,0
2132,-0.6525969950843729,,-0.6049980376373743,1
2133,-0.748828519488344,,-0.48077543921970955,1
2134,-0.6309029937029617,,-0.3565528408020449,1
2135,0.4090492978755402,,-0.23233024238438021,1
2136,0.6521747164370518,,-0.10810764396671557,1
2137,0.2558005966935849,,0.016114954450949126,1
2138,-2.103026871594986,,0.14033755286861382,1
2139,0.0037291506729873877,,0.2645601512862785,1
2140,-0.3780550317063767,,0.3887827497039432,1
2141,-0.5861475793644729,,0.5130053481216078,1
2142,0.6372279465392726,0.6372279465392726,0.6372279465392726,0
2143,-2.0394528549728044,-2.0394528549728044,-2.0394528549728044,0
2144,-0.02096125695724867,-0.02096125695724867,-0.02096125695724867,0
2145,-0.8861168417036653,-0.8861168417036653,-0.8861168417036653,0
2146,-0.4533310916042584,-0.4533310916042584,-0.4533310916042584,0
2147,0.3237886340721512,0.3237886340721512,0.3237886340721512,0
2148,1.8064203822020786,1.8064203822020786,1.8064203822020786,0
2149,-1.0328328473234905,-1.0328328473234905,-1.0328328473234905,0
2150,0.4565577091164041,0.4565577091164041,0.4565577091164041,0
2151,-0.6338931207852619,-0.6338931207852619,-0.6338931207852619,0
2152,0.0778371133984797,0.0778371133984797,0.0778371133984797,0
2153,-0.2303849328717203,-0.2303849328717203,-0.2303849328717203,0
2154,0.23356474261153606,0.23356474261153606,0.23356474261153606,0
2155,-0.2613849120715671,-0.2613849120715671,-0.2613849120715671,0
2156,0.38824362782732824,0.38824362782732824,0.38824362782732824,0
2157,0.20440910091890485,0.20440910091890485,0.20440910091890485,0
2158,0.5672160943560774,0.5672160943560774,0.5672160943560774,0
2159,0.9371799588620986,,0.33007745294295276,1
2160,0.8087045477723986,,0.09293881152982808,1
2161,-0.6918413908071874,,-0.1441998298832966,1
2162,-0.929549358421692,,-0.3813384712964213,1
2163,-0.32631641955218865,,-0.618477112709546,1
2164,-1.1737679464018482,,-0.8556157541226707,1
2165,0.26241484538282617,,-1.0927543955357955,1
2166,0.12179512890836643,,-1.3298930369489201,1
2167,-0.9870234934772016,,-1.5670316783620448,1
2168,1.8880155757158446,,-1.8041703197751695,1
2169,-2.041308961188294,-2.041308961188294,-2.041308961188294,0
2170,1.5088686999571543,1.5088686999571543,1.5088686999571543,0
2171,1.8584193488655147,1.8584193488655147,1.8584193488655147,0
2172,-0.3321802042571361,-0.3321802042571361,-0.3321802042571361,0
2173,-0.18694209094986133,-0.18694209094986133,-0.18694209094986133,0
2174,0.10718516157407208,0.10718516157407208,0.10718516157407208,0
2175,0.8240511827279042,0.8240511827279042,0.8240511827279042,0
2176,0.7644345493196748,0.7644345493196748,0.7644345493196748,0
2177,0.5312327065046774,0.5312327065046774,0.5312327065046774,0
2178,0.08611604304276643,0.08611604304276643,0.08611604304276643,0
2179,0.3120621275996748,0.3120621275996748,0.3120621275996748,0
2180,-0.6939076572214793,,0.24499107417345617,1
2181,-0.34512195021598163,,0.17792002074723756,1
2182,-1.0242263096732704,,0.11084896732101895,1
2183,-1.2197760028229903,,0.04377791389480035,1
2184,0.895081389372069,,-0.02329313953141826,1
2185,-0.47390902410647023,,-0.09036419295763687,1
2186,0.2427162511843957,,-0.15743524638385548,1
2187,1.1841303724363808,,-0.22450629981007408,1
2188,0.6186617771294982,,-0.29157735323629275,1
2189,-1.4002413857368152,,-0.3586484066625113,1
2190,-0.9842975916177906,,-0.42571946008872985,1
2191,-0.6981509236046376,,-0.4927905135149485,1
2192,0.22737462688396898,,-0.5598615669411672,1
2193,0.7758742461030936,,-0.6269326203673857,1
2194,-0.0011466625059244904,,-0.6940036737936043,1
2195,1.0110114012052271,,-0.7610747272198229,1
2196,0.37689801411234763,,-0.8281457806460416,1
2197,-1.2819234909267194,,-0.8952168340722603,1
2198,-0.06662010505640431,,-0.9622878874984787,1
2199,1.0802899749727803,,-1.0293589409246975,1
2200,-1.0964299943509161,-1.0964299943509161,-1.0964299943509161,0
2201,-0.16725832111646152,-0.16725832111646152,-0.16725832111646152,0
2202,0.7759478655004504,0.7759478655004504,0.7759478655004504,0
2203,-0.18792323481033807,-0.18792323481033807,-0.18792323481033807,0
2204,0.7045732532142588,0.7045732532142588,0.7045732532142588,0
2205,-1.321822731009452,-1.321822731009452,-1.321822731009452,0
2206,-0.2364189059632543,-0.2364189059632543,-0.2364189059632543,0
2207,1.3504674716972171,1.3504674716972171,1.3504674716972171,0
2208,-0.3852751733405198,-0.3852751733405198,-0.3852751733405198,0
2209,-0.03105569106638175,,-0.5053774045961626,1
2210,0.1612446074228498,,-0.6254796358518055,1
2211,-1.1320852966984147,,-0.7455818671074484,1
2212,-0.32229895854938123,,-0.8656840983630913,1
2213,0.4090267056958115,,-0.9857863296187341,1
2214,2.153206704111842,,-1.1058885608743771,1
2215,-1.883996921143572,,-1.22599079213002,1
2216,-0.6818553282357837,,-1.346093023385663,1
2217,-0.0381225199168092,,-1.4661952546413057,1
2218,0.9142908988313191,,-1.5862974858969485,1
2219,-1.7063997171525915,-1.7063997171525915,-1.7063997171525915,0
2220,0.38474987676035827,0.38474987676035827,0.38474987676035827,0
2221,-1.167606401325786,-1.167606401325786,-1.167606401325786,0
2222,-0.7152959605211127,-0.7152959605211127,-0.7152959605211127,0
2223,0.42651764372753787,0.42651764372753787,0.42651764372753787,0
2224,0.5263263058991454,0.5263263058991454,0.5263263058991454,0
2225,-1.1940974082241356,-1.1940974082241356,-1.1940974082241356,0
2226,-0.3839863050757308,-0.3839863050757308,-0.3839863050757308,0
2227,-0.7242881737484159,-0.7242881737484159,-0.7242881737484159,0
2228,0.21506707868830616,0.21506707868830616,0.21506707868830616,0
2229,-1.8049926165381616,-1.8049926165381616,-1.8049926165381616,0
2230,-0.8145516912153671,-0.8145516912153671,-0.8145516912153671,0
2231,-0.1862569111447775,-0.1862569111447775,-0.1862569111447775,0
2232,-0.7844948698532699,-0.7844948698532699,-0.7844948698532699,0
2233,0.333163608255619,,-0.8086857548892825,1
2234,0.26611836336482825,,-0.832876639925295,1
2235,-2.2634352528293604,,-0.8570675249613077,1
2236,-1.1649794478177682,,-0.8812584099973202,1
2237,-0.6539967212336163,,-0.9054492950333328,1
2238,-0.8343568700044819,,-0.9296401800693455,1
2239,-0.47183792166631355,,-0.9538310651053581,1
2240,0.2689552430409024,,-0.9780219501413706,1
2241,-0.5116366220872063,,-1.0022128351773831,1
2242,-0.23987645970096183,,-1.0264037202133958,1
2243,-1.0505946052494084,-1.0505946052494084,-1.0505946052494084,0
2244,-0.38722748308145205,-0.38722748308145205,-0.38722748308145205,0
2245,1.239912779246302,1.239912779246302,1.239912779246302,0
2246,-1.0991119351147085,-1.0991119351147085,-1.0991119351147085,0
2247,0.5098676177733055,0.5098676177733055,0.5098676177733055,0
2248,0.7660792347379037,0.7660792347379037,0.7660792347379037,0
2249,1.2910787191069357,1.2910787191069357,1.2910787191069357,0
2250,-1.7433120633284938,-1.7433120633284938,-1.7433120633284938,0
2251,1.9813453087904032,1.9813453087904032,1.9813453087904032,0
2252,1.2180461523408157,,1.7916057633978313,1
2253,1.3036830918521887,,1.6018662180052594,1
2254,0.6900346786020024,,1.4121266726126875,1
2255,0.5729402758975005,,1.2223871272201157,1
2256,-0.6426767853949451,,1.0326475818275438,1
2257,0.2897653349666161,,0.8429080364349721,1
2258,-0.18182943551660988,,0.6531684910424003,1
2259,-0.9055143985259135,,0.4634289456498284,1
2260,-1.137563177466104,,0.2736894002572565,1
2261,0.4803014266362719,,0.08394985486468465,1
2262,-0.10578969052788718,-0.10578969052788718,-0.10578969052788718,0
2263,0.23265846053820652,0.23265846053820652,0.23265846053820652,0
2264,-0.6803515029187399,-0.6803515029187399,-0.6803515029187399,0
2265,-1.0478012145993028,-1.0478012145993028,-1.0478012145993028,0
2266,0.6218851587282559,0.6218851587282559,0.6218851587282559,0
2267,-0.6941848151815607,-0.6941848151815607,-0.6941848151815607,0
2268,0.5741798111358318,,-0.738661552447416,1
2269,0.30457686248337074,,-0.7831382897132713,1
2270,-0.2113888323707649,,-0.8276150269791266,1
2271,0.27155303696598837,,-0.8720917642449819,1
2272,-0.3481925885681227,,-0.9165685015108371,1
2273,-0.26217090568762186,,-0.9610452387766925,1
2274,1.345779250518976,,-1.0055219760425478,1
2275,0.17471424626823198,,-1.049998713308403,1
2276,-1.07169860068554,,-1.0944754505742582,1
2277,0.8581062394866937,,-1.1389521878401134,1
2278,-1.1834289251059689,-1.1834289251059689,-1.1834289251059689,0
2279,-0.06280723718729825,-0.06280723718729825,-0.06280723718729825,0
2280,-0.47187183631192486,-0.47187183631192486,-0.47187183631192486,0
2281,-0.1877634803956862,-0.1877634803956862,-0.1877634803956862,0
2282,-0.5665778594310426,-0.5665778594310426,-0.5665778594310426,0
2283,-0.5774067163026552,-0.5774067163026552,-0.5774067163026552,0
2284,-0.1597749269344026,-0.1597749269344026,-0.1597749269344026,0
2285,-0.02812427814951438,,-0.12221175812917826,1
2286,-0.3818440833944401,,-0.08464858932395393,1
2287,-0.04508700600487629,,-0.047085420518729604,1
2288,1.4669660791649517,,-0.009522251713505264,1
2289,-0.06586049439045008,,0.028040917091719075,1
2290,-0.7742776493262312,,0.06560408589694339,1
2291,0.7104269144113562,,0.10316725470216775,1
2292,1.565585098559319,,0.14073042350739207,1
2293,-0.3527808141163544,,0.17829359231261638,1
2294,-0.049755865908563346,,0.21585676111784075,1
2295,0.25341992992306506,0.25341992992306506,0.25341992992306506,0
2296,1.1710619631307264,,0.1896337025496923,1
2297,1.4658538240613315,,0.12584747517631956,1
2298,0.12007118069341345,,0.062061247802946806,1
2299,0.5717263783694442,,-0.001724979570425944,1
2300,-1.1079917573130684,,-0.0655112069437987,1
2301,-0.2764960521637966,,-0.12929743431717144,1
2302,-0.6698203999731673,,-0.1930836616905442,1
2303,0.9681086139462682,,-0.25686988906391695,1
2304,-0.25302406144269834,,-0.32065611643728964,1
2305,-0.2715418604436059,,-0.38444234381066245,1
2306,-0.44822857118403525,-0.44822857118403525,-0.44822857118403525,0
2307,-0.15269650665732878,-0.15269650665732878,-0.15269650665732878,0
2308,-0.29972380036269786,-0.29972380036269786,-0.29972380036269786,0
2309,-0.638595998374619,-0.638595998374619,-0.638595998374619,0
2310,1.0946086483451347,1.0946086483451347,1.0946086483451347,0
2311,0.5478030384416458,0.5478030384416458,0.5478030384416458,0
2312,0.3349379899743615,0.3349379899743615,0.3349379899743615,0
2313,-0.7981207125879598,-0.7981207125879598,-0.7981207125879598,0
2314,0.2642696656563416,0.2642696656563416,0.2642696656563416,0
2315,0.36366977316933335,,0.21402231619282705,1
2316,0.14347252737634233,,0.16377496672931252,1
2317,-1.1775265983921595,,0.11352761726579802,1
2318,1.2839088710184383,,0.06328026780228349,1
2319,0.7260770037521599,,0.013032918338768962,1
2320,-1.130767618613497,,-0.03721443112474554,1
2321,-1.0890394327509436,,-0.0874617805882601,1
2322,1.506678442639537,,-0.1377091300517746,1
2323,-0.24005115099071864,,-0.1879564795152891,1
2324,-0.6337102272167451,,-0.23820382897880366,1
2325,-0.2884511784423182,-0.2884511784423182,-0.2884511784423182,0
2326,-0.9256384284903563,-0.9256384284903563,-0.9256384284903563,0
2327,-0.299454062551585,-0.299454062551585,-0.299454062551585,0
2328,-0.7753917387720437,-0.7753917387720437,-0.7753917387720437,0
2329,0.44637791436462,0.44637791436462,0.44637791436462,0
2330,-0.40635923823578574,-0.40635923823578574,-0.40635923823578574,0
2331,1.3384972531583499,,-0.43522907665493393,1
2332,1.4883278487955445,,-0.46409891507408213,1
2333,-1.8225821774814177,,-0.4929687534932303,1
2334,0.48187409883113613,,-0.5218385919123786,1
2335,1.4533717507251027,,-0.5507084303315268,1
2336,0.5399900981037073,,-0.579578268750675,1
2337,-0.2816548249096743,,-0.6084481071698232,1
2338,0.8350585039001946,,-0.6373179455889714,1
2339,-0.4013119781228827,,-0.6661877840081196,1
2340,0.25509676762022765,,-0.6950576224272678,1
2341,-0.723927460846416,-0.723927460846416,-0.723927460846416,0
2342,-0.33991935269540513,-0.33991935269540513,-0.33991935269540513,0
2343,-1.6651546198904457,-1.6651546198904457,-1.6651546198904457,0
2344,-0.048025660583289935,-0.048025660583289935,-0.048025660583289935,0
2345,-0.7900749521592223,-0.7900749521592223,-0.7900749521592223,0
2346,-0.3443179186614486,-0.3443179186614486,-0.3443179186614486,0
2347,0.14497541747334697,0.14497541747334697,0.14497541747334697,0
2348,-0.9211306776025924,-0.9211306776025924,-0.9211306776025924,0
2349,1.196307044856468,1.196307044856468,1.196307044856468,0
2350,-1.2144298397716222,-1.2144298397716222,-1.2144298397716222,0
2351,0.46123897753168747,0.46123897753168747,0.46123897753168747,0
2352,-2.0000552990202745,-2.0000552990202745,-2.0000552990202745,0
2353,-0.24317272600290252,-0.24317272600290252,-0.24317272600290252,0
2354,0.8396875571710306,0.8396875571710306,0.8396875571710306,0
2355,-0.7610088752358497,-0.7610088752358497,-0.7610088752358497,0
2356,1.2877628555864093,1.2877628555864093,1.2877628555864093,0
2357,0.43312726879062335,0.43312726879062335,0.43312726879062335,0
2358,1.6102094348879477,1.6102094348879477,1.6102094348879477,0
2359,-1.4166034220769674,-1.4166034220769674,-1.4166034220769674,0
2360,-0.33296921229226445,-0.33296921229226445,-0.33296921229226445,0
2361,-0.05093069346718938,-0.05093069346718938,-0.05093069346718938,0
2362,-1.4098684867922784,-1.4098684867922784,-1.4098684867922784,0
2363,0.7345202872826869,0.7345202872826869,0.7345202872826869,0
2364,0.6916499188162459,0.6916499188162459,0.6916499188162459,0
2365,-0.2533894757873457,-0.2533894757873457,-0.2533894757873457,0
2366,-0.8629463903400295,-0.8629463903400295,-0.8629463903400295,0
2367,1.9098531375850496,1.9098531375850496,1.9098531375850496,0
2368,0.10304713485770828,0.10304713485770828,0.10304713485770828,0
2369,-0.2086863819154868,-0.2086863819154868,-0.2086863819154868,0
2370,0.728912454608183,0.728912454608183,0.728912454608183,0
2371,2.0997586037655167,2.0997586037655167,2.0997586037655167,0
2372,0.26571971941964745,0.26571971941964745,0.26571971941964745,0
2373,-0.6480010321904283,-0.6480010321904283,-0.6480010321904283,0
2374,1.4065956238705313,1.4065956238705313,1.4065956238705313,0
2375,0.7095495245373561,,1.2769092830584174,1
2376,0.634384816893671,,1.1472229422463038,1
2377,-0.3986522935516426,,1.0175366014341902,1
2378,0.16391549801994187,,0.8878502606220764,1
2379,2.0727867918483667,,0.7581639198099627,1
2380,-0.3646566218090425,,0.628477578997849,1
2381,1.7406160229507268,,0.49879123818573523,1
2382,0.16404660894606896,,0.3691048973736215,1
2383,0.8597375389383455,,0.2394185565615079,1
2384,-0.6732953485089697,,0.10973221574939407,1
2385,-0.019954125062719593,-0.019954125062719593,-0.019954125062719593,0
2386,-0.005656727264754857,-0.005656727264754857,-0.005656727264754857,0
2387,-0.24290610554020275,-0.24290610554020275,-0.24290610554020275,0
2388,1.322608637889141,1.322608637889141,1.322608637889141,0
2389,-0.1308541058909545,-0.1308541058909545,-0.1308541058909545,0
2390,1.3996032713850515,1.3996032713850515,1.3996032713850515,0
2391,0.595460481240776,0.595460481240776,0.595460481240776,0
2392,-1.0052095172852034,,0.535584321459116,1
2393,-1.3075695821418922,,0.4757081616774562,1
2394,0.7458175036540804,,0.4158320018957963,1
2395,-0.4141285149038935,,0.3559558421141364,1
2396,-1.5352664924759645,,0.2960796823324765,1
2397,0.6520761797851924,,0.23620352255081656,1
2398,-0.33524534239587217,,0.17632736276915667,1
2399,-0.12768603352766125,,0.11645120298749678,1
2400,-0.396539718103939,,0.05657504320583684,1
2401,-0.7109396356831122,,-0.0033011165758229932,1
2402,1.5243973717181438,,-0.06317727635748294,1
2403,1.3958826390427639,,-0.12305343613914288,1
2404,1.3559395177484665,,-0.1829295959208027,1
2405,-0.874040888425285,,-0.24280575570246266,1
2406,1.4253316938359781,,-0.3026819154841225,1
2407,0.4223054325007969,,-0.36255807526578243,1
2408,-0.8165087828273305,,-0.4224342350474424,1
2409,0.7573833826615315,,-0.4823103948291023,1
2410,-0.16853317819216268,,-0.542186554610762,1
2411,-0.5087315639338719,,-0.602062714392422,1
2412,-0.661938874174082,-0.661938874174082,-0.661938874174082,0
2413,0.6613069340918009,0.6613069340918009,0.6613069340918009,0
2414,-1.66534048395445,-1.66534048395445,-1.66534048395445,0
2415,1.962468118143555,1.962468118143555,1.962468118143555,0
2416,0.39944843070814373,0.39944843070814373,0.39944843070814373,0
2417,-0.25388187252372085,-0.25388187252372085,-0.25388187252372085,0
2418,-1.1254104841547223,-1.1254104841547223,-1.1254104841547223,0
2419,0.2545472590654769,0.2545472590654769,0.2545472590654769,0
2420,1.8179611514656684,1.8179611514656684,1.8179611514656684,0
2421,-0.3360271986002617,-0.3360271986002617,-0.3360271986002617,0
2422,-0.8346654599699687,-0.8346654599699687,-0.8346654599699687,0
2423,-1.2993976248626251,-1.2993976248626251,-1.2993976248626251,0
2424,-0.5625000421246926,-0.5625000421246926,-0.5625000421246926,0
2425,0.46679881601484796,0.46679881601484796,0.46679881601484796,0
2426,-1.6515645363599107,-1.6515645363599107,-1.6515645363599107,0
2427,-0.31325259079479617,-0.31325259079479617,-0.31325259079479617,0
2428,-1.470131435825292,-1.470131435825292,-1.470131435825292,0
2429,-1.066573366110406,-1.066573366110406,-1.066573366110406,0
2430,0.04715629692093413,0.04715629692093413,0.04715629692093413,0
2431,-0.21234069167947972,-0.21234069167947972,-0.21234069167947972,0
2432,-0.5915521064543939,-0.5915521064543939,-0.5915521064543939,0
2433,0.8410304478461893,0.8410304478461893,0.8410304478461893,0
2434,2.469728697783831,2.469728697783831,2.469728697783831,0
2435,-0.8547617483299067,-0.8547617483299067,-0.8547617483299067,0
2436,0.5744559080988999,0.5744559080988999,0.5744559080988999,0
2437,0.20411069588236158,0.20411069588236158,0.20411069588236158,0
2438,1.928839756216493,1.928839756216493,1.928839756216493,0
2439,-1.3195745933068073,-1.3195745933068073,-1.3195745933068073,0
2440,1.6367474386198926,1.6367474386198926,1.6367474386198926,0
2441,-0.9980612544379585,-0.9980612544379585,-0.9980612544379585,0
2442,0.11734940583781184,0.11734940583781184,0.11734940583781184,0
2443,0.5872933112921811,,0.06093509801451566,1
2444,0.851985864196209,,0.0045207901912194814,1
2445,1.5450269844937852,,-0.0518935176320767,1
2446,0.5134176135305933,,-0.10830782545537287,1
2447,2.2907576361217594,,-0.16472213327866903,1
2448,1.3701381521577796,,-0.22113644110196523,1
2449,0.13303554219956623,,-0.27755074892526144,1
2450,-1.8043334773257662,,-0.3339650567485576,1
2451,-0.1524309613187775,,-0.39037936457185374,1
2452,0.2953746454978575,,-0.4467936723951499,1
2453,-0.5032079802184461,-0.5032079802184461,-0.5032079802184461,0
2454,-1.6339166170435737,-1.6339166170435737,-1.6339166170435737,0
2455,-2.0586060808261846,-2.0586060808261846,-2.0586060808261846,0
2456,-0.3308760444249913,-0.3308760444249913,-0.3308760444249913,0
2457,0.2867628344678007,0.2867628344678007,0.2867628344678007,0
2458,-1.010735546398049,-1.010735546398049,-1.010735546398049,0
2459,-0.5782310836628719,-0.5782310836628719,-0.5782310836628719,0
2460,-0.702313292039452,-0.702313292039452,-0.702313292039452,0
2461,-1.678970733505033,-1.678970733505033,-1.678970733505033,0
2462,-0.9406696511506404,-0.9406696511506404,-0.9406696511506404,0
2463,-0.9743550411848886,-0.9743550411848886,-0.9743550411848886,0
2464,0.710480004839142,0.710480004839142,0.710480004839142,0
2465,-1.1007384770097275,-1.1007384770097275,-1.1007384770097275,0
2466,-1.797881688242882,-1.797881688242882,-1.797881688242882,0
2467,-0.02802776141160475,-0.02802776141160475,-0.02802776141160475,0
2468,-0.055719406507942666,-0.055719406507942666,-0.055719406507942666,0
2469,1.2606677535761517,1.2606677535761517,1.2606677535761517,0
2470,0.035553684140881815,0.035553684140881815,0.035553684140881815,0
2471,1.0439964328583802,1.0439964328583802,1.0439964328583802,0
2472,0.0008577592697430099,0.0008577592697430099,0.0008577592697430099,0
2473,-0.4311172292316546,-0.4311172292316546,-0.4311172292316546,0
2474,0.29707237352312155,0.29707237352312155,0.29707237352312155,0
2475,-0.47488798259608256,-0.47488798259608256,-0.47488798259608256,0
2476,0.07093040037921854,0.07093040037921854,0.07093040037921854,0
2477,-0.47076435054734744,-0.47076435054734744,-0.47076435054734744,0
2478,1.8128721375219188,1.8128721375219188,1.8128721375219188,0
2479,-0.7103981268765445,-0.7103981268765445,-0.7103981268765445,0
2480,-0.03159962575580306,-0.03159962575580306,-0.03159962575580306,0
2481,2.5175382193779727,2.5175382193779727,2.5175382193779727,0
2482,1.6270176632906503,1.6270176632906503,1.6270176632906503,0
2483,-1.1269953451925299,-1.1269953451925299,-1.1269953451925299,0
2484,2.054203716714938,2.054203716714938,2.054203716714938,0
2485,-1.052302621499412,-1.052302621499412,-1.052302621499412,0
2486,1.481865712467456,1.481865712467456,1.481865712467456,0
2487,-1.7149056245659606,-1.7149056245659606,-1.7149056245659606,0
2488,1.5614764609105136,1.5614764609105136,1.5614764609105136,0
2489,-0.6027604643470389,-0.6027604643470389,-0.6027604643470389,0
2490,-0.12487466059294926,-0.12487466059294926,-0.12487466059294926,0
2491,0.7985644667194668,0.7985644667194668,0.7985644667194668,0
2492,0.5774637824466592,0.5774637824466592,0.5774637824466592,0
2493,1.0190510503411678,1.0190510503411678,1.0190510503411678,0
2494,-2.472007863256686,-2.472007863256686,-2.472007863256686,0
2495,-1.7964773261926914,-1.7964773261926914,-1.7964773261926914,0
2496,0.2823928922829573,,-1.5461806447350162,1
2497,0.276524395851291,,-1.295883963277341,1
2498,-1.2799186169145889,,-1.0455872818196656,1
2499,0.14411402632641798,,-0.7952906003619904,1
2500,1.8607937991609684,,-0.5449939189043151,1
2501,-0.4271359717240487,,-0.2946972374466399,1
2502,0.2188418247790258,,-0.04440055598896464,1
2503,1.4152676191384073,,0.2058961254687106,1
2504,0.9800187855828382,,0.45619280692638586,1
2505,-0.26599574238851065,,0.7064894883840611,1
2506,0.9567861698417364,0.9567861698417364,0.9567861698417364,0
2507,2.426555595880928,2.426555595880928,2.426555595880928,0
2508,2.0082732698549326,2.0082732698549326,2.0082732698549326,0
2509,0.08835227913446214,,1.827559965138163,1
2510,-0.12969287352948355,,1.6468466604213936,1
2511,-0.7078009773092486,,1.4661333557046243,1
2512,-1.9902004212465518,,1.2854200509878548,1
2513,0.3804110948993809,,1.1047067462710853,1
2514,-0.11040938894865068,,0.9239934415543161,1
2515,-1.7588806293378227,,0.7432801368375466,1
2516,0.5560532344175779,,0.5625668321207771,1
2517,1.6931235975453822,,0.3818535274040076,1
2518,1.288681223687062,,0.20114022268723808,1
2519,0.020426917970468913,0.020426917970468913,0.020426917970468913,0
2520,1.51412091418552,1.51412091418552,1.51412091418552,0
2521,-1.4148240432652974,-1.4148240432652974,-1.4148240432652974,0
2522,-1.0156551890683156,-1.0156551890683156,-1.0156551890683156,0
2523,0.20510846236873104,0.20510846236873104,0.20510846236873104,0
2524,1.2677486690068747,1.2677486690068747,1.2677486690068747,0
2525,-0.6979111503720085,-0.6979111503720085,-0.6979111503720085,0
2526,0.23604871591892856,0.23604871591892856,0.23604871591892856,0
2527,-0.014514074656653324,-0.014514074656653324,-0.014514074656653324,0
2528,-1.4623715944702325,-1.4623715944702325,-1.4623715944702325,0
2529,0.6919259390208418,0.6919259390208418,0.6919259390208418,0
2530,2.0900956738276366,2.0900956738276366,2.0900956738276366,0
2531,0.8526242902049048,0.8526242902049048,0.8526242902049048,0
2532,-0.41972245322397395,-0.41972245322397395,-0.41972245322397395,0
2533,2.7376042930360422,2.7376042930360422,2.7376042930360422,0
2534,1.1627620934667173,,2.5030831566214053,1
2535,1.0971120571076922,,2.2685620202067684,1
2536,0.08497392556628934,,2.034040883792132,1
2537,-0.43979016805077276,,1.799519747377495,1
2538,-2.3244970163849614,,1.5649986109628582,1
2539,1.3425656817037106,,1.3304774745482213,1
2540,-0.7941816721154505,,1.0959563381335846,1
2541,-0.8734493761342387,,0.8614352017189477,1
2542,-0.5048229672415078,,0.626914065304311,1
2543,-0.2464187099379257,,0.39239292888967414,1
2544,0.15787179247503733,0.15787179247503733,0.15787179247503733,0
2545,-0.36862455461833843,-0.36862455461833843,-0.36862455461833843,0
2546,0.4996902868356085,0.4996902868356085,0.4996902868356085,0
2547,-1.0905982460139036,-1.0905982460139036,-1.0905982460139036,0
2548,0.32209055504984346,0.32209055504984346,0.32209055504984346,0
2549,-0.8550623406638437,-0.8550623406638437,-0.8550623406638437,0
2550,1.4833561421119754,1.4833561421119754,1.4833561421119754,0
2551,2.283955818566995,2.283955818566995,2.283955818566995,0
2552,-2.6643089439895222,-2.6643089439895222,-2.6643089439895222,0
2553,-0.7896603340385561,-0.7896603340385561,-0.7896603340385561,0
2554,-0.8906346413500585,-0.8906346413500585,-0.8906346413500585,0
2555,1.7084138997416647,1.7084138997416647,1.7084138997416647,0
2556,1.0865162144840874,1.0865162144840874,1.0865162144840874,0
2557,-0.48595916356857594,-0.48595916356857594,-0.48595916356857594,0
2558,-0.5006044559656849,-0.5006044559656849,-0.5006044559656849,0
2559,-0.7628058948034716,-0.7628058948034716,-0.7628058948034716,0
2560,-0.18200605556589147,-0.18200605556589147,-0.18200605556589147,0
2561,-0.055728288031840774,-0.055728288031840774,-0.055728288031840774,0
2562,-0.8982148071846732,,-0.2726066726886928,1
2563,-0.7463350992957517,,-0.48948505734554487,1
2564,0.07271251591890039,,-0.706363442002397,1
2565,-0.2046384712555193,,-0.923241826659249,1
2566,-1.0036206861280923,,-1.140120211316101,1
2567,1.7045248097201917,,-1.3569985959729531,1
2568,-0.11277571254798903,,-1.5738769806298052,1
2569,0.9535762144383133,,-1.7907553652866572,1
2570,0.35307522666605307,,-2.0076337499435093,1
2571,-0.45895385717467285,,-2.2245121346003613,1
2572,-2.4413905192572134,-2.4413905192572134,-2.4413905192572134,0
2573,0.4221410623693506,,-2.1348425995348888,1
2574,0.5831966948040512,,-1.828294679812564,1
2575,0.47943819423368833,,-1.5217467600902392,1
2576,0.22675929203116574,,-1.2151988403679146,1
2577,-0.28976127234922777,,-0.9086509206455899,1
2578,1.3719920985206828,,-0.6021030009232651,1
2579,0.10669939746392498,,-0.29555508120094043,1
2580,0.005397273822997366,,0.010992838521384218,1
2581,-0.32363983623191334,,0.31754075824370886,1
2582,-1.126067795472065,,0.6240886779660335,1
2583,0.9306365976883582,0.9306365976883582,0.9306365976883582,0
2584,1.0791872676745158,1.0791872676745158,1.0791872676745158,0
2585,-0.31941903938574645,,0.9687135408511822,1
2586,-0.43743539766922135,,0.8582398140278488,1
2587,-0.7270265394643308,,0.7477660872045152,1
2588,1.7196437287602615,,0.6372923603811818,1
2589,-1.7073881020309667,,0.5268186335578482,1
2590,0.34248267030948365,,0.41634490673451463,1
2591,-0.06456610849018452,,0.3058711799111812,1
2592,0.8167773564095487,,0.19539745308784762,1
2593,-2.13759072057304,,0.08492372626451405,1
2594,-0.4299290555787441,,-0.025550000558819397,1
2595,-0.136023727382153,-0.136023727382153,-0.136023727382153,0
2596,0.3038162251120001,0.3038162251120001,0.3038162251120001,0
2597,-0.6125937847861883,-0.6125937847861883,-0.6125937847861883,0
2598,0.6922545098249514,0.6922545098249514,0.6922545098249514,0
2599,-1.561077120862245,-1.561077120862245,-1.561077120862245,0
2600,0.28710967857140596,0.28710967857140596,0.28710967857140596,0
2601,0.8001496806116688,0.8001496806116688,0.8001496806116688,0
2602,-1.7497593233891904,-1.7497593233891904,-1.7497593233891904,0
2603,0.7011835789302613,0.7011835789302613,0.7011835789302613,0
2604,-1.4871273859581755,-1.4871273859581755,-1.4871273859581755,0
2605,-0.9130810482771962,-0.9130810482771962,-0.9130810482771962,0
2606,1.2941053127683952,1.2941053127683952,1.2941053127683952,0
2607,-0.9536434330063659,-0.9536434330063659,-0.9536434330063659,0
2608,-0.42703671575116564,-0.42703671575116564,-0.42703671575116564,0
2609,0.07129094701299342,0.07129094701299342,0.07129094701299342,0
2610,0.876216343828515,0.876216343828515,0.876216343828515,0
2611,1.1901835093275783,1.1901835093275783,1.1901835093275783,0
2612,-1.704335541790762,-1.704335541790762,-1.704335541790762,0
2613,0.24746826715886938,0.24746826715886938,0.24746826715886938,0
2614,-0.8604703932708248,-0.8604703932708248,-0.8604703932708248,0
2615,-0.5187930993825278,-0.5187930993825278,-0.5187930993825278,0
2616,0.5820152730532437,0.5820152730532437,0.5820152730532437,0
2617,0.8398596938738616,0.8398596938738616,0.8398596938738616,0
2618,1.3639466306789112,1.3639466306789112,1.3639466306789112,0
2619,-0.08978349891718974,-0.08978349891718974,-0.08978349891718974,0
2620,-0.5682015080868017,-0.5682015080868017,-0.5682015080868017,0
2621,2.1297373460992044,2.1297373460992044,2.1297373460992044,0
2622,0.5322050935965527,0.5322050935965527,0.5322050935965527,0
2623,-0.9514768385940193,,0.48106810399643163,1
2624,-0.7756487881763316,,0.42993111439631065,1
2625,-1.7879969452210511,,0.3787941247961896,1
2626,1.0120139802558648,,0.32765713519606865,1
2627,1.2439721698264932,,0.2765201455959476,1
2628,0.2441885219698455,,0.2253831559958266,1
2629,-0.38191116235520284,,0.17424616639570562,1
2630,-0.4302624018489522,,0.12310917679558459,1
2631,-0.04022762253085733,,0.07197218719546356,1
2632,0.40540525106652736,,0.02083519759534258,1
2633,-0.030301792004778484,-0.030301792004778484,-0.030301792004778484,0
2634,-0.6934589773567899,-0.6934589773567899,-0.6934589773567899,0
2635,0.38359055916422563,,-0.5368566395514724,1
2636,0.4311843926974838,,-0.38025430174615493,1
2637,-1.075706962691697,,-0.22365196394083747,1
2638,0.6176022571182126,,-0.06704962613552001,1
2639,0.22152656828897488,,0.08955271166979739,1
2640,-1.3807028623882718,,0.2461550494751149,1
2641,0.1468750561194027,,0.4027573872804324,1
2642,0.8106039005681315,,0.5593597250857498,1
2643,-0.13112090487562242,,0.7159620628910672,1
2644,0.6871573570637084,,0.8725644006963846,1
2645,1.0291667385017023,1.0291667385017023,1.0291667385017023,0
2646,0.16718320307496629,0.16718320307496629,0.16718320307496629,0
2647,-0.3500256249927558,-0.3500256249927558,-0.3500256249927558,0
2648,-1.304551346143912,-1.304551346143912,-1.304551346143912,0
2649,-0.8774032389653161,-0.8774032389653161,-0.8774032389653161,0
2650,0.028239041165063938,0.028239041165063938,0.028239041165063938,0
2651,-1.0065536348395019,-1.0065536348395019,-1.0065536348395019,0
2652,-1.8419781866639737,-1.8419781866639737,-1.8419781866639737,0
2653,0.415627532058921,0.415627532058921,0.415627532058921,0
2654,0.7418136859692062,0.7418136859692062,0.7418136859692062,0
2655,0.4292795623879164,0.4292795623879164,0.4292795623879164,0
2656,0.6587008332007028,0.6587008332007028,0.6587008332007028,0
2657,-0.26133856752073514,-0.26133856752073514,-0.26133856752073514,0
2658,0.9809299485869604,0.9809299485869604,0.9809299485869604,0
2659,1.8689317226415076,1.8689317226415076,1.8689317226415076,0
2660,0.7070897003939386,0.7070897003939386,0.7070897003939386,0
2661,0.31141444520025663,0.31141444520025663,0.31141444520025663,0
2662,-0.33204502671464864,-0.33204502671464864,-0.33204502671464864,0
2663,-0.03143598811508425,-0.03143598811508425,-0.03143598811508425,0
2664,0.42803257737092165,,-0.17923346114981706,1
2665,0.7207311047449024,,-0.32703093418454987,1
2666,-0.5402374916960087,,-0.4748284072192827,1
2667,-1.647100706042321,,-0.6226258802540156,1
2668,1.2589055537285456,,-0.7704233532887483,1
2669,-1.0804807334517765,,-0.9182208263234812,1
2670,0.2925150519103958,,-1.066018299358214,1
2671,0.3369494813292774,,-1.2138157723929468,1
2672,-0.22800146892990028,,-1.3616132454276797,1
2673,-1.4083388503491043,,-1.5094107184624124,1
2674,-1.6572081914971453,-1.6572081914971453,-1.6572081914971453,0
2675,-0.6019034775619565,-0.6019034775619565,-0.6019034775619565,0
2676,-0.43934139794931265,-0.43934139794931265,-0.43934139794931265,0
2677,-1.0039187362453685,-1.0039187362453685,-1.0039187362453685,0
2678,1.6343357738857978,,-1.0494554445638213,1
2679,1.6651550535846793,,-1.0949921528822741,1
2680,0.8072445271304015,,-1.140528861200727,1
2681,-0.9283023964127655,,-1.1860655695191797,1
2682,-2.0493899903989803,,-1.2316022778376325,1
2683,1.7004084559904822,,-1.2771389861560856,1
2684,0.8294305999513484,,-1.3226756944745384,1
2685,0.2804400201453467,,-1.3682124027929912,1
2686,-1.507004797417496,,-1.413749111111444,1
2687,0.2399946640614385,,-1.4592858194298968,1
2688,-1.5048225277483496,-1.5048225277483496,-1.5048225277483496,0
2689,-0.6977109230775737,-0.6977109230775737,-0.6977109230775737,0
2690,-1.384006462078912,-1.384006462078912,-1.384006462078912,0
2691,0.5727189313291668,0.5727189313291668,0.5727189313291668,0
2692,-0.6477223389147639,,0.44137130757011467,1
2693,-0.5862917197226332,,0.31002368381106243,1
2694,-0.39843414750464756,,0.1786760600520102,1
2695,1.4625259532163213,,0.04732843629295802,1
2696,-0.3758385690532162,,-0.08401918746609416,1
2697,1.0352578595106487,,-0.21536681122514645,1
2698,-0.05491156281623268,,-0.3467144349841986,1
2699,-2.49107697721952,,-0.4780620587432508,1
2700,0.8333405659674468,,-0.6094096825023031,1
2701,-0.47704357428722954,,-0.7407573062613552,1
2702,-0.8721049300204073,-0.8721049300204073,-0.8721049300204073,0
2703,0.09073590573187394,,-0.6746698767750523,1
2704,0.3253640334285714,,-0.4772348235296973,1
2705,0.571161958789544,,-0.27979977028434233,1
2706,-0.46472071283968347,,-0.08236471703898729,1
2707,-0.6833851523800347,,0.11507033620636775,1
2708,1.5804451179014147,,0.3125053894517227,1
2709,-0.26164385600040707,,0.5099404426970777,1
2710,-1.0864666476664908,,0.7073754959424328,1
2711,0.19383827180158034,,0.9048105491877878,1
2712,1.5184164979601331,,1.1022456024331428,1
2713,1.2996806556784979,1.2996806556784979,1.2996806556784979,0
2714,1.4360545544287404,1.4360545544287404,1.4360545544287404,0
2715,0.5768322708136309,0.5768322708136309,0.5768322708136309,0
2716,-0.45794006351694266,-0.45794006351694266,-0.45794006351694266,0
2717,1.9404084332792675,1.9404084332792675,1.9404084332792675,0
2718,-0.36934322198915825,-0.36934322198915825,-0.36934322198915825,0
2719,0.8893533783064004,0.8893533783064004,0.8893533783064004,0
2720,0.8028896463321974,0.8028896463321974,0.8028896463321974,0
2721,0.42609650202965244,0.42609650202965244,0.42609650202965244,0
2722,-0.021484461695210632,-0.021484461695210632,-0.021484461695210632,0
2723,1.7536812825421941,1.7536812825421941,1.7536812825421941,0
2724,-1.2395450766273872,-1.2395450766273872,-1.2395450766273872,0
2725,-0.23681512697025728,-0.23681512697025728,-0.23681512697025728,0
2726,0.6142296998091112,0.6142296998091112,0.6142296998091112,0
2727,0.34147251088413394,0.34147251088413394,0.34147251088413394,0
2728,0.032496792763012185,0.032496792763012185,0.032496792763012185,0
2729,0.929058004105565,0.929058004105565,0.929058004105565,0
2730,-0.1581346987779573,,0.7821577078552953,1
2731,0.1422602605382291,,0.6352574116050256,1
2732,1.2997673293460696,,0.4883571153547558,1
2733,-1.770246943312074,,0.341456819104486,1
2734,0.1161919465099472,,0.1945565228542162,1
2735,1.163409906769849,,0.04765622660394653,1
2736,-1.6475778729928223,,-0.09924406964632337,1
2737,-0.02510595393800628,,-0.24614436589659305,1
2738,-0.40307572863246294,,-0.39304466214686273,1
2739,0.1497572049979523,,-0.5399449583971326,1
2740,-0.6868452546474024,-0.6868452546474024,-0.6868452546474024,0
2741,-0.6918036750037547,-0.6918036750037547,-0.6918036750037547,0
2742,0.2759487038479879,0.2759487038479879,0.2759487038479879,0
2743,2.006345983493245,2.006345983493245,2.006345983493245,0
2744,1.2704420676291177,1.2704420676291177,1.2704420676291177,0
2745,0.22872741896899396,0.22872741896899396,0.22872741896899396,0
2746,0.30764541129097683,0.30764541129097683,0.30764541129097683,0
2747,0.10661389275919132,0.10661389275919132,0.10661389275919132,0
2748,-0.5099603673317041,,0.10279644729049646,1
2749,-0.5723518909350577,,0.0989790018218016,1
2750,-1.391423796840359,,0.09516155635310672,1
2751,0.6477939278622438,,0.09134411088441186,1
2752,0.0913132122439251,,0.08752666541571699,1
2753,-0.34909925047871704,,0.08370921994702213,1
2754,-0.38409161561343796,,0.07989177447832727,1
2755,-0.6691699045634389,,0.0760743290096324,1
2756,0.6997828237366782,,0.07225688354093754,1
2757,0.09166548364886808,,0.06843943807224266,1
2758,0.0646219926035478,0.0646219926035478,0.0646219926035478,0
2759,-1.7154592517799023,-1.7154592517799023,-1.7154592517799023,0
2760,0.5740067994065641,0.5740067994065641,0.5740067994065641,0
2761,-3.48245535928047,-3.48245535928047,-3.48245535928047,0
2762,-0.47060097338310347,-0.47060097338310347,-0.47060097338310347,0
2763,-0.04599396752974169,-0.04599396752974169,-0.04599396752974169,0
2764,0.05729778519385167,0.05729778519385167,0.05729778519385167,0
2765,-0.45100662070645364,-0.45100662070645364,-0.45100662070645364,0
2766,-0.22756933534823157,-0.22756933534823157,-0.22756933534823157,0
2767,1.1660823414829873,1.1660823414829873,1.1660823414829873,0
2768,0.35392468261278043,0.35392468261278043,0.35392468261278043,0
2769,1.1094123099029862,1.1094123099029862,1.1094123099029862,0
2770,1.403944478628214,1.403944478628214,1.403944478628214,0
2771,-2.525759705821279,-2.525759705821279,-2.525759705821279,0
2772,0.5829466507685612,0.5829466507685612,0.5829466507685612,0
2773,-0.3012590687407152,-0.3012590687407152,-0.3012590687407152,0
2774,0.3018568987004349,0.3018568987004349,0.3018568987004349,0
2775,-0.8525735143488078,-0.8525735143488078,-0.8525735143488078,0
2776,2.734348026022253,2.734348026022253,2.734348026022253,0
2777,0.9054771944482369,0.9054771944482369,0.9054771944482369,0
2778,-1.1741328242003752,-1.1741328242003752,-1.1741328242003752,0
2779,-0.11828081292677926,-0.11828081292677926,-0.11828081292677926,0
2780,0.3275348111275822,0.3275348111275822,0.3275348111275822,0
2781,-1.348055505529598,-1.348055505529598,-1.348055505529598,0
2782,-1.1389376151750095,-1.1389376151750095,-1.1389376151750095,0
2783,-1.258074864679546,-1.258074864679546,-1.258074864679546,0
2784,0.7208946980349553,,-1.1273373384118386,1
2785,0.6578646852983641,,-0.9965998121441311,1
2786,-1.2447527519056079,,-0.8658622858764234,1
2787,-0.3397662174097664,,-0.7351247596087159,1
2788,-0.5935749540204525,,-0.6043872333410084,1
2789,0.3929480658920163,,-0.4736497070733008,1
2790,-0.9065242437860851,,-0.34291218080559327,1
2791,-0.3147608758235021,,-0.21217465453788575,1
2792,-1.0785073717820362,,-0.08143712827017824,1
2793,0.410273028703167,,0.04930039799752928,1
2794,0.18003792426523682,0.18003792426523682,0.18003792426523682,0
2795,0.552075298948568,0.552075298948568,0.552075298948568,0
2796,-1.2295847784611,-1.2295847784611,-1.2295847784611,0
2797,-0.9566241101805621,-0.9566241101805621,-0.9566241101805621,0
2798,-0.6211234197171701,-0.6211234197171701,-0.6211234197171701,0
2799,0.36237736359198464,,-0.5335546730537924,1
2800,0.03472640169170176,,-0.4459859263904148,1
2801,-0.8788662601311625,,-0.3584171797270371,1
2802,-0.0051034502941855455,,-0.27084843306365947,1
2803,1.4627988292210026,,-0.1832796864002818,1
2804,-1.4490798185409948,,-0.09571093973690414,1
2805,0.6217465407548606,,-0.008142193073526482,1
2806,-1.4000392308356542,,0.07942655358985118,1
2807,-0.7004071313687307,,0.16699530025322884,1
2808,-0.4452632233837129,,0.2545640469166065,1
2809,0.34213279357998416,0.34213279357998416,0.34213279357998416,0
2810,-1.4315771796083594,-1.4315771796083594,-1.4315771796083594,0
2811,0.8692997066733282,0.8692997066733282,0.8692997066733282,0
2812,0.10056778028623305,0.10056778028623305,0.10056778028623305,0
2813,-1.366676876378183,-1.366676876378183,-1.366676876378183,0
2814,1.445874482954231,1.445874482954231,1.445874482954231,0
2815,0.26813640332659827,,1.442609586440185,1
2816,0.054233746717051376,,1.4393446899261395,1
2817,-0.09617123009219736,,1.4360797934120937,1
2818,-1.1890561789061025,,1.432814896898048,1
2819,0.4778473743147412,,1.4295500003840023,1
2820,-0.16612619684590182,,1.4262851038699567,1
2821,-7.447224323072801e-05,,1.4230202073559108,1
2822,-0.4183383170656336,,1.4197553108418652,1
2823,-0.4361489630871036,,1.4164904143278194,1
2824,0.40471206688667355,,1.4132255178137738,1
2825,1.409960621299728,1.409960621299728,1.409960621299728,0
2826,-0.13134611757697176,-0.13134611757697176,-0.13134611757697176,0
2827,-2.1193886286274464,-2.1193886286274464,-2.1193886286274464,0
2828,0.7346233680191455,0.7346233680191455,0.7346233680191455,0
2829,-0.4306557461850546,-0.4306557461850546,-0.4306557461850546,0
2830,-0.11173603934145622,-0.11173603934145622,-0.11173603934145622,0
2831,-0.44242220663659865,-0.44242220663659865,-0.44242220663659865,0
2832,-0.02654287879626797,-0.02654287879626797,-0.02654287879626797,0
2833,1.3552069666672966,1.3552069666672966,1.3552069666672966,0
2834,0.5510515744724418,0.5510515744724418,0.5510515744724418,0
2835,2.1177380205520597,2.1177380205520597,2.1177380205520597,0
2836,-1.7006673054738408,-1.7006673054738408,-1.7006673054738408,0
2837,-1.818780783143729,-1.818780783143729,-1.818780783143729,0
2838,-1.426869594093744,-1.426869594093744,-1.426869594093744,0
2839,-0.3204117575416863,-0.3204117575416863,-0.3204117575416863,0
2840,-2.0996193876566474,-2.0996193876566474,-2.0996193876566474,0
2841,-0.11887530107952789,-0.11887530107952789,-0.11887530107952789,0
2842,0.7395032034271222,0.7395032034271222,0.7395032034271222,0
2843,0.7573003860235669,,0.3829468116638641,1
2844,0.7795741299483231,,0.026390419900605977,1
2845,0.2489298820154597,,-0.33016597186265206,1
2846,-0.2551824161849254,,-0.6867223636259102,1
2847,0.045493410495012945,,-1.0432787553891685,1
2848,-0.46004299828310313,,-1.3998351471524262,1
2849,1.2288955224346514,,-1.7563915389156843,1
2850,0.6605930468753697,,-2.1129479306789425,1
2851,-1.479641402705705,,-2.4695043224422006,1
2852,2.3244732568326754,,-2.826060714205459,1
2853,-3.182617105968717,-3.182617105968717,-3.182617105968717,0
2854,0.8553518718862422,0.8553518718862422,0.8553518718862422,0
2855,-0.14197248264479284,-0.14197248264479284,-0.14197248264479284,0
2856,0.3502612474827014,0.3502612474827014,0.3502612474827014,0
2857,-0.6841883651200518,-0.6841883651200518,-0.6841883651200518,0
2858,0.49544478369638284,0.49544478369638284,0.49544478369638284,0
2859,-0.3282407126691193,-0.3282407126691193,-0.3282407126691193,0
2860,-2.013989349024043,-2.013989349024043,-2.013989349024043,0
2861,-0.6752930524558894,-0.6752930524558894,-0.6752930524558894,0
2862,1.34246969529776,1.34246969529776,1.34246969529776,0
2863,0.7627089056950052,0.7627089056950052,0.7627089056950052,0
2864,2.056935181531036,2.056935181531036,2.056935181531036,0
2865,1.1857586229119075,1.1857586229119075,1.1857586229119075,0
2866,0.05478702981596301,0.05478702981596301,0.05478702981596301,0
2867,-0.1863581976467805,-0.1863581976467805,-0.1863581976467805,0
2868,0.13888449793947577,0.13888449793947577,0.13888449793947577,0
2869,-0.011172153321239444,-0.011172153321239444,-0.011172153321239444,0
2870,1.0757854996925873,1.0757854996925873,1.0757854996925873,0
2871,-0.3605259124103926,,0.9628712385040502,1
2872,-0.23723294953673366,,0.8499569773155131,1
2873,-0.30189348320183357,,0.7370427161269759,1
2874,-0.6419942516184757,,0.6241284549384388,1
2875,-1.605784319404053,,0.5112141937499017,1
2876,0.006818615768401418,,0.39829993256136453,1
2877,-0.5445781264434146,,0.28538567137282744,1
2878,-0.4735233240379261,,0.17247141018429035,1
2879,0.5979815370912992,,0.05955714899575315,1
2880,2.118183001277517,,-0.05335711219278383,1
2881,-0.16627137338132106,-0.16627137338132106,-0.16627137338132106,0
2882,-1.0319488650425546,-1.0319488650425546,-1.0319488650425546,0
2883,-0.29927557195123844,-0.29927557195123844,-0.29927557195123844,0
2884,1.105475815669917,1.105475815669917,1.105475815669917,0
2885,-0.430302879516157,-0.430302879516157,-0.430302879516157,0
2886,0.7517252128985297,0.7517252128985297,0.7517252128985297,0
2887,-0.02503473174782691,-0.02503473174782691,-0.02503473174782691,0
2888,-0.7603935932481306,-0.7603935932481306,-0.7603935932481306,0
2889,0.16972497469821332,0.16972497469821332,0.16972497469821332,0
2890,1.7792072095927158,1.7792072095927158,1.7792072095927158,0
2891,-1.3630538991856924,-1.3630538991856924,-1.3630538991856924,0
2892,0.14635360906791514,0.14635360906791514,0.14635360906791514,0
2893,-0.45974524942609113,-0.45974524942609113,-0.45974524942609113,0
2894,2.031730415498089,2.031730415498089,2.031730415498089,0
2895,-1.62427706930886,-1.62427706930886,-1.62427706930886,0
2896,0.5904290230791344,0.5904290230791344,0.5904290230791344,0
2897,-1.5808325264721663,-1.5808325264721663,-1.5808325264721663,0
2898,-0.44784436823462864,-0.44784436823462864,-0.44784436823462864,0
2899,0.3501654778760251,0.3501654778760251,0.3501654778760251,0
2900,-1.2819086644036612,,0.3803126887576325,1
2901,-1.5766463773429022,,0.41045989963923996,1
2902,-0.6528851184904564,,0.4406071105208474,1
2903,0.05375962901997947,,0.4707543214024548,1
2904,-0.8837273900507099,,0.5009015322840622,1
2905,-0.2490568813000581,,0.5310487431656696,1
2906,0.058306723194779676,,0.5611959540472771,1
2907,0.9297450901972661,,0.5913431649288845,1
2908,0.26424767941757216,,0.6214903758104919,1
2909,-0.403103014328676,,0.6516375866920994,1
2910,0.6817847975737068,0.6817847975737068,0.6817847975737068,0
2911,-0.36605262995620147,-0.36605262995620147,-0.36605262995620147,0
2912,0.33008538744622945,0.33008538744622945,0.33008538744622945,0
2913,-0.188027948457213,-0.188027948457213,-0.188027948457213,0
2914,-0.3127485688965534,-0.3127485688965534,-0.3127485688965534,0
2915,0.7319803895840701,0.7319803895840701,0.7319803895840701,0
2916,1.0655955329785123,1.0655955329785123,1.0655955329785123,0
2917,0.3587726673453599,0.3587726673453599,0.3587726673453599,0
2918,-0.24698451104632782,-0.24698451104632782,-0.24698451104632782,0
2919,0.14554586634249136,,-0.30247476313513166,1
2920,0.3862523266851758,,-0.3579650152239355,1
2921,1.0127564359126098,,-0.4134552673127393,1
2922,0.09273135350948855,,-0.4689455194015431,1
2923,-0.6550057442836357,,-0.5244357714903469,1
2924,1.6527014993709295,,-0.5799260235791508,1
2925,0.31880315131566633,,-0.6354162756679546,1
2926,-0.6625911501933325,,-0.6909065277567584,1
2927,-0.5752133598625543,,-0.7463967798455622,1
2928,0.3225425191762565,,-0.8018870319343661,1
2929,-0.8573772840231698,-0.8573772840231698,-0.8573772840231698,0
2930,-2.214875603117508,-2.214875603117508,-2.214875603117508,0
2931,-1.1909985188985046,-1.1909985188985046,-1.1909985188985046,0
2932,-0.8465302944807158,-0.8465302944807158,-0.8465302944807158,0
2933,0.5808335179096732,0.5808335179096732,0.5808335179096732,0
2934,0.2629894626130229,0.2629894626130229,0.2629894626130229,0
2935,-0.865758396322776,-0.865758396322776,-0.865758396322776,0
2936,-0.8131523577728301,,-0.9470669651274792,1
2937,-1.1051150251706057,,-1.0283755339321825,1
2938,-0.6401193099397519,,-1.1096841027368858,1
2939,-0.05028498100254884,,-1.190992671541589,1
2940,1.6321210600817448,,-1.2723012403462923,1
2941,-0.5012204883767911,,-1.3536098091509956,1
2942,-0.9776666860463633,,-1.4349183779556989,1
2943,-0.4090865841861226,,-1.5162269467604022,1
2944,2.3849681049743423,,-1.5975355155651054,1
2945,-0.7371757084423904,,-1.6788440843698087,1
2946,-1.7601526531745117,-1.7601526531745117,-1.7601526531745117,0
2947,0.859103858498823,0.859103858498823,0.859103858498823,0
2948,0.8845587286374913,0.8845587286374913,0.8845587286374913,0
2949,-0.039395473388732616,-0.039395473388732616,-0.039395473388732616,0
2950,0.8532729630939888,0.8532729630939888,0.8532729630939888,0
2951,-0.3308877135951508,-0.3308877135951508,-0.3308877135951508,0
2952,-0.10715567693403683,,-0.5231704828203441,1
2953,-0.060659621225743705,,-0.7154532520455372,1
2954,-0.1804135500343343,,-0.9077360212707305,1
2955,1.1050320211882412,,-1.1000187904959238,1
2956,-0.7161667152907897,,-1.2923015597211167,1
2957,1.5225326790423053,,-1.48458432894631,1
2958,1.0897524978298523,,-1.6768670981715035,1
2959,0.6205687556164998,,-1.8691498673966964,1
2960,1.4857886437688614,,-2.06143263662189,1
2961,0.882110628020713,,-2.2537154058470827,1
2962,-2.445998175072276,-2.445998175072276,-2.445998175072276,0
2963,-0.25723963834908503,-0.25723963834908503,-0.25723963834908503,0
2964,-0.1318428264003109,-0.1318428264003109,-0.1318428264003109,0
2965,-0.5746701118882698,-0.5746701118882698,-0.5746701118882698,0
2966,0.6353162002764737,,-0.6091676128028256,1
2967,0.8575835958220652,,-0.6436651137173816,1
2968,-0.717539794732691,,-0.6781626146319374,1
2969,0.5458616289985839,,-0.7126601155464933,1
2970,-0.48401926098243386,,-0.7471576164610492,1
2971,-0.2713834604830896,,-0.781655117375605,1
2972,-0.6590272912063277,,-0.8161526182901608,1
2973,0.4508563458171949,,-0.8506501192047168,1
2974,0.594612758270268,,-0.8851476201192727,1
2975,1.2726297005937657,,-0.9196451210338286,1
2976,-0.9541426219483844,-0.9541426219483844,-0.9541426219483844,0
2977,-1.103738217086371,,-0.8373701125261679,1
2978,-1.0416164425455225,,-0.7205976031039513,1
2979,-0.4970185770010568,,-0.6038250936817348,1
2980,0.8584376982664913,,-0.4870525842595182,1
2981,-0.1778691109689377,,-0.37028007483730163,1
2982,-0.6391184302204895,,-0.2535075654150851,1
2983,0.17564213772696594,,-0.1367350559928685,1
2984,-0.6959981181019959,,-0.019962546570651996,1
2985,-0.2822232080764969,,0.09680996285156462,1
2986,-0.6852557735846109,,0.21358247227378113,1
2987,0.33035498169599764,0.33035498169599764,0.33035498169599764,0
2988,-0.13782562538934312,-0.13782562538934312,-0.13782562538934312,0
2989,-0.25815143545319436,-0.25815143545319436,-0.25815143545319436,0
2990,0.05087783917803415,0.05087783917803415,0.05087783917803415,0
2991,-1.916214928640779,-1.916214928640779,-1.916214928640779,0
2992,-0.36911634087160383,-0.36911634087160383,-0.36911634087160383,0
2993,0.26088456095627793,0.26088456095627793,0.26088456095627793,0
2994,-0.5847649592652994,-0.5847649592652994,-0.5847649592652994,0
2995,1.1054257767637161,1.1054257767637161,1.1054257767637161,0
2996,0.8116797625185634,0.8116797625185634,0.8116797625185634,0
2997,-1.5696271551261476,-1.5696271551261476,-1.5696271551261476,0
2998,-0.524499625145794,-0.524499625145794,-0.524499625145794,0
2999,0.641075677346168,0.641075677346168,0.641075677346168,0
3000,0.5866556773531564,0.5866556773531564,0.5866556773531564,0
3001,-0.8580219245165266,-0.8580219245165266,-0.8580219245165266,0
3002,-0.1565958104849113,-0.1565958104849113,-0.1565958104849113,0
3003,-1.453363741964425,-1.453363741964425,-1.453363741964425,0
3004,0.5036714685033729,,-1.4372991936387158,1
3005,0.4798213344671207,,-1.4212346453130067,1
3006,1.4173506488838312,,-1.4051700969872978,1
3007,-0.003829574123595817,,-1.3891055486615886,1
3008,-2.0155679734046283,,-1.3730410003358795,1
3009,-0.2899291755197826,,-1.3569764520101704,1
3010,-0.4897635848243164,,-1.3409119036844612,1
3011,0.06548951037233663,,-1.3248473553587523,1
3012,-1.1916824663912509,,-1.3087828070330432,1
3013,1.036164197323626,,-1.292718258707334,1
3014,-1.276653710381625,-1.276653710381625,-1.276653710381625,0
3015,-0.05492276462085914,-0.05492276462085914,-0.05492276462085914,0
3016,0.5586543674581382,0.5586543674581382,0.5586543674581382,0
3017,0.1753182147066094,0.1753182147066094,0.1753182147066094,0
3018,-1.9790221684548182,-1.9790221684548182,-1.9790221684548182,0
3019,-0.012313268704265147,-0.012313268704265147,-0.012313268704265147,0
3020,-0.8709329337136803,-0.8709329337136803,-0.8709329337136803,0
3021,0.9923300936900484,0.9923300936900484,0.9923300936900484,0
3022,0.5663621603675434,0.5663621603675434,0.5663621603675434,0
3023,0.056755355002695455,0.056755355002695455,0.056755355002695455,0
3024,1.8437329857455074,,0.14455466414285617,1
3025,1.8399266839271187,,0.23235397328301688,1
3026,-0.3821668056775031,,0.3201532824231776,1
3027,-0.9656722065565101,,0.4079525915633383,1
3028,-0.47597057409998544,,0.495751900703499,1
3029,0.4345264927314011,,0.5835512098436597,1
3030,0.7256531081889319,,0.6713505189838204,1
3031,-1.3809029730883937,,0.7591498281239811,1
3032,-1.3543685210798728,,0.8469491372641419,1
3033,0.3189169146046014,,0.9347484464043025,1
3034,1.0225477555444633,1.0225477555444633,1.0225477555444633,0
3035,0.43964862603920657,0.43964862603920657,0.43964862603920657,0
3036,0.1278990527185625,0.1278990527185625,0.1278990527185625,0
3037,-0.6562277010041756,-0.6562277010041756,-0.6562277010041756,0
3038,-0.09137863975525228,-0.09137863975525228,-0.09137863975525228,0
3039,0.3311115599342261,0.3311115599342261,0.3311115599342261,0
3040,0.2800371914977627,0.2800371914977627,0.2800371914977627,0
3041,-0.574735570876198,-0.574735570876198,-0.574735570876198,0
3042,-0.07691313630606673,-0.07691313630606673,-0.07691313630606673,0
3043,0.11134046579934175,,-0.002735510328583657,1
3044,-0.18421823903953022,,0.07144211564889942,1
3045,-0.3873004786048208,,0.14561974162638253,1
3046,0.8649075047789165,,0.2197973676038656,1
3047,-1.0106409704906962,,0.29397499358134865,1
3048,-0.44120178643636004,,0.3681526195588318,1
3049,0.4584634749864471,,0.4423302455363148,1
3050,0.4177462944235268,,0.5165078715137978,1
3051,-0.5831804598781558,,0.590685497491281,1
3052,-1.369048369717494,,0.664863123468764,1
3053,0.7390407494462471,0.7390407494462471,0.7390407494462471,0
3054,-1.334762209142526,-1.334762209142526,-1.334762209142526,0
3055,1.5286554281864966,1.5286554281864966,1.5286554281864966,0
3056,-0.4759411828619014,-0.4759411828619014,-0.4759411828619014,0
3057,0.2913309000472998,0.2913309000472998,0.2913309000472998,0
3058,1.7058039817737722,1.7058039817737722,1.7058039817737722,0
3059,0.0280514329775805,0.0280514329775805,0.0280514329775805,0
3060,0.4809921489072828,0.4809921489072828,0.4809921489072828,0
3061,1.005086489707957,1.005086489707957,1.005086489707957,0
3062,-0.05532621382298349,-0.05532621382298349,-0.05532621382298349,0
3063,-0.5281196074585177,-0.5281196074585177,-0.5281196074585177,0
3064,0.41343356994048497,,-0.3897707263107948,1
3065,0.06023517385930146,,-0.2514218451630718,1
3066,0.11827538268378196,,-0.11307296401534883,1
3067,0.04995718103311057,,0.025275917132374093,1
3068,-0.3160193144401871,,0.16362479828009702,1
3069,-0.3990643252624038,,0.30197367942782005,1
3070,-0.8874564202057866,,0.440322560575543,1
3071,-0.12685556543416263,,0.5786714417232659,1
3072,2.5652273104141057,,0.7170203228709888,1
3073,0.26163674451946894,,0.8553692040187117,1
3074,0.9937180851664348,0.9937180851664348,0.9937180851664348,0
3075,-0.7774348034768823,,0.9668783670384794,1
3076,-0.7756743153775677,,0.940038648910524,1
3077,0.12415836621092936,,0.9131989307825686,1
3078,-0.257185644618813,,0.8863592126546133,1
3079,0.7765766875833346,,0.859519494526658,1
3080,-0.06404733519287537,,0.8326797763987026,1
3081,0.9491901752312207,,0.8058400582707472,1
3082,0.432015254764077,,0.7790003401427918,1
3083,2.444309389161599,,0.7521606220148365,1
3084,0.6962814408366226,,0.7253209038868811,1
3085,0.6984811857589257,0.6984811857589257,0.6984811857589257,0
3086,-0.009744429933324692,-0.009744429933324692,-0.009744429933324692,0
3087,-2.6834186759610366,-2.6834186759610366,-2.6834186759610366,0
3088,-2.0140612553576376,-2.0140612553576376,-2.0140612553576376,0
3089,2.429221000724695,2.429221000724695,2.429221000724695,0
3090,-0.08910729469871101,-0.08910729469871101,-0.08910729469871101,0
3091,0.8558551504780941,0.8558551504780941,0.8558551504780941,0
3092,1.4414426845654857,1.4414426845654857,1.4414426845654857,0
3093,0.3623252063370688,0.3623252063370688,0.3623252063370688,0
3094,-1.0938054815899698,-1.0938054815899698,-1.0938054815899698,0
3095,-0.2232220076746049,-0.2232220076746049,-0.2232220076746049,0
3096,-1.1741013555198583,-1.1741013555198583,-1.1741013555198583,0
3097,0.19777870448774929,,-0.9461510189995102,1
3098,0.1753952405654458,,-0.7182006824791619,1
3099,-1.463883254239059,,-0.49025034595881367,1
3100,1.1411874623346,,-0.26230000943846554,1
3101,1.145225013230706,,-0.03434967291811741,1
3102,-0.690079919748438,,0.19360066360223094,1
3103,-1.2619509408253262,,0.42155100012257907,1
3104,1.1796063985601197,,0.6495013366429272,1
3105,0.6116774108704711,,0.8774516731632755,1
3106,-0.3092533383843637,,1.1054020096836235,1
3107,1.3333523462039716,1.3333523462039716,1.3333523462039716,0
3108,-0.637936142212125,-0.637936142212125,-0.637936142212125,0
3109,-1.8989219307134115,-1.8989219307134115,-1.8989219307134115,0
3110,0.1763691435887886,0.1763691435887886,0.1763691435887886,0
3111,0.7992054505909366,0.7992054505909366,0.7992054505909366,0
3112,0.04977682484424913,0.04977682484424913,0.04977682484424913,0
3113,-0.05373695370926533,-0.05373695370926533,-0.05373695370926533,0
3114,-1.5398482856431221,-1.5398482856431221,-1.5398482856431221,0
3115,0.2523328446269922,0.2523328446269922,0.2523328446269922,0
3116,-0.7475317548524728,-0.7475317548524728,-0.7475317548524728,0
3117,0.9383173400177317,0.9383173400177317,0.9383173400177317,0
3118,-0.03280148239345725,-0.03280148239345725,-0.03280148239345725,0
3119,0.662469902205249,0.662469902205249,0.662469902205249,0
3120,0.1321399085824412,0.1321399085824412,0.1321399085824412,0
3121,0.04671917990234058,,0.02443435190732321,1
3122,0.04586692669439646,,-0.08327120476779479,1
3123,1.0162268729229091,,-0.19097676144291278,1
3124,0.8000412502460215,,-0.2986823181180308,1
3125,-0.35611882009699075,,-0.40638787479314875,1
3126,-1.462866628068114,,-0.5140934314682668,1
3127,1.2405779220498983,,-0.6217989881433849,1
3128,1.9170365995192322,,-0.7295045448185028,1
3129,-1.5141011656122998,,-0.8372101014936207,1
3130,-0.07485829003718425,,-0.9449156581687387,1
3131,-1.0526212148438567,-1.0526212148438567,-1.0526212148438567,0
3132,-0.3905433143673587,-0.3905433143673587,-0.3905433143673587,0
3133,0.27122239440275064,0.27122239440275064,0.27122239440275064,0
3134,1.8396279849411477,1.8396279849411477,1.8396279849411477,0
3135,0.1910099899285172,,1.7547746206023325,1
3136,0.3398392640038039,,1.6699212562635173,1
3137,-0.9062849368892858,,1.585067891924702,1
3138,-0.08612261772076735,,1.5002145275858871,1
3139,1.1525662489715403,,1.4153611632470717,1
3140,0.0777435159031758,,1.3305077989082568,1
3141,-0.36562210605178613,,1.2456544345694416,1
3142,0.2500946586492513,,1.1608010702306264,1
3143,1.22943174376951,,1.0759477058918112,1
3144,1.0281533741472575,,0.991094341552996,1
3145,0.906240977214181,0.906240977214181,0.906240977214181,0
3146,2.550059757671975,2.550059757671975,2.550059757671975,0
3147,-1.3453495710889847,-1.3453495710889847,-1.3453495710889847,0
3148,1.5298700812724209,1.5298700812724209,1.5298700812724209,0
3149,-0.37183227968342597,-0.37183227968342597,-0.37183227968342597,0
3150,-0.1182388655228831,,-0.31148236232805004,1
3151,-0.3232958823766375,,-0.2511324449726741,1
3152,0.20842810814682397,,-0.19078252761729816,1
3153,-0.0790209830556465,,-0.13043261026192224,1
3154,-0.4471905607526457,,-0.07008269290654628,1
3155,-1.3901291175859378,,-0.009732775551170358,1
3156,1.098605923873786,,0.05061714180420557,1
3157,0.6360185701443798,,0.1109670591595815,1
3158,-0.591399411214469,,0.17131697651495742,1
3159,1.0152439392852135,,0.2316668938703334,1
3160,0.2920168112257093,0.2920168112257093,0.2920168112257093,0
3161,-0.7187411081776975,-0.7187411081776975,-0.7187411081776975,0
3162,-0.0020729264706819133,-0.0020729264706819133,-0.0020729264706819133,0
3163,-0.24152854131835155,-0.24152854131835155,-0.24152854131835155,0
3164,0.8256675829136797,,-0.1414662078540535,1
3165,1.1442070070340504,,-0.04140387438975546,1
3166,1.8220514112769557,,0.05865845907454259,1
3167,-0.041370711245685234,,0.15872079253884064,1
3168,0.6797290469249471,,0.2587831260031387,1
3169,-0.20194053430330894,,0.35884545946743673,1
3170,1.501535570630882,,0.4589077929317348,1
3171,-0.3179212855720763,,0.5589701263960328,1
3172,-1.026082980439964,,0.6590324598603309,1
3173,0.5203229905211101,,0.7590947933246289,1
3174,0.859157126788927,0.859157126788927,0.859157126788927,0
3175,0.4336409846228611,0.4336409846228611,0.4336409846228611,0
3176,-0.8329184715688003,-0.8329184715688003,-0.8329184715688003,0
3177,1.1568001100039578,1.1568001100039578,1.1568001100039578,0
3178,0.19492885972430543,0.19492885972430543,0.19492885972430543,0
3179,-0.5450946371405799,,0.035963952924134596,1
3180,-0.861673515839829,,-0.12300095387603624,1
3181,0.9804428818427068,,-0.2819658606762071,1
3182,0.19907010568403524,,-0.44093076747637794,1
3183,1.1578338857295283,,-0.5998956742765488,1
3184,1.558319231254006,,-0.7588605810767196,1
3185,0.5259028145058946,,-0.9178254878768904,1
3186,-0.3323552476714163,,-1.0767903946770612,1
3187,-0.29577675283293753,,-1.235755301477232,1
3188,-0.727044564066736,,-1.3947202082774028,1
3189,-1.5536851150775737,-1.5536851150775737,-1.5536851150775737,0
3190,-1.5364926241515062,-1.5364926241515062,-1.5364926241515062,0
3191,0.62389590381206,0.62389590381206,0.62389590381206,0
3192,0.8564033062932396,0.8564033062932396,0.8564033062932396,0
3193,-1.3057476406081774,,0.767371715125467,1
3194,-1.0280960715274265,,0.6783401239576943,1
3195,0.326981232738185,,0.5893085327899217,1
3196,-2.6893041271234797,,0.5002769416221491,1
3197,-0.5535952774753221,,0.4112453504543764,1
3198,0.0888925485934311,,0.3222137592866038,1
3199,-0.4101111310546124,,0.23318216811883108,1
3200,-0.7563282957572991,,0.14415057695105848,1
3201,-1.9351415024825234,,0.05511898578328589,1
3202,-0.24446783326883414,,-0.033912605384486816,1
3203,-0.12294419655225938,-0.12294419655225938,-0.12294419655225938,0
3204,1.605686971374815,1.605686971374815,1.605686971374815,0
3205,-0.501250117165953,-0.501250117165953,-0.501250117165953,0
3206,-0.06893537120960354,-0.06893537120960354,-0.06893537120960354,0
3207,1.9913909331627904,1.9913909331627904,1.9913909331627904,0
3208,-0.310763838784689,-0.310763838784689,-0.310763838784689,0
3209,0.9942512260031167,0.9942512260031167,0.9942512260031167,0
3210,-0.17514659657202125,-0.17514659657202125,-0.17514659657202125,0
3211,0.3257903404556133,0.3257903404556133,0.3257903404556133,0
3212,-0.043046704863700824,-0.043046704863700824,-0.043046704863700824,0
3213,-0.29772481381607724,-0.29772481381607724,-0.29772481381607724,0
3214,-0.47624095742557504,-0.47624095742557504,-0.47624095742557504,0
3215,0.9997611277892928,0.9997611277892928,0.9997611277892928,0
3216,-1.3255003901461013,-1.3255003901461013,-1.3255003901461013,0
3217,-1.6934675940798365,-1.6934675940798365,-1.6934675940798365,0
3218,1.1191796971539092,1.1191796971539092,1.1191796971539092,0
3219,0.18869520502425285,,0.9249825325195404,1
3220,0.2065401222430932,,0.7307853678851717,1
3221,-0.40945940853065743,,0.536588203250803,1
3222,-0.07941832992140581,,0.3423910386164343,1
3223,-0.3552703001926771,,0.14819387398206552,1
3224,-0.9072250307104992,,-0.04600329065230313,1
3225,0.5525984774959896,,-0.2402004552866719,1
3226,1.484422291586367,,-0.43439761992104065,1
3227,-0.3243726424344767,,-0.6285947845554094,1
3228,-1.2926313548243882,,-0.8227919491897782,1
3229,-1.016989113824147,-1.016989113824147,-1.016989113824147,0
3230,1.8521672643121685,1.8521672643121685,1.8521672643121685,0
3231,-1.332778075937201,-1.332778075937201,-1.332778075937201,0
3232,0.848338749745377,0.848338749745377,0.848338749745377,0
3233,0.4263271910191545,0.4263271910191545,0.4263271910191545,0
3234,-0.16518225222825206,-0.16518225222825206,-0.16518225222825206,0
3235,1.6595735176473259,,-0.15725582021916001,1
3236,1.7049191882308636,,-0.14932938821006794,1
3237,-0.26974525083057777,,-0.1414029562009759,1
3238,-2.0813646237652983,,-0.13347652419188383,1
3239,1.5107569247992598,,-0.12555009218279178,1
3240,-1.5641488856104033,,-0.11762366017369973,1
3241,0.7340201606933469,,-0.10969722816460767,1
3242,-0.42344238706364185,,-0.10177079615551561,1
3243,0.19792769716892497,,-0.09384436414642355,1
3244,-1.6689685113243204,,-0.0859179321373315,1
3245,-0.07799150012823944,-0.07799150012823944,-0.07799150012823944,0
3246,-0.43711728408506084,-0.43711728408506084,-0.43711728408506084,0
3247,-1.7393996729320225,-1.7393996729320225,-1.7393996729320225,0
3248,-0.1385813300382057,-0.1385813300382057,-0.1385813300382057,0
3249,0.9855064365146435,0.9855064365146435,0.9855064365146435,0
3250,-1.9978359733153181,-1.9978359733153181,-1.9978359733153181,0
3251,-3.4990848400894112,-3.4990848400894112,-3.4990848400894112,0
3252,-0.37299970520252723,-0.37299970520252723,-0.37299970520252723,0
3253,-1.0446109057595794,-1.0446109057595794,-1.0446109057595794,0
3254,1.5684489091958553,1.5684489091958553,1.5684489091958553,0
3255,-0.7189030785021778,-0.7189030785021778,-0.7189030785021778,0
3256,-1.4752599503851693,-1.4752599503851693,-1.4752599503851693,0
3257,-2.0579797919349643,-2.0579797919349643,-2.0579797919349643,0
3258,-0.7000710143505422,-0.7000710143505422,-0.7000710143505422,0
3259,1.1495761915086071,1.1495761915086071,1.1495761915086071,0
3260,0.35660858764010234,0.35660858764010234,0.35660858764010234,0
3261,-0.17352405081282976,-0.17352405081282976,-0.17352405081282976,0
3262,0.5287588833032271,0.5287588833032271,0.5287588833032271,0
3263,1.603992284638267,1.603992284638267,1.603992284638267,0
3264,-0.08397659920665594,-0.08397659920665594,-0.08397659920665594,0
3265,-0.6253039683810521,-0.6253039683810521,-0.6253039683810521,0
3266,0.9263252762648302,0.9263252762648302,0.9263252762648302,0
3267,-0.44401632743101616,-0.44401632743101616,-0.44401632743101616,0
3268,0.1069235436856987,,-0.5008122562443404,1
3269,0.37369774798690925,,-0.5576081850576646,1
3270,1.8034443111031293,,-0.6144041138709889,1
3271,-0.5842734978505149,,-0.6712000426843132,1
3272,1.2312570961545541,,-0.7279959714976374,1
3273,0.12512923424700143,,-0.7847919003109617,1
3274,1.7045023732350066,,-0.841587829124286,1
3275,0.16929624695520118,,-0.8983837579376102,1
3276,0.7159755683220466,,-0.9551796867509345,1
3277,-1.5645528715885146,,-1.0119756155642587,1
3278,-1.068771544377583,-1.068771544377583,-1.068771544377583,0
3279,-0.3454579339543832,-0.3454579339543832,-0.3454579339543832,0
3280,-0.11076802538284793,-0.11076802538284793,-0.11076802538284793,0
3281,-1.9183834991138304,-1.9183834991138304,-1.9183834991138304,0
3282,0.6122914970840074,0.6122914970840074,0.6122914970840074,0
3283,-0.8376952518239748,-0.8376952518239748,-0.8376952518239748,0
3284,0.255213531777058,0.255213531777058,0.255213531777058,0
3285,1.7639176194271657,1.7639176194271657,1.7639176194271657,0
3286,0.35693188637552914,0.35693188637552914,0.35693188637552914,0
3287,0.3566206696030273,0.3566206696030273,0.3566206696030273,0
3288,-1.1496873826983485,-1.1496873826983485,-1.1496873826983485,0
3289,-0.1747339553470604,-0.1747339553470604,-0.1747339553470604,0
3290,-1.2482801678005067,-1.2482801678005067,-1.2482801678005067,0
3291,0.6021678082342804,0.6021678082342804,0.6021678082342804,0
3292,1.3058326721732727,,0.38288796110097956,1
3293,1.3901736459964453,,0.16360811396767866,1
3294,-1.7629798800678518,,-0.05567173316562224,1
3295,-1.744596494368547,,-0.2749515802989231,1
3296,0.2051152269888557,,-0.49423142743222404,1
3297,-0.30772694219506413,,-0.7135112745655249,1
3298,-1.2993852293409407,,-0.9327911216988257,1
3299,2.0971088713466717,,-1.1520709688321267,1
3300,0.47033216910402403,,-1.3713508159654273,1
3301,1.1331955063974202,,-1.5906306630987284,1
3302,-1.809910510232029,-1.809910510232029,-1.809910510232029,0
3303,3.455863644588385,3.455863644588385,3.455863644588385,0
3304,-0.4916560525896603,-0.4916560525896603,-0.4916560525896603,0
3305,2.11684170169409,2.11684170169409,2.11684170169409,0
3306,-0.43894793027698203,-0.43894793027698203,-0.43894793027698203,0
3307,-0.843304701056844,-0.843304701056844,-0.843304701056844,0
3308,-0.6211129137009148,-0.6211129137009148,-0.6211129137009148,0
3309,1.331280253493116,1.331280253493116,1.331280253493116,0
3310,2.3766018948748764,2.3766018948748764,2.3766018948748764,0
3311,0.10563650235571621,0.10563650235571621,0.10563650235571621,0
3312,0.37196087376861203,,0.10145192898461715,1
3313,0.28917911252905387,,0.09726735561351808,1
3314,1.0709590992264257,,0.09308278224241902,1
3315,-0.03346883439018548,,0.08889820887131997,1
3316,-0.44608916019716494,,0.0847136355002209,1
3317,1.4258027485422022,,0.08052906212912184,1
3318,0.7232299993139848,,0.07634448875802277,1
3319,-0.20917164892066867,,0.0721599153869237,1
3320,0.8468618603568214,,0.06797534201582464,1
3321,1.9874119350015345,,0.06379076864472558,1
3322,0.05960619527362652,0.05960619527362652,0.05960619527362652,0
3323,0.8443802721655035,0.8443802721655035,0.8443802721655035,0
3324,-1.1448352122751255,-1.1448352122751255,-1.1448352122751255,0
3325,-1.3850157595668344,-1.3850157595668344,-1.3850157595668344,0
3326,0.2850017030436152,0.2850017030436152,0.2850017030436152,0
3327,0.3105938742978018,,0.12763194751177678,1
3328,0.596518887620532,,-0.02973780802006165,1
3329,-1.284137853430469,,-0.1871075635519001,1
3330,0.8108676348809222,,-0.3444773190837385,1
3331,-1.013241610374142,,-0.501847074615577,1
3332,-1.2146864516324969,,-0.6592168301474155,1
3333,-1.4195268675888078,,-0.8165865856792538,1
3334,0.4869594389314792,,-0.9739563412110923,1
3335,0.9097629753214564,,-1.1313260967429308,1
3336,-0.6547284842466635,,-1.2886958522747691,1
3337,-1.4460656078066076,-1.4460656078066076,-1.4460656078066076,0
3338,-0.2559302642134425,-0.2559302642134425,-0.2559302642134425,0
3339,-1.7379369380770697,-1.7379369380770697,-1.7379369380770697,0
3340,0.08927722983528016,0.08927722983528016,0.08927722983528016,0
3341,0.6114692855792438,0.6114692855792438,0.6114692855792438,0
3342,-1.7462608479153103,-1.7462608479153103,-1.7462608479153103,0
3343,-0.48413050122592943,-0.48413050122592943,-0.48413050122592943,0
3344,0.04561325313608477,0.04561325313608477,0.04561325313608477,0
3345,0.24026439706921074,0.24026439706921074,0.24026439706921074,0
3346,-0.13717465155750422,-0.13717465155750422,-0.13717465155750422,0
3347,0.050439777828395115,0.050439777828395115,0.050439777828395115,0
3348,1.031015551036364,1.031015551036364,1.031015551036364,0
3349,-1.0849200878308942,-1.0849200878308942,-1.0849200878308942,0
3350,-0.08694617666066748,-0.08694617666066748,-0.08694617666066748,0
3351,-0.09355108574091585,-0.09355108574091585,-0.09355108574091585,0
3352,-0.7017169238187599,-0.7017169238187599,-0.7017169238187599,0
3353,-0.05581787891817992,-0.05581787891817992,-0.05581787891817992,0
3354,-0.47445206023288683,-0.47445206023288683,-0.47445206023288683,0
3355,-1.027834331075489,-1.027834331075489,-1.027834331075489,0
3356,1.4590915805689395,1.4590915805689395,1.4590915805689395,0
3357,-0.24461750648441816,-0.24461750648441816,-0.24461750648441816,0
3358,-0.8719365278865184,-0.8719365278865184,-0.8719365278865184,0
3359,-0.2208127001620388,-0.2208127001620388,-0.2208127001620388,0
3360,-0.4841867399066519,-0.4841867399066519,-0.4841867399066519,0
3361,0.38442617357285863,0.38442617357285863,0.38442617357285863,0
3362,-2.2942636658091264,-2.2942636658091264,-2.2942636658091264,0
3363,0.3136420320399056,0.3136420320399056,0.3136420320399056,0
3364,-0.4118870582194383,-0.4118870582194383,-0.4118870582194383,0
3365,-0.4390497093385367,-0.4390497093385367,-0.4390497093385367,0
3366,0.369561272500808,0.369561272500808,0.369561272500808,0
3367,-0.6065256462125839,-0.6065256462125839,-0.6065256462125839,0
3368,1.1628216686828712,1.1628216686828712,1.1628216686828712,0
3369,2.237585444713961,2.237585444713961,2.237585444713961,0
3370,0.3167583620497506,,2.0024408863035714,1
3371,0.12371912294127625,,1.7672963278931817,1
3372,-1.258091914035297,,1.532151769482792,1
3373,0.6230089080531643,,1.2970072110724025,1
3374,-0.024899041968689077,,1.061862652662013,1
3375,-1.45688254985957,,0.8267180942516232,1
3376,0.45539993287069647,,0.5915735358412335,1
3377,-0.44467398591105456,,0.356428977430844,1
3378,-0.11716205379437018,,0.1212844190204545,1
3379,0.16858574897644865,,-0.113860139389935,1
3380,-0.34900469780032506,-0.34900469780032506,-0.34900469780032506,0
3381,-0.6342454080338225,-0.6342454080338225,-0.6342454080338225,0
3382,-1.0811268115625357,-1.0811268115625357,-1.0811268115625357,0
3383,0.6652163034934826,0.6652163034934826,0.6652163034934826,0
3384,1.9134914664065923,1.9134914664065923,1.9134914664065923,0
3385,-0.5105642552190149,-0.5105642552190149,-0.5105642552190149,0
3386,-1.0727424617120918,-1.0727424617120918,-1.0727424617120918,0
3387,-0.5435162631894643,-0.5435162631894643,-0.5435162631894643,0
3388,1.3006960289284637,1.3006960289284637,1.3006960289284637,0
3389,-0.20894802167782153,-0.20894802167782153,-0.20894802167782153,0
3390,-2.1491976574024614,-2.1491976574024614,-2.1491976574024614,0
3391,0.46807186753968305,0.46807186753968305,0.46807186753968305,0
3392,0.042934415006126894,0.042934415006126894,0.042934415006126894,0
3393,0.32602545878346856,0.32602545878346856,0.32602545878346856,0
3394,0.9049132960725351,0.9049132960725351,0.9049132960725351,0
3395,-1.126215216206605,-1.126215216206605,-1.126215216206605,0
3396,-0.47650327280750615,-0.47650327280750615,-0.47650327280750615,0
3397,0.34672770979678574,0.34672770979678574,0.34672770979678574,0
3398,0.1553343696430551,0.1553343696430551,0.1553343696430551,0
3399,-2.0104414256028944,-2.0104414256028944,-2.0104414256028944,0
3400,0.12136215530423239,0.12136215530423239,0.12136215530423239,0
3401,1.095201089900225,1.095201089900225,1.095201089900225,0
3402,-0.7490299060642925,-0.7490299060642925,-0.7490299060642925,0
3403,-0.03510000565016175,-0.03510000565016175,-0.03510000565016175,0
3404,-0.007953913918876933,-0.007953913918876933,-0.007953913918876933,0
3405,-1.2355657317668032,-1.2355657317668032,-1.2355657317668032,0
3406,0.13875028555307067,0.13875028555307067,0.13875028555307067,0
3407,1.0171657946475736,1.0171657946475736,1.0171657946475736,0
3408,0.9154769604574335,,0.8734311174134461,1
3409,0.5628745342482119,,0.7296964401793187,1
3410,1.2184287100347824,,0.5859617629451911,1
3411,-2.2919374538231456,,0.4422270857110636,1
3412,-0.7795550531490059,,0.29849240847693614,1
3413,1.2072506085111974,,0.15475773124280856,1
3414,-0.9806264357156027,,0.011023054008681088,1
3415,-1.7120805131974195,,-0.13271162322544638,1
3416,0.11540086465629053,,-0.27644630045957386,1
3417,-0.23308002959198873,,-0.42018097769370133,1
3418,-0.563915654927829,-0.563915654927829,-0.563915654927829,0
3419,0.4430609710816287,0.4430609710816287,0.4430609710816287,0
3420,-0.2856122476708158,-0.2856122476708158,-0.2856122476708158,0
3421,-1.6215993044247148,-1.6215993044247148,-1.6215993044247148,0
3422,0.061366997573278494,0.061366997573278494,0.061366997573278494,0
3423,1.8042264130485546,1.8042264130485546,1.8042264130485546,0
3424,1.8921458499620387,1.8921458499620387,1.8921458499620387,0
3425,-0.8247028309059589,-0.8247028309059589,-0.8247028309059589,0
3426,-1.2517058126196867,,-0.658016538727542,1
3427,-1.1553466258438914,,-0.491330246549125,1
3428,1.4143246100785234,,-0.32464395437070803,1
3429,-0.3880266418627468,,-0.15795766219229113,1
3430,-1.0244081818049604,,0.00872862998612578,1
3431,0.9453408371149753,,0.1754149221645428,1
3432,0.9353203341726914,,0.3421012143429597,1
3433,1.9906906657371632,,0.5087875065213766,1
3434,-1.0418808155335233,,0.6754737986997935,1
3435,-0.5308979183237144,,0.8421600908782104,1
3436,1.0088463830566274,1.0088463830566274,1.0088463830566274,0
3437,0.1630236968444304,0.1630236968444304,0.1630236968444304,0
3438,0.16658988611587033,0.16658988611587033,0.16658988611587033,0
3439,0.9372764469163712,0.9372764469163712,0.9372764469163712,0
3440,0.8404055470093603,0.8404055470093603,0.8404055470093603,0
3441,1.7487101781359067,1.7487101781359067,1.7487101781359067,0
3442,0.27493885034557375,0.27493885034557375,0.27493885034557375,0
3443,-1.865683635144291,-1.865683635144291,-1.865683635144291,0
3444,-0.42915448349820595,-0.42915448349820595,-0.42915448349820595,0
3445,0.11927571786178538,0.11927571786178538,0.11927571786178538,0
3446,-0.9559030363004414,-0.9559030363004414,-0.9559030363004414,0
3447,-1.169503432163017,-1.169503432163017,-1.169503432163017,0
3448,0.4029134016837557,0.4029134016837557,0.4029134016837557,0
3449,1.227077111798795,1.227077111798795,1.227077111798795,0
3450,-1.2498857039654796,-1.2498857039654796,-1.2498857039654796,0
3451,-0.2517839095580527,-0.2517839095580527,-0.2517839095580527,0
3452,-0.9515617021264863,-0.9515617021264863,-0.9515617021264863,0
3453,0.4362694653289562,0.4362694653289562,0.4362694653289562,0
3454,-0.05150481141611625,-0.05150481141611625,-0.05150481141611625,0
3455,0.5009567819942073,0.5009567819942073,0.5009567819942073,0
3456,1.2741783975041991,1.2741783975041991,1.2741783975041991,0
3457,1.3699668658884814,1.3699668658884814,1.3699668658884814,0
3458,-1.0724183210533917,-1.0724183210533917,-1.0724183210533917,0
3459,-1.0782342065002282,-1.0782342065002282,-1.0782342065002282,0
3460,-0.26203332817859665,-0.26203332817859665,-0.26203332817859665,0
3461,-1.0793417777874321,-1.0793417777874321,-1.0793417777874321,0
3462,-0.5251763681683914,-0.5251763681683914,-0.5251763681683914,0
3463,-1.7544028627895192,,-0.4174335690179999,1
3464,-1.4690536689565035,,-0.3096907698676083,1
3465,-0.24062353299972153,,-0.2019479707172167,1
3466,-1.0085122699684896,,-0.09420517156682517,1
3467,0.94232021849396,,0.013537627583566358,1
3468,0.6515792143058314,,0.121280426733958,1
3469,0.22795120735533986,,0.22902322588434953,1
3470,0.7998594916098024,,0.33676602503474107,1
3471,-0.6372125045424851,,0.4445088241851326,1
3472,-1.0628139162305235,,0.5522516233355241,1
3473,0.6599944224859159,0.6599944224859159,0.6599944224859159,0
3474,-0.3276937829627564,-0.3276937829627564,-0.3276937829627564,0
3475,-0.5153803420686852,-0.5153803420686852,-0.5153803420686852,0
3476,0.4533491174503381,0.4533491174503381,0.4533491174503381,0
3477,-0.5312560840487321,-0.5312560840487321,-0.5312560840487321,0
3478,-0.07099890854095789,-0.07099890854095789,-0.07099890854095789,0
3479,0.2334778528005843,0.2334778528005843,0.2334778528005843,0
3480,-0.5446626560934543,,0.32901534324357407,1
3481,-0.33626142459766817,,0.4245528336865638,1
3482,1.4810736893439336,,0.5200903241295536,1
3483,-0.5230990278617345,,0.6156278145725433,1
3484,1.7704767800760974,,0.7111653050155331,1
3485,1.3192646700725819,,0.8067027954585229,1
3486,-0.6919252587436429,,0.9022402859015126,1
3487,-1.3293422345113584,,0.9977777763445024,1
3488,0.9083879837945267,,1.0933152667874921,1
3489,-0.39759072203896795,,1.188852757230482,1
3490,1.2843902476734717,1.2843902476734717,1.2843902476734717,0
3491,-0.43475431828586547,-0.43475431828586547,-0.43475431828586547,0
3492,-0.6234726806134064,,-0.3738485863650344,1
3493,-0.31926768089553803,,-0.3129428544442033,1
3494,0.04450941020223027,,-0.2520371225233722,1
3495,-0.6851814483448606,,-0.19113139060254106,1
3496,-0.768395769355178,,-0.13022565868170993,1
3497,1.990717771433523,,-0.06931992676087884,1
3498,0.2960074708971326,,-0.00841419484004774,1
3499,1.2839052433322797,,0.05249153708078336,1
3500,-0.21207478807159955,,0.11339726900161445,1
3501,3.0539718778620712,,0.1743030009224456,1
3502,0.23520873284327665,0.23520873284327665,0.23520873284327665,0
3503,-0.6813444685318298,-0.6813444685318298,-0.6813444685318298,0
3504,0.5221935704879669,0.5221935704879669,0.5221935704879669,0
3505,-0.2798911632117717,-0.2798911632117717,-0.2798911632117717,0
3506,1.3311667323290972,1.3311667323290972,1.3311667323290972,0
3507,-0.6814848890366023,-0.6814848890366023,-0.6814848890366023,0
3508,2.458446776622497,2.458446776622497,2.458446776622497,0
3509,0.22522990840828822,0.22522990840828822,0.22522990840828822,0
3510,0.19567394051912107,,0.3606942428656005,1
3511,0.007524447298587496,,0.49615857732291274,1
3512,0.5327089586964687,,0.631622911780225,1
3513,-1.0096032281099534,,0.7670872462375373,1
3514,-0.748349733591867,,0.9025515806948496,1
3515,-1.3951929458763555,,1.0380159151521617,1
3516,0.7006294457517703,,1.173480249609474,1
3517,1.4197619290757162,,1.3089445840667864,1
3518,0.21750794995362085,,1.4444089185240987,1
3519,0.5585031624916462,,1.579873252981411,1
3520,-1.2219006434547683,,1.715337587438723,1
3521,-1.3462581527744362,,1.8508019218960354,1
3522,-1.294779271184699,,1.9862662563533477,1
3523,-0.3593558607851098,,2.12173059081066,1
3524,0.1614052437372877,,2.257194925267972,1
3525,0.9740918186631923,,2.3926592597252845,1
3526,0.5947396683315485,,2.528123594182597,1
3527,0.24787726210217892,,2.663587928639909,1
3528,0.42422351038053635,,2.7990522630972214,1
3529,0.15413283404785258,,2.9345165975545338,1
3530,3.0699809320118456,3.0699809320118456,3.0699809320118456,0
3531,0.10035255544087829,0.10035255544087829,0.10035255544087829,0
3532,0.7677158600429785,0.7677158600429785,0.7677158600429785,0
3533,-1.1918676267446657,-1.1918676267446657,-1.1918676267446657,0
3534,0.7959476281417315,0.7959476281417315,0.7959476281417315,0
3535,0.6035011563930358,0.6035011563930358,0.6035011563930358,0
3536,-0.05424845138218132,-0.05424845138218132,-0.05424845138218132,0
3537,0.3337198778738003,,-0.11444228509204218,1
3538,0.47145805740781493,,-0.17463611880190305,1
3539,-0.9343918690152848,,-0.23482995251176392,1
3540,-0.791931438077371,,-0.2950237862216248,1
3541,-1.0034516056755913,,-0.35521761993148565,1
3542,-1.3124460120366432,,-0.4154114536413465,1
3543,-0.9420753980510811,,-0.4756052873512074,1
3544,-0.11523164808234382,,-0.5357991210610682,1
3545,0.40832154765873846,,-0.5959929547709291,1
3546,-1.2869670294986884,,-0.6561867884807899,1
3547,-0.7163806221906509,-0.7163806221906509,-0.7163806221906509,0
3548,0.8012841816582285,0.8012841816582285,0.8012841816582285,0
3549,1.5996954919677664,1.5996954919677664,1.5996954919677664,0
3550,-1.6798127806438092,-1.6798127806438092,-1.6798127806438092,0
3551,-1.432046829001576,-1.432046829001576,-1.432046829001576,0
3552,0.729682551245251,0.729682551245251,0.729682551245251,0
3553,1.2247877014168829,1.2247877014168829,1.2247877014168829,0
3554,0.6502759029919264,0.6502759029919264,0.6502759029919264,0
3555,-0.26662034743160073,,0.5644545352809216,1
3556,-0.11554219842845599,,0.4786331675699168,1
3557,-0.22687376069797935,,0.39281179985891196,1
3558,0.2845321787960632,,0.30699043214790717,1
3559,-0.6759803100522511,,0.22116906443690237,1
3560,3.470928037454111,,0.13534769672589753,1
3561,0.08801165892804148,,0.049526329014892734,1
3562,0.42603335805696135,,-0.03629503869611206,1
3563,0.046269249898302764,,-0.12211640640711685,1
3564,0.4838177160113675,,-0.20793777411812164,1
3565,-0.29375914182912655,-0.29375914182912655,-0.29375914182912655,0
3566,1.3314003807784998,1.3314003807784998,1.3314003807784998,0
3567,-0.7157845530005633,-0.7157845530005633,-0.7157845530005633,0
3568,-1.228377150211257,-1.228377150211257,-1.228377150211257,0
3569,1.403309410866596,1.403309410866596,1.403309410866596,0
3570,0.6019266763536567,,1.069317343042706,1
3571,0.5595020642556984,,0.7353252752188163,1
3572,-0.5113978165307418,,0.4013332073949265,1
3573,0.815742989941076,,0.0673411395710366,1
3574,-0.2057088977097084,,-0.2666509282528533,1
3575,-0.355592961270432,,-0.600642996076743,1
3576,0.9065608960260745,,-0.9346350639006329,1
3577,0.09594021230592119,,-1.2686271317245228,1
3578,0.38358962506178984,,-1.6026191995484127,1
3579,-1.3715040649334533,,-1.9366112673723026,1
3580,-2.270603335196192,-2.270603335196192,-2.270603335196192,0
3581,-0.6067636701089508,-0.6067636701089508,-0.6067636701089508,0
3582,-0.001206874906748685,-0.001206874906748685,-0.001206874906748685,0
3583,0.8944611447734413,0.8944611447734413,0.8944611447734413,0
3584,0.16461751409250377,0.16461751409250377,0.16461751409250377,0
3585,0.836204392081578,0.836204392081578,0.836204392081578,0
3586,-0.5219973258733568,-0.5219973258733568,-0.5219973258733568,0
3587,0.8495919006453811,0.8495919006453811,0.8495919006453811,0
3588,-0.6213845146500079,-0.6213845146500079,-0.6213845146500079,0
3589,0.28281916293368575,0.28281916293368575,0.28281916293368575,0
3590,-0.32865177618116614,-0.32865177618116614,-0.32865177618116614,0
3591,-0.059795268336314794,,-0.2828847451165994,1
3592,0.1191936783816555,,-0.23711771405203264,1
3593,0.5066665475481378,,-0.1913506829874659,1
3594,-0.036935289100973996,,-0.14558365192289915,1
3595,0.7250511399629358,,-0.0998166208583324,1
3596,-2.3248721513413404,,-0.05404958979376567,1
3597,0.2273983194671881,,-0.008282558729198919,1
3598,-0.8255837715320589,,0.037484472335367836,1
3599,-1.5588586170321592,,0.08325150339993459,1
3600,-0.3422157382878978,,0.12901853446450134,1
3601,0.1747855655290681,0.1747855655290681,0.1747855655290681,0
3602,-0.7286102843319251,-0.7286102843319251,-0.7286102843319251,0
3603,1.5185525169110867,1.5185525169110867,1.5185525169110867,0
3604,0.168282360199356,,1.3844340890489897,1
3605,0.38996007126892673,,1.2503156611868929,1
3606,-0.5738597556157441,,1.1161972333247958,1
3607,-1.9370158517271334,,0.9820788054626988,1
3608,0.3519621158285363,,0.8479603776006017,1
3609,1.2208708372353856,,0.7138419497385048,1
3610,0.12576109557834048,,0.5797235218764079,1
3611,0.3385886930446318,,0.4456050940143108,1
3612,0.005272071491809285,,0.31148666615221376,1
3613,0.9872488805154129,,0.17736823829011672,1
3614,0.04324981042801988,0.04324981042801988,0.04324981042801988,0
3615,-0.34708707985341647,-0.34708707985341647,-0.34708707985341647,0
3616,1.616796871429984,1.616796871429984,1.616796871429984,0
3617,0.03260226212088987,0.03260226212088987,0.03260226212088987,0
3618,-1.0873898818110113,,-0.03478790625382668,1
3619,-1.0038662354687926,,-0.10217807462854323,1
3620,-1.0517833250343864,,-0.16956824300325976,1
3621,-0.4813632066101254,,-0.23695841137797632,1
3622,0.8130369668341224,,-0.3043485797526929,1
3623,-1.0222185979392397,,-0.3717387481274094,1
3624,1.2886004550860253,,-0.439128916502126,1
3625,-0.11175695147696092,,-0.5065190848768425,1
3626,-0.306775527605334,,-0.5739092532515591,1
3627,-1.1728286215105623,,-0.6412994216262756,1
3628,-0.7086895900009921,-0.7086895900009921,-0.7086895900009921,0
3629,1.8201614551476293,1.8201614551476293,1.8201614551476293,0
3630,0.27767402138487574,0.27767402138487574,0.27767402138487574,0
3631,1.0481178485060414,,0.39032850819560816,1
3632,1.0126697973743914,,0.5029829950063406,1
3633,0.9969411186968454,,0.6156374818170729,1
3634,-0.1276102574530255,,0.7282919686278053,1
3635,-0.9437518418685342,,0.8409464554385377,1
3636,0.6208697202610255,,0.9536009422492702,1
3637,-0.26316690925223,,1.0662554290600026,1
3638,-0.2933613558321745,,1.178909915870735,1
3639,-1.1598477001849927,,1.2915644026814674,1
3640,0.09782146526594318,,1.4042188894921996,1
3641,1.516873376302932,1.516873376302932,1.516873376302932,0
3642,-0.643953076203378,-0.643953076203378,-0.643953076203378,0
3643,-0.5543858643821581,-0.5543858643821581,-0.5543858643821581,0
3644,0.6457209118604641,0.6457209118604641,0.6457209118604641,0
3645,-0.1875696795144625,-0.1875696795144625,-0.1875696795144625,0
3646,-1.3217320961526224,-1.3217320961526224,-1.3217320961526224,0
3647,-1.1332943869338277,,-1.283263918747661,1
3648,-1.0412349751422925,,-1.2447957413426998,1
3649,-0.25276587084865515,,-1.2063275639377384,1
3650,0.4293810608882261,,-1.167859386532777,1
3651,-1.442343199555882,,-1.129391209127816,1
3652,0.9238147644913297,,-1.0909230317228547,1
3653,0.8724165957652272,,-1.0524548543178933,1
3654,-0.2043392072136252,,-1.013986676912932,1
3655,-0.46854982573457366,,-0.9755184995079706,1
3656,-0.7569983337160463,,-0.9370503221030093,1
3657,0.06262522054827557,,-0.898582144698048,1
3658,-0.13496006209065473,,-0.8601139672930866,1
3659,1.0258689325709938,,-0.8216457898881253,1
3660,1.9257683881921568,,-0.7831776124831641,1
3661,0.3327059150316849,,-0.7447094350782028,1
3662,1.0188983109286864,,-0.7062412576732414,1
3663,-0.06557328832887274,,-0.6677730802682801,1
3664,-0.8953317958191951,,-0.6293049028633187,1
3665,2.3888271056233443,,-0.5908367254583575,1
3666,1.5945399158274864,,-0.5523685480533962,1
3667,-0.5139003706484349,-0.5139003706484349,-0.5139003706484349,0
3668,-0.6282978727837036,-0.6282978727837036,-0.6282978727837036,0
3669,1.183017364387047,1.183017364387047,1.183017364387047,0
3670,0.04399544712060491,0.04399544712060491,0.04399544712060491,0
3671,0.4452233538727831,,0.026074238921253455,1
3672,0.5738227669411333,,0.008153030721902002,1
3673,0.9575148985484092,,-0.009768177477449451,1
3674,1.8465089946805255,,-0.027689385676800904,1
3675,0.4336140979843235,,-0.04561059387615235,1
3676,1.6862247126075134,,-0.06353180207550381,1
3677,0.8544414487280059,,-0.08145301027485527,1
3678,-1.0129845798268071,,-0.09937421847420672,1
3679,-0.29609806472147604,,-0.11729542667355816,1
3680,0.2698732565208386,,-0.1352166348729096,1
3681,-0.15313784307226108,-0.15313784307226108,-0.15313784307226108,0
3682,-0.6746519394489363,-0.6746519394489363,-0.6746519394489363,0
3683,-0.4074844875499997,,-0.7204370619664199,1
3684,-0.5620309613925887,,-0.7662221844839033,1
3685,-0.6285859483425283,,-0.8120073070013869,1
3686,-0.715088851595728,,-0.8577924295188704,1
3687,1.1542441403768886,,-0.9035775520363539,1
3688,-0.11225748758065762,,-0.9493626745538375,1
3689,-0.17217611413986675,,-0.995147797071321,1
3690,-0.2328400045485132,,-1.0409329195888044,1
3691,1.0169985777513781,,-1.086718042106288,1
3692,1.4254387946190834,,-1.1325031646237715,1
3693,-1.178288287141255,-1.178288287141255,-1.178288287141255,0
3694,-0.49683394972943756,-0.49683394972943756,-0.49683394972943756,0
3695,0.7936268292542852,0.7936268292542852,0.7936268292542852,0
3696,0.4016278276788047,0.4016278276788047,0.4016278276788047,0
3697,0.6112572223335881,0.6112572223335881,0.6112572223335881,0
3698,1.526726247771926,1.526726247771926,1.526726247771926,0
3699,-1.7178109281235772,-1.7178109281235772,-1.7178109281235772,0
3700,0.06395206298823776,0.06395206298823776,0.06395206298823776,0
3701,-1.5708297358393026,-1.5708297358393026,-1.5708297358393026,0
3702,0.7192128326535483,0.7192128326535483,0.7192128326535483,0
3703,1.5702275397700178,1.5702275397700178,1.5702275397700178,0
3704,0.2653821732636609,,1.4324384627729685,1
3705,0.2512901648563942,,1.2946493857759194,1
3706,-0.21843337682357608,,1.15686030877887,1
3707,1.7681729805752817,,1.0190712317818207,1
3708,2.496094623465794,,0.8812821547847713,1
3709,1.1201055022610062,,0.7434930777877221,1
3710,-1.004119716392487,,0.6057040007906729,1
3711,0.6741119521450247,,0.46791492379362354,1
3712,1.2840447093486997,,0.3301258467965742,1
3713,-0.09032574646289902,,0.19233676979952485,1
3714,0.054547692802475636,0.054547692802475636,0.054547692802475636,0
3715,0.4205141800540675,0.4205141800540675,0.4205141800540675,0
3716,-0.9971441512928245,-0.9971441512928245,-0.9971441512928245,0
3717,-1.455748636372385,-1.455748636372385,-1.455748636372385,0
3718,0.39056699376967163,0.39056699376967163,0.39056699376967163,0
3719,1.0197384932409281,1.0197384932409281,1.0197384932409281,0
3720,-0.5559990965464771,-0.5559990965464771,-0.5559990965464771,0
3721,0.5074054270995646,,-0.40756466953173576,1
3722,0.6978234427773502,,-0.2591302425169945,1
3723,2.253611371878243,,-0.11069581550225327,1
3724,-0.01319888069240763,,0.03773861151248803,1
3725,1.1742337165475623,,0.18617303852722933,1
3726,1.6508058643610746,,0.3346074655419705,1
3727,-0.7375644517582095,,0.4830418925567118,1
3728,-0.6046834087162419,,0.6314763195714531,1
3729,0.9908636204426576,,0.7799107465861944,1
3730,1.4802992064907894,,0.9283451736009357,1
3731,1.0767796006156767,1.0767796006156767,1.0767796006156767,0
3732,-0.06151408378614988,-0.06151408378614988,-0.06151408378614988,0
3733,-0.6782517008255604,-0.6782517008255604,-0.6782517008255604,0
3734,1.0398618746472985,1.0398618746472985,1.0398618746472985,0
3735,0.4455495921899611,0.4455495921899611,0.4455495921899611,0
3736,-0.7243715306010977,-0.7243715306010977,-0.7243715306010977,0
3737,-0.44932662287178826,-0.44932662287178826,-0.44932662287178826,0
3738,0.8035343871933637,0.8035343871933637,0.8035343871933637,0
3739,0.5641850389856818,0.5641850389856818,0.5641850389856818,0
3740,0.23800891950445754,0.23800891950445754,0.23800891950445754,0
3741,0.4686519489365969,0.4686519489365969,0.4686519489365969,0
3742,-1.1931805522512182,-1.1931805522512182,-1.1931805522512182,0
3743,-1.7650376215226613,,-1.075766686151498,1
3744,-1.5388594457609244,,-0.9583528200517777,1
3745,1.108872880918205,,-0.8409389539520575,1
3746,0.6125967270058698,,-0.7235250878523373,1
3747,0.5497911684068433,,-0.606111221752617,1
3748,0.770750983280663,,-0.48869735565289685,1
3749,-1.2920595991581867,,-0.3712834895531766,1
3750,0.15082725595788632,,-0.2538696234534563,1
3751,0.3106901590897008,,-0.13645575735373616,1
3752,1.0533961102954423,,-0.019041891254015786,1
3753,0.0983719748457043,0.0983719748457043,0.0983719748457043,0
3754,-0.5480229291657793,-0.5480229291657793,-0.5480229291657793,0
3755,1.2695114840213175,1.2695114840213175,1.2695114840213175,0
3756,-0.10286428775341265,-0.10286428775341265,-0.10286428775341265,0
3757,1.2868588577094038,1.2868588577094038,1.2868588577094038,0
3758,-0.5996836718399022,-0.5996836718399022,-0.5996836718399022,0
3759,-0.22902933016907162,-0.22902933016907162,-0.22902933016907162,0
3760,-0.11208710648571647,,-0.18876054101988887,1
3761,-0.19426357584264617,,-0.14849175187070612,1
3762,-0.496225658374969,,-0.1082229627215234,1
3763,1.6236463982245881,,-0.06795417357234065,1
3764,-0.4643063925677042,,-0.027685384423157905,1
3765,-0.789882810790397,,0.012583404726024816,1
3766,-0.961124608580599,,0.052852193875207565,1
3767,1.3825058239796777,,0.09312098302439031,1
3768,-0.012221686790101206,,0.13338977217357306,1
3769,0.385279207591095,,0.1736585613227558,1
3770,0.08489822323097945,,0.21392735047193856,1
3771,0.21691647237564757,,0.25419613962112125,1
3772,-1.2148858915111538,,0.294464928770304,1
3773,-0.12278367290372669,,0.33473371791948675,1
3774,-0.48026949934622615,,0.3750025070686695,1
3775,-1.0366953658299902,,0.41527129621785225,1
3776,-0.26885711996507117,,0.455540085367035,1
3777,1.0925083685581025,,0.49580887451621775,1
3778,-2.0690470713663727,,0.5360776636654006,1
3779,2.1291756511050717,,0.5763464528145832,1
3780,0.616615241963766,0.616615241963766,0.616615241963766,0
3781,-0.18421551823864785,-0.18421551823864785,-0.18421551823864785,0
3782,-0.3532950245951104,,-0.16769094691199107,1
3783,-0.021531051091531247,,-0.1511663755853343,1
3784,-0.34585680450804723,,-0.1346418042586775,1
3785,0.48289258438438604,,-0.11811723293202073,1
3786,2.9288743626069724,,-0.10159266160536395,1
3787,1.3034589723621077,,-0.08506809027870717,1
3788,-1.7630017118339878,,-0.06854351895205038,1
3789,0.5194883291593919,,-0.05201894762539361,1
3790,-0.2208248822699049,,-0.035494376298736835,1
3791,0.6366320682365386,,-0.018969804972080062,1
3792,-0.0024452336454232645,-0.0024452336454232645,-0.0024452336454232645,0
3793,-1.1189354387827868,-1.1189354387827868,-1.1189354387827868,0
3794,0.5221738611888302,0.5221738611888302,0.5221738611888302,0
3795,-0.46855317109284905,-0.46855317109284905,-0.46855317109284905,0
3796,1.4723408625294334,1.4723408625294334,1.4723408625294334,0
3797,-0.9864717429809826,-0.9864717429809826,-0.9864717429809826,0
3798,1.4822792406284913,1.4822792406284913,1.4822792406284913,0
3799,-0.9069988344220724,-0.9069988344220724,-0.9069988344220724,0
3800,-1.6347701366577971,-1.6347701366577971,-1.6347701366577971,0
3801,2.02246943399775,2.02246943399775,2.02246943399775,0
3802,0.7653000089120969,0.7653000089120969,0.7653000089120969,0
3803,-0.5774659643170935,-0.5774659643170935,-0.5774659643170935,0
3804,0.32121980325267957,0.32121980325267957,0.32121980325267957,0
3805,0.22264562605894567,0.22264562605894567,0.22264562605894567,0
3806,-0.5691201845336198,-0.5691201845336198,-0.5691201845336198,0
3807,0.27945592724454393,0.27945592724454393,0.27945592724454393,0
3808,-0.9237464551283205,-0.9237464551283205,-0.9237464551283205,0
3809,-0.3128741595930693,-0.3128741595930693,-0.3128741595930693,0
3810,-0.7373830810869416,-0.7373830810869416,-0.7373830810869416,0
3811,0.20035796616803503,0.20035796616803503,0.20035796616803503,0
3812,-2.1078103913117126,-2.1078103913117126,-2.1078103913117126,0
3813,1.6672403992797007,1.6672403992797007,1.6672403992797007,0
3814,0.30923048897737615,,1.5349284065310922,1
3815,0.28124982473811055,,1.402616413782484,1
3816,-0.3461834375823701,,1.2703044210338756,1
3817,-1.7508887700116749,,1.1379924282852671,1
3818,0.5738558200415488,,1.0056804355366586,1
3819,-1.5665566981660604,,0.8733684427880504,1
3820,0.7600303140687535,,0.741056450039442,1
3821,-0.6182746258877669,,0.6087444572908336,1
3822,0.9596397332502434,,0.4764324645422253,1
3823,-1.8974699147331022,,0.3441204717936168,1
3824,0.21180847904500844,0.21180847904500844,0.21180847904500844,0
3825,2.390423666734685,2.390423666734685,2.390423666734685,0
3826,0.27807238706165466,0.27807238706165466,0.27807238706165466,0
3827,1.02297449694044,1.02297449694044,1.02297449694044,0
3828,0.388584260927087,0.388584260927087,0.388584260927087,0
3829,-1.1733092656424948,-1.1733092656424948,-1.1733092656424948,0
3830,-0.7784498922113753,-0.7784498922113753,-0.7784498922113753,0
3831,0.5666899754683031,0.5666899754683031,0.5666899754683031,0
3832,-0.3178868750193467,-0.3178868750193467,-0.3178868750193467,0
3833,-0.45318089874484296,-0.45318089874484296,-0.45318089874484296,0
3834,-0.08674744565084498,-0.08674744565084498,-0.08674744565084498,0
3835,0.7118775716111383,0.7118775716111383,0.7118775716111383,0
3836,1.1121893117983501,1.1121893117983501,1.1121893117983501,0
3837,0.1349614727020317,0.1349614727020317,0.1349614727020317,0
3838,0.03683432458806532,0.03683432458806532,0.03683432458806532,0
3839,-1.3133406188800218,-1.3133406188800218,-1.3133406188800218,0
3840,0.16311761862992363,,-1.0293682554733452,1
3841,0.07458622582144334,,-0.7453958920666687,1
3842,0.7723929425321047,,-0.46142352865999214,1
3843,0.7997292155350965,,-0.1774511652533155,1
3844,0.28177183956816365,,0.10652119815336114,1
3845,0.41022438121897814,,0.39049356156003756,1
3846,-0.006999190484652227,,0.6744659249667142,1
3847,-0.6326404982749789,,0.9584382883733908,1
3848,-0.9994867012001606,,1.2424106517800675,1
3849,0.28568401495335255,,1.5263830151867441,1
3850,1.8103553785934206,1.8103553785934206,1.8103553785934206,0
3851,1.0881855337382849,1.0881855337382849,1.0881855337382849,0
3852,-1.1539207200079897,-1.1539207200079897,-1.1539207200079897,0
3853,-0.12328136395536846,-0.12328136395536846,-0.12328136395536846,0
3854,1.0311763924194701,1.0311763924194701,1.0311763924194701,0
3855,2.806658437731631,2.806658437731631,2.806658437731631,0
3856,-0.42656662186960376,-0.42656662186960376,-0.42656662186960376,0
3857,1.3243419711490794,1.3243419711490794,1.3243419711490794,0
3858,0.5733287002408703,0.5733287002408703,0.5733287002408703,0
3859,0.4251622187161207,0.4251622187161207,0.4251622187161207,0
3860,-1.4556707870993377,-1.4556707870993377,-1.4556707870993377,0
3861,0.44260445409554694,,-1.3508257168594604,1
3862,0.4890957231291301,,-1.245980646619583,1
3863,1.5402482190553621,,-1.141135576379706,1
3864,0.2272048906807047,,-1.0362905061398286,1
3865,-1.6864958306149664,,-0.9314454358999513,1
3866,-0.17041199974759144,,-0.8266003656600741,1
3867,0.22559854182078676,,-0.7217552954201969,1
3868,1.1172367678885071,,-0.6169102251803196,1
3869,0.9731134507797141,,-0.5120651549404422,1
3870,-0.19512156803872394,,-0.4072200847005649,1
3871,-0.3023750144606877,-0.3023750144606877,-0.3023750144606877,0
3872,0.790953228176598,0.790953228176598,0.790953228176598,0
3873,0.7335213518892176,0.7335213518892176,0.7335213518892176,0
3874,0.5547163682548841,0.5547163682548841,0.5547163682548841,0
3875,-0.39136755841910764,-0.39136755841910764,-0.39136755841910764,0
3876,-2.0535719741384577,-2.0535719741384577,-2.0535719741384577,0
3877,-1.3181551345492906,-1.3181551345492906,-1.3181551345492906,0
3878,-1.0146749801474988,-1.0146749801474988,-1.0146749801474988,0
3879,0.32261413856508014,,-0.9458568106567137,1
3880,0.5034797233815217,,-0.8770386411659286,1
3881,0.3359068718150607,,-0.8082204716751433,1
3882,2.575473219071403,,-0.7394023021843583,1
3883,0.2924035767935148,,-0.6705841326935731,1
3884,0.2001511162458179,,-0.601765963202788,1
3885,-0.4242851274346822,,-0.5329477937120028,1
3886,0.023843230127084253,,-0.46412962422121773,1
3887,0.7685725412840952,,-0.3953114547304326,1
3888,1.3181435918583762,,-0.3264932852396475,1
3889,-0.25767511574886237,-0.25767511574886237,-0.25767511574886237,0
3890,0.337279744060653,0.337279744060653,0.337279744060653,0
3891,-1.251874653861698,-1.251874653861698,-1.251874653861698,0
3892,-0.4051654777897295,-0.4051654777897295,-0.4051654777897295,0
3893,1.1375047236481384,1.1375047236481384,1.1375047236481384,0
3894,0.23259502730401324,0.23259502730401324,0.23259502730401324,0
3895,0.17683734368634868,0.17683734368634868,0.17683734368634868,0
3896,-0.8153356114799455,-0.8153356114799455,-0.8153356114799455,0
3897,0.6488546534580782,0.6488546534580782,0.6488546534580782,0
3898,-0.7075985829814703,-0.7075985829814703,-0.7075985829814703,0
3899,0.7463774287253906,0.7463774287253906,0.7463774287253906,0
3900,0.06623993411334751,0.06623993411334751,0.06623993411334751,0
3901,0.6405399396207928,0.6405399396207928,0.6405399396207928,0
3902,-1.2523324803623015,-1.2523324803623015,-1.2523324803623015,0
3903,-1.013860277047962,-1.013860277047962,-1.013860277047962,0
3904,-0.46727501384048475,-0.46727501384048475,-0.46727501384048475,0
3905,-0.6413029898638825,,-0.4173886537622459,1
3906,-0.3161916151039268,,-0.36750229368400705,1
3907,0.8545089590132703,,-0.3176159336057682,1
3908,0.7358029298976749,,-0.26772957352752935,1
3909,0.18256210631107245,,-0.21784321344929047,1
3910,0.8947988745854147,,-0.1679568533710516,1
3911,0.24606724175212702,,-0.11807049329281277,1
3912,1.8924870832262892,,-0.0681841332145739,1
3913,0.04496276782021229,,-0.018297773136335016,1
3914,-0.23335989044840935,,0.03158858694190381,1
3915,0.08147494702014271,0.08147494702014271,0.08147494702014271,0
3916,0.17041783473795188,0.17041783473795188,0.17041783473795188,0
3917,0.3664130209046037,0.3664130209046037,0.3664130209046037,0
3918,-1.932055642657967,-1.932055642657967,-1.932055642657967,0
3919,-1.3248748669501555,,-1.6526135448197565,1
3920,-1.1579279220631185,,-1.3731714469815464,1
3921,1.7251677809653534,,-1.0937293491433362,1
3922,2.9498590677592325,,-0.8142872513051258,1
3923,-0.3018070383117417,,-0.5348451534669154,1
3924,0.2723075122191367,,-0.25540305562870524,1
3925,-0.4754744596687508,,0.024039042209504924,1
3926,-1.7320908216195594,,0.3034811400477153,1
3927,-0.1389821639221597,,0.5829232378859257,1
3928,-0.4482065084791268,,0.8623653357241361,1
3929,1.1418074335623463,1.1418074335623463,1.1418074335623463,0
3930,0.8513957965216825,0.8513957965216825,0.8513957965216825,0
3931,-1.38294680304462,-1.38294680304462,-1.38294680304462,0
3932,-0.4427281215800297,-0.4427281215800297,-0.4427281215800297,0
3933,0.6730152457851304,0.6730152457851304,0.6730152457851304,0
3934,-0.07082114230391111,-0.07082114230391111,-0.07082114230391111,0
3935,-0.14368093792699443,-0.14368093792699443,-0.14368093792699443,0
3936,-0.043148304854036736,,-0.12459058366265412,1
3937,0.1269767704162592,,-0.1055002293983138,1
3938,-0.22180452738498532,,-0.08640987513397348,1
3939,1.16213220639356,,-0.06731952086963316,1
3940,-0.7665111508360999,,-0.04822916660529285,1
3941,1.6028757578642499,,-0.02913881234095253,1
3942,0.29060124774051693,,-0.010048458076612199,1
3943,-0.6847708201965574,,0.009041896187728105,1
3944,-0.9268913484737498,,0.028132250452068408,1
3945,-0.5389110573467927,,0.04722260471640874,1
3946,0.06631295898074908,0.06631295898074908,0.06631295898074908,0
3947,0.7627053538819902,0.7627053538819902,0.7627053538819902,0
3948,1.1100562994038836,1.1100562994038836,1.1100562994038836,0
3949,0.6341646726033405,0.6341646726033405,0.6341646726033405,0
3950,-0.8663612830320891,-0.8663612830320891,-0.8663612830320891,0
3951,-0.5768572621421125,-0.5768572621421125,-0.5768572621421125,0
3952,-0.7932843288702915,-0.7932843288702915,-0.7932843288702915,0
3953,-0.24519319896267797,-0.24519319896267797,-0.24519319896267797,0
3954,1.9872184459474835,,-0.29499787674187644,1
3955,1.7821293782656598,,-0.34480255452107494,1
3956,0.4902478105848082,,-0.3946072323002734,1
3957,-2.244061617287926,,-0.4444119100794719,1
3958,-1.298257392408581,,-0.4942165878586704,1
3959,-0.2512524706145894,,-0.5440212656378689,1
3960,-1.464525299292895,,-0.5938259434170673,1
3961,0.18370763398281414,,-0.6436306211962658,1
3962,-0.5530024047688555,,-0.6934352989754643,1
3963,-0.308227015724465,,-0.7432399767546628,1
3964,-0.7930446545338613,-0.7930446545338613,-0.7930446545338613,0
3965,-0.8659174914607124,-0.8659174914607124,-0.8659174914607124,0
3966,0.3439954570526838,0.3439954570526838,0.3439954570526838,0
3967,-0.41638884898435946,-0.41638884898435946,-0.41638884898435946,0
3968,0.976068112812645,0.976068112812645,0.976068112812645,0
3969,-0.9326609723800305,-0.9326609723800305,-0.9326609723800305,0
3970,0.1568592284179104,,-0.7517141611838694,1
3971,-0.07413957307866945,,-0.5707673499877082,1
3972,-0.5333968990083217,,-0.3898205387915469,1
3973,-0.6799148608313061,,-0.2088737275953857,1
3974,0.8976073451196204,,-0.02792691639922451,1
3975,-1.2734069290122332,,0.15301989479693678,1
3976,-0.6640148433089691,,0.33396670599309797,1
3977,2.012483895612411,,0.5149135171892592,1
3978,-0.3626712886189633,,0.6958603283854203,1
3979,0.3369849928272684,,0.8768071395815815,1
3980,1.057753950777743,1.057753950777743,1.057753950777743,0
3981,-1.4124142510178592,-1.4124142510178592,-1.4124142510178592,0
3982,-0.050944040089410135,-0.050944040089410135,-0.050944040089410135,0
3983,-1.0887392786577876,-1.0887392786577876,-1.0887392786577876,0
3984,0.89223504165971,0.89223504165971,0.89223504165971,0
3985,-0.2773614574130769,-0.2773614574130769,-0.2773614574130769,0
3986,-1.104536918409567,-1.104536918409567,-1.104536918409567,0
3987,-1.1488164888577985,-1.1488164888577985,-1.1488164888577985,0
3988,-0.8794259005664573,-0.8794259005664573,-0.8794259005664573,0
3989,1.0244927859944666,1.0244927859944666,1.0244927859944666,0
3990,0.37165924147415075,0.37165924147415075,0.37165924147415075,0
3991,-1.2621934947219182,-1.2621934947219182,-1.2621934947219182,0
3992,0.1267639653324555,0.1267639653324555,0.1267639653324555,0
3993,-1.0780617891771238,-1.0780617891771238,-1.0780617891771238,0
3994,-1.3033553121891301,-1.3033553121891301,-1.3033553121891301,0
3995,0.8422373908061831,0.8422373908061831,0.8422373908061831,0
3996,-1.5938238135428602,-1.5938238135428602,-1.5938238135428602,0
3997,-0.873579958758787,-0.873579958758787,-0.873579958758787,0
3998,-0.6472124672969722,-0.6472124672969722,-0.6472124672969722,0
3999,1.1527050388895876,1.1527050388895876,1.1527050388895876,0
4000,0.1422132822528705,0.1422132822528705,0.1422132822528705,0
4001,0.5845895748370317,0.5845895748370317,0.5845895748370317,0
4002,1.6424276302845535,1.6424276302845535,1.6424276302845535,0
4003,-0.12339858032189226,-0.12339858032189226,-0.12339858032189226,0
4004,-1.443392198835986,-1.443392198835986,-1.443392198835986,0
4005,-1.0790855881789279,-1.0790855881789279,-1.0790855881789279,0
4006,1.1545436460352325,1.1545436460352325,1.1545436460352325,0
4007,0.7715212112492696,0.7715212112492696,0.7715212112492696,0
4008,-0.7478296621556674,-0.7478296621556674,-0.7478296621556674,0
4009,0.8766232050391779,,-0.5871648014717091,1
4010,0.7334311989272795,,-0.42649994078775083,1
4011,0.2821159011895849,,-0.26583508010379253,1
4012,1.7645476988010438,,-0.10517021941983429,1
4013,3.0155917553758025,,0.055494641264123956,1
4014,-0.7905936525642578,,0.2161595019480823,1
4015,2.549566174521883,,0.37682436263204055,1
4016,1.9096517828514974,,0.5374892233159988,1
4017,1.02458025152242,,0.698154083999957,1
4018,-1.5712315548667009,,0.8588189446839153,1
4019,1.0194838053678736,1.0194838053678736,1.0194838053678736,0
4020,0.6972955232087261,0.6972955232087261,0.6972955232087261,0
4021,-0.3762232721142154,-0.3762232721142154,-0.3762232721142154,0
4022,0.7134565233745934,0.7134565233745934,0.7134565233745934,0
4023,0.03048830135483272,0.03048830135483272,0.03048830135483272,0
4024,-0.6717851921513688,-0.6717851921513688,-0.6717851921513688,0
4025,-0.6328387546775759,-0.6328387546775759,-0.6328387546775759,0
4026,0.4805125823600773,0.4805125823600773,0.4805125823600773,0
4027,0.8630117761315429,0.8630117761315429,0.8630117761315429,0
4028,-0.2680614899428331,,0.6401675928102897,1
4029,-0.09536587078891538,,0.4173234094890365,1
4030,0.45467671536429655,,0.19447922616778335,1
4031,-0.9714453275805242,,-0.028364957153469872,1
4032,0.4024044619443285,,-0.2512091404747231,1
4033,1.1311407275110403,,-0.4740533237959762,1
4034,-0.1051315534558396,,-0.6968975071172295,1
4035,2.3989692583448234,,-0.9197416904384826,1
4036,0.029068830279077223,,-1.142585873759736,1
4037,-0.36492832294548966,,-1.3654300570809892,1
4038,-1.5882742404022423,-1.5882742404022423,-1.5882742404022423,0
4039,0.013665432611227091,0.013665432611227091,0.013665432611227091,0
4040,1.7524191054729712,1.7524191054729712,1.7524191054729712,0
4041,0.011072175868740017,0.011072175868740017,0.011072175868740017,0
4042,-0.3173582543708968,-0.3173582543708968,-0.3173582543708968,0
4043,0.021512894542606086,0.021512894542606086,0.021512894542606086,0
4044,1.1361032169759715,1.1361032169759715,1.1361032169759715,0
4045,-0.7889750732864678,-0.7889750732864678,-0.7889750732864678,0
4046,0.3127443003446013,0.3127443003446013,0.3127443003446013,0
4047,-0.42594504612615414,-0.42594504612615414,-0.42594504612615414,0
4048,-0.007975798573618941,,-0.416807074785759,1
4049,-0.21746142859007836,,-0.4076691034453639,1
4050,-1.7570935291128347,,-0.3985311321049687,1
4051,-0.2524906158373763,,-0.3893931607645736,1
4052,0.2722011029949388,,-0.38025518942417846,1
4053,-0.8482286692961934,,-0.37111721808378334,1
4054,1.4003365547679596,,-0.3619792467433882,1
4055,-0.43239677242157903,,-0.35284127540299304,1
4056,-0.33926053537208645,,-0.3437033040625979,1
4057,0.36209629006029453,,-0.3345653327222028,1
4058,-0.32542736138180767,-0.32542736138180767,-0.32542736138180767,0
4059,-1.7729138293803952,-1.7729138293803952,-1.7729138293803952,0
4060,1.6242480250531794,1.6242480250531794,1.6242480250531794,0
4061,0.7207964786007302,,1.4182420129122173,1
4062,0.6206321712894554,,1.212236000771255,1
4063,0.9732621166875735,,1.0062299886302928,1
4064,0.9468519287680726,,0.8002239764893306,1
4065,-0.07908463523926881,,0.5942179643483685,1
4066,1.0377967070833574,,0.3882119522074061,1
4067,-0.8914866596065145,,0.18220594006644397,1
4068,0.1610475011696713,,-0.023800072074518175,1
4069,-2.0177166753057008,,-0.22980608421548032,1
4070,-0.11141239167581722,,-0.43581209635644247,1
4071,-0.6418181084974051,-0.6418181084974051,-0.6418181084974051,0
4072,3.193670256121897,3.193670256121897,3.193670256121897,0
4073,0.40193228070473336,0.40193228070473336,0.40193228070473336,0
4074,-2.22425024235581,-2.22425024235581,-2.22425024235581,0
4075,0.10006985307488875,0.10006985307488875,0.10006985307488875,0
4076,-1.5217498019848676,-1.5217498019848676,-1.5217498019848676,0
4077,-0.27500899335495793,-0.27500899335495793,-0.27500899335495793,0
4078,0.6127767558664733,0.6127767558664733,0.6127767558664733,0
4079,-0.6296087546812577,-0.6296087546812577,-0.6296087546812577,0
4080,0.7356463291522124,0.7356463291522124,0.7356463291522124,0
4081,-0.21979455189275596,,0.7269422338535003,1
4082,-0.07072740984654728,,0.7182381385547882,1
4083,-0.7441123993798069,,0.7095340432560762,1
4084,1.7588946805565464,,0.7008299479573641,1
4085,-0.12007401220259707,,0.692125852658652,1
4086,1.2382418006785414,,0.6834217573599399,1
4087,0.41762062907399056,,0.6747176620612279,1
4088,0.021034068161085342,,0.6660135667625158,1
4089,0.16235569358555804,,0.6573094714638037,1
4090,0.2512128509128734,,0.6486053761650916,1
4091,0.21679489748766945,,0.6399012808663795,1
4092,0.032548441115744765,,0.6311971855676675,1
4093,-0.6209610287530006,,0.6224930902689555,1
4094,-0.7843597032537435,,0.6137889949702434,1
4095,-0.48203342099494506,,0.6050848996715313,1
4096,-1.165352560429102,,0.5963808043728193,1
4097,1.4899812997313557,,0.5876767090741072,1
4098,0.05328920974819632,,0.5789726137753951,1
4099,1.5066465093592512,,0.570268518476683,1
4100,1.1303913250280124,,0.561564423177971,1
4101,0.5528603278792589,0.5528603278792589,0.5528603278792589,0
4102,-0.7475514426869976,-0.7475514426869976,-0.7475514426869976,0
4103,0.6914504355150527,0.6914504355150527,0.6914504355150527,0
4104,-0.07863266877199593,-0.07863266877199593,-0.07863266877199593,0
4105,2.545267193583659,2.545267193583659,2.545267193583659,0
4106,-0.22977219160434004,-0.22977219160434004,-0.22977219160434004,0
4107,1.1779868872889971,1.1779868872889971,1.1779868872889971,0
4108,1.2558854438153717,1.2558854438153717,1.2558854438153717,0
4109,1.2747921961813136,1.2747921961813136,1.2747921961813136,0
4110,-0.6779503157121349,-0.6779503157121349,-0.6779503157121349,0
4111,0.3759399901211903,,-0.5156459399329878,1
4112,0.4113254909537507,,-0.35334156415384077,1
4113,-0.3973847566330971,,-0.1910371883746937,1
4114,-0.12901895803442517,,-0.02873281259554661,1
4115,-0.153687277434378,,0.13357156318360053,1
4116,0.7287312204263802,,0.29587593896274755,1
4117,0.5342750223657298,,0.4581803147418946,1
4118,0.625892377899439,,0.6204846905210417,1
4119,-0.9623621322606964,,0.7827890663001889,1
4120,-1.5784685150568085,,0.945093442079336,1
4121,1.107397817858483,1.107397817858483,1.107397817858483,0
4122,-1.8846286623531034,-1.8846286623531034,-1.8846286623531034,0
4123,-0.2005395034318413,-0.2005395034318413,-0.2005395034318413,0
4124,-1.2238179330495171,-1.2238179330495171,-1.2238179330495171,0
4125,-0.654113106734483,-0.654113106734483,-0.654113106734483,0
4126,-0.36471761143551773,-0.36471761143551773,-0.36471761143551773,0
4127,-1.303984628352006,-1.303984628352006,-1.303984628352006,0
4128,1.6391492957366764,1.6391492957366764,1.6391492957366764,0
4129,-0.29494495376381513,-0.29494495376381513,-0.29494495376381513,0
4130,0.4367350282121633,0.4367350282121633,0.4367350282121633,0
4131,-1.30850939965947,-1.30850939965947,-1.30850939965947,0
4132,0.9789438963161017,0.9789438963161017,0.9789438963161017,0
4133,-2.5447775817642473,-2.5447775817642473,-2.5447775817642473,0
4134,1.0659605471096811,1.0659605471096811,1.0659605471096811,0
4135,0.2878950987923802,0.2878950987923802,0.2878950987923802,0
4136,1.654175978808629,1.654175978808629,1.654175978808629,0
4137,-0.5199255646115966,-0.5199255646115966,-0.5199255646115966,0
4138,-0.655794047793438,-0.655794047793438,-0.655794047793438,0
4139,-1.2238784938663185,-1.2238784938663185,-1.2238784938663185,0
4140,-0.745099028227471,-0.745099028227471,-0.745099028227471,0
4141,0.8650197915048943,0.8650197915048943,0.8650197915048943,0
4142,-1.3076674152381886,-1.3076674152381886,-1.3076674152381886,0
4143,0.7067566481349337,0.7067566481349337,0.7067566481349337,0
4144,0.1865704837619579,0.1865704837619579,0.1865704837619579,0
4145,-0.35587301028437435,-0.35587301028437435,-0.35587301028437435,0
4146,-0.33906256916221694,-0.33906256916221694,-0.33906256916221694,0
4147,-0.8085908866366076,-0.8085908866366076,-0.8085908866366076,0
4148,-1.249353113996354,-1.249353113996354,-1.249353113996354,0
4149,-1.6412076008695253,,-1.0693099591454294,1
4150,-1.760824587741758,,-0.8892668042945048,1
4151,0.33768770676369053,,-0.7092236494435802,1
4152,1.0367472027902127,,-0.5291804945926555,1
4153,0.3654703034827125,,-0.3491373397417308,1
4154,0.5073485886256575,,-0.1690941848908063,1
4155,0.20147672105416076,,0.010948969960118404,1
4156,-1.5484905244334224,,0.1909921248110431,1
4157,-0.5403998572024992,,0.3710352796619678,1
4158,0.13073884486405699,,0.5510784345128925,1
4159,0.731121589363817,0.731121589363817,0.731121589363817,0
4160,-0.7959349689958226,-0.7959349689958226,-0.7959349689958226,0
4161,0.23933116083375747,0.23933116083375747,0.23933116083375747,0
4162,-0.15443927117921022,-0.15443927117921022,-0.15443927117921022,0
4163,-0.7466384462069996,-0.7466384462069996,-0.7466384462069996,0
4164,0.01062971007015653,0.01062971007015653,0.01062971007015653,0
4165,-1.1161418625725594,-1.1161418625725594,-1.1161418625725594,0
4166,0.14632451556062734,0.14632451556062734,0.14632451556062734,0
4167,-0.7749114285322468,-0.7749114285322468,-0.7749114285322468,0
4168,-0.5855014902774198,-0.5855014902774198,-0.5855014902774198,0
4169,-1.7403247100534642,-1.7403247100534642,-1.7403247100534642,0
4170,1.3425025143858083,1.3425025143858083,1.3425025143858083,0
4171,-2.4232332738532176,-2.4232332738532176,-2.4232332738532176,0
4172,-1.3689889563313278,-1.3689889563313278,-1.3689889563313278,0
4173,0.6136454231963235,0.6136454231963235,0.6136454231963235,0
4174,-0.5243934571988051,-0.5243934571988051,-0.5243934571988051,0
4175,0.8647042972878848,0.8647042972878848,0.8647042972878848,0
4176,2.102347004898713,2.102347004898713,2.102347004898713,0
4177,-1.435281224621312,-1.435281224621312,-1.435281224621312,0
4178,1.6321998192772147,1.6321998192772147,1.6321998192772147,0
4179,0.46625835033263047,,1.4729252553954963,1
4180,0.15683283674456705,,1.313650691513778,1
4181,1.204277608765226,,1.1543761276320597,1
4182,-0.41208020106422244,,0.9951015637503414,1
4183,0.23594830815484685,,0.8358269998686231,1
4184,-0.8142512213564101,,0.6765524359869048,1
4185,-0.5933404447630757,,0.5172778721051865,1
4186,-1.0176160831375463,,0.35800330822346815,1
4187,-0.3507555708890702,,0.1987287443417498,1
4188,-1.800152147205354,,0.03945418046003146,1
4189,-0.11982038342168674,-0.11982038342168674,-0.11982038342168674,0
4190,-2.414869103731242,-2.414869103731242,-2.414869103731242,0
4191,1.210824342261108,1.210824342261108,1.210824342261108,0
4192,0.6165525584299407,0.6165525584299407,0.6165525584299407,0
4193,-0.42488250690189483,-0.42488250690189483,-0.42488250690189483,0
4194,0.8825182437335427,0.8825182437335427,0.8825182437335427,0
4195,-1.8953858153339695,-1.8953858153339695,-1.8953858153339695,0
4196,-1.53751527959223,-1.53751527959223,-1.53751527959223,0
4197,-1.3559042495866906,-1.3559042495866906,-1.3559042495866906,0
4198,-0.11779111251721015,,-1.2422440143041433,1
4199,-0.13738266240740557,,-1.1285837790215958,1
4200,1.6301029237013047,,-1.0149235437390485,1
4201,-1.3082854376991655,,-0.901263308456501,1
4202,-0.4282574467831375,,-0.7876030731739536,1
4203,-0.16743677830388207,,-0.6739428378914063,1
4204,0.46207518967157396,,-0.5602826026088589,1
4205,0.24426448287074146,,-0.44662236732631144,1
4206,-0.5550268046017557,,-0.3329621320437641,1
4207,-1.147542535847053,,-0.21930189676121659,1
4208,-0.10564166147866937,-0.10564166147866937,-0.10564166147866937,0
4209,-0.7382409314144002,-0.7382409314144002,-0.7382409314144002,0
4210,-1.7249920623899342,-1.7249920623899342,-1.7249920623899342,0
4211,-1.0302611302952986,-1.0302611302952986,-1.0302611302952986,0
4212,0.9634539088308611,0.9634539088308611,0.9634539088308611,0
4213,0.7771950758983204,0.7771950758983204,0.7771950758983204,0
4214,-1.633610037800825,-1.633610037800825,-1.633610037800825,0
4215,-0.45269255938125974,-0.45269255938125974,-0.45269255938125974,0
4216,0.251986264264956,,-0.3423918352594732,1
4217,0.4099917403505275,,-0.23209111113768666,1
4218,0.08619247592304283,,-0.12179038701590011,1
4219,0.26754909072102484,,-0.011489662894113573,1
4220,1.505190976939026,,0.09881106122767302,1
4221,0.36961013054193836,,0.2091117853494595,1
4222,-1.09325965481937,,0.319412509471246,1
4223,-0.6308562436373848,,0.4297132335930326,1
4224,0.5354427474953999,,0.5400139577148192,1
4225,0.24581493305961605,,0.6503146818366058,1
4226,0.7606154059583922,0.7606154059583922,0.7606154059583922,0
4227,-0.14524365618675122,-0.14524365618675122,-0.14524365618675122,0
4228,-0.7135747865847881,-0.7135747865847881,-0.7135747865847881,0
4229,0.029378370733630175,0.029378370733630175,0.029378370733630175,0
4230,-1.1143278312750948,-1.1143278312750948,-1.1143278312750948,0
4231,1.0311869903407305,1.0311869903407305,1.0311869903407305,0
4232,-1.104584571892659,-1.104584571892659,-1.104584571892659,0
4233,-0.05475501043727419,-0.05475501043727419,-0.05475501043727419,0
4234,-0.16010144066159274,-0.16010144066159274,-0.16010144066159274,0
4235,-1.5177715434177463,-1.5177715434177463,-1.5177715434177463,0
4236,0.0659435925139599,,-1.4088544150746616,1
4237,0.09969107567251277,,-1.2999372867315766,1
4238,1.9665518634101191,,-1.1910201583884918,1
4239,-1.3934409051170447,,-1.082103030045407,1
4240,-0.07340607188379128,,-0.9731859017023221,1
4241,0.057345664375560296,,-0.8642687733592374,1
4242,0.05175664483702252,,-0.7553516450161525,1
4243,-1.421023686294919,,-0.6464345166730676,1
4244,0.7831903732416342,,-0.5375173883299827,1
4245,0.8878274106611358,,-0.4286002599868979,1
4246,-0.3196831316438132,-0.3196831316438132,-0.3196831316438132,0
4247,0.3165209405742892,0.3165209405742892,0.3165209405742892,0
4248,0.49774490596585236,0.49774490596585236,0.49774490596585236,0
4249,0.4076104057215754,0.4076104057215754,0.4076104057215754,0
4250,0.2828233337089044,0.2828233337089044,0.2828233337089044,0
4251,-1.8185413999946616,-1.8185413999946616,-1.8185413999946616,0
4252,-0.794853338604897,,-1.4494232264410392,1
4253,-1.0788023506263262,,-1.0803050528874167,1
4254,0.7615174381670289,,-0.7111868793337941,1
4255,-2.5822009008255984,,-0.3420687057801717,1
4256,-0.33249240558115667,,0.02704946777345074,1
4257,1.2375744695080897,,0.3961676413270734,1
4258,-0.849133983706751,,0.7652858148806958,1
4259,0.6068693493866273,,1.1344039884343182,1
4260,1.2200165805629688,,1.5035221619879406,1
4261,-0.5533373489826404,,1.872640335541563,1
4262,2.2417585090951864,2.2417585090951864,2.2417585090951864,0
4263,-0.3483312856863779,-0.3483312856863779,-0.3483312856863779,0
4264,1.5303320567111025,1.5303320567111025,1.5303320567111025,0
4265,-1.3650627474046617,-1.3650627474046617,-1.3650627474046617,0
4266,-0.6401941583234085,-0.6401941583234085,-0.6401941583234085,0
4267,0.8962098436621633,0.8962098436621633,0.8962098436621633,0
4268,0.5205795051688566,0.5205795051688566,0.5205795051688566,0
4269,-0.23073489629983926,-0.23073489629983926,-0.23073489629983926,0
4270,-1.0420908003518459,,-0.17067530343781714,1
4271,-1.3417340117478544,,-0.11061571057579501,1
4272,0.5169546161696721,,-0.050556117713772886,1
4273,-1.153698350968671,,0.00950347514824923,1
4274,-1.26975316121732,,0.06956306801027137,1
4275,0.9902048978103105,,0.1296226608722935,1
4276,-1.4246648501234676,,0.1896822537343156,1
4277,0.835064502673418,,0.24974184659633772,1
4278,-1.067141265242555,,0.3098014394583599,1
4279,3.0321860031540253,,0.36986103232038203,1
4280,0.42992062518240415,0.42992062518240415,0.42992062518240415,0
4281,0.37738585442747646,0.37738585442747646,0.37738585442747646,0
4282,-1.1062415715458311,-1.1062415715458311,-1.1062415715458311,0
4283,0.3240408707516285,0.3240408707516285,0.3240408707516285,0
4284,-0.9279930675158785,-0.9279930675158785,-0.9279930675158785,0
4285,-0.46119007857159094,,-0.8145720115744666,1
4286,-0.730255556000204,,-0.7011509556330545,1
4287,0.6437747622025094,,-0.5877298996916425,1
4288,0.09538137998156011,,-0.4743088437502305,1
4289,-1.8091025249105597,,-0.3608877878088186,1
4290,-0.3791952408676443,,-0.24746673186740653,1
4291,1.520548588621796,,-0.13404567592599448,1
4292,1.4479981814356158,,-0.020624619984582537,1
4293,-0.9630161198421012,,0.0927964359568294,1
4294,-0.09519778725474676,,0.20621749189824135,1
4295,0.3196385478396534,0.3196385478396534,0.3196385478396534,0
4296,-0.5029178679368621,-0.5029178679368621,-0.5029178679368621,0
4297,1.2293681751722052,1.2293681751722052,1.2293681751722052,0
4298,0.2873752569706823,0.2873752569706823,0.2873752569706823,0
4299,-0.4493263049269367,-0.4493263049269367,-0.4493263049269367,0
4300,-1.7609176021857942,-1.7609176021857942,-1.7609176021857942,0
4301,0.6224446193257345,0.6224446193257345,0.6224446193257345,0
4302,0.06995671263166214,0.06995671263166214,0.06995671263166214,0
4303,1.1927535974273054,1.1927535974273054,1.1927535974273054,0
4304,-2.168111804019543,-2.168111804019543,-2.168111804019543,0
4305,0.8008594280013241,0.8008594280013241,0.8008594280013241,0
4306,0.2529219771638144,0.2529219771638144,0.2529219771638144,0
4307,-1.4535089166698847,-1.4535089166698847,-1.4535089166698847,0
4308,-0.9115532259080685,-0.9115532259080685,-0.9115532259080685,0
4309,1.2313492819277223,1.2313492819277223,1.2313492819277223,0
4310,-0.03312379861529831,-0.03312379861529831,-0.03312379861529831,0
4311,0.18270258297660716,0.18270258297660716,0.18270258297660716,0
4312,-0.6557284518821673,-0.6557284518821673,-0.6557284518821673,0
4313,0.7992922396760721,0.7992922396760721,0.7992922396760721,0
4314,-0.48677345142365164,-0.48677345142365164,-0.48677345142365164,0
4315,-1.0813772945441795,-1.0813772945441795,-1.0813772945441795,0
4316,-0.49940914233281963,-0.49940914233281963,-0.49940914233281963,0
4317,-1.7966308023959703,-1.7966308023959703,-1.7966308023959703,0
4318,0.9328006111535364,0.9328006111535364,0.9328006111535364,0
4319,0.4426545541263799,0.4426545541263799,0.4426545541263799,0
4320,0.4468500835399091,0.4468500835399091,0.4468500835399091,0
4321,-0.48482377627604206,-0.48482377627604206,-0.48482377627604206,0
4322,0.7646064308123056,0.7646064308123056,0.7646064308123056,0
4323,0.1233564642759374,0.1233564642759374,0.1233564642759374,0
4324,-1.2590936107518609,-1.2590936107518609,-1.2590936107518609,0
4325,-0.4098013338734672,-0.4098013338734672,-0.4098013338734672,0
4326,0.513546240916462,0.513546240916462,0.513546240916462,0
4327,-0.6042232477123103,-0.6042232477123103,-0.6042232477123103,0
4328,-0.7373581893515038,-0.7373581893515038,-0.7373581893515038,0
4329,-0.2617921576338393,-0.2617921576338393,-0.2617921576338393,0
4330,-1.219367606104428,-1.219367606104428,-1.219367606104428,0
4331,0.594712470878978,0.594712470878978,0.594712470878978,0
4332,1.2768184491352141,1.2768184491352141,1.2768184491352141,0
4333,0.69326800548708,0.69326800548708,0.69326800548708,0
4334,1.0877800590483961,,0.6757755485929228,1
4335,1.0073717975111824,,0.6582830916987655,1
4336,0.5711241506887572,,0.6407906348046082,1
4337,-0.3149514912780755,,0.623298177910451,1
4338,0.29255577754430945,,0.6058057210162937,1
4339,1.4666216277304172,,0.5883132641221365,1
4340,0.5004286623068724,,0.5708208072279792,1
4341,1.1808201501761677,,0.553328350333822,1
4342,-0.33121287594918586,,0.5358358934396646,1
4343,0.5590968977314345,,0.5183434365455074,1
4344,0.792320962049136,,0.5008509796513502,1
4345,0.5498743129967757,,0.48335852275719293,1
4346,-0.616547604037325,,0.46586606586303564,1
4347,-1.0389094096948739,,0.4483736089688784,1
4348,0.5949081213039037,,0.4308811520747211,1
4349,-0.599394324382629,,0.41338869518056387,1
4350,-1.7152187543616189,,0.39589623828640663,1
4351,-1.0481781381553132,,0.37840378139224934,1
4352,-1.3691727990741451,,0.3609113244980921,1
4353,1.410669434881237,,0.3434188676039348,1
4354,0.592076727081178,,0.32592641070977757,1
4355,0.29892062008027737,,0.30843395381562033,1
4356,-0.6344964893142655,,0.29094149692146304,1
4357,1.5884274352319832,,0.2734490400273058,1
4358,0.5333091270692888,,0.25595658313314856,1
4359,-0.44433628867281416,,0.23846412623899127,1
4360,-1.3327589653684142,,0.22097166934483403,1
4361,0.06465833577254848,,0.2034792124506768,1
4362,-1.0613222370230506,,0.18598675555651956,1
4363,-2.273354595613941,,0.1684942986623622,1
4364,0.15100184176820491,0.15100184176820491,0.15100184176820491,0
4365,-0.4207735507285102,-0.4207735507285102,-0.4207735507285102,0
4366,-1.302291567427366,-1.302291567427366,-1.302291567427366,0
4367,0.1426631895545526,0.1426631895545526,0.1426631895545526,0
4368,-0.5308243336047194,-0.5308243336047194,-0.5308243336047194,0
4369,-1.693692374127444,-1.693692374127444,-1.693692374127444,0
4370,1.0904885456770328,1.0904885456770328,1.0904885456770328,0
4371,1.968827154825852,1.968827154825852,1.968827154825852,0
4372,0.29642339650482585,,1.7015914726836423,1
4373,0.6417102723494371,,1.4343557905414324,1
4374,-0.9271641448159477,,1.1671201083992226,1
4375,-1.882209073758271,,0.8998844262570129,1
4376,1.3707616316620408,,0.6326487441148032,1
4377,0.7441278378685502,,0.36541306197259327,1
4378,1.0276813370639244,,0.09817737983038355,1
4379,-0.33764164408960173,,-0.16905830231182617,1
4380,0.9149357610286301,,-0.4362939844540359,1
4381,-0.02248246435213022,,-0.7035296665962456,1
4382,-0.9707653487384554,-0.9707653487384554,-0.9707653487384554,0
4383,-1.155824849222991,-1.155824849222991,-1.155824849222991,0
4384,0.15398314811514838,0.15398314811514838,0.15398314811514838,0
4385,-0.7778025984852688,-0.7778025984852688,-0.7778025984852688,0
4386,0.42876961285829746,,-0.7111550116291332,1
4387,0.35592440453258395,,-0.6445074247729975,1
4388,-0.20137949605295802,,-0.5778598379168619,1
4389,0.5079655006478756,,-0.5112122510607262,1
4390,0.31903351484815184,,-0.4445646642045906,1
4391,-0.7377460075899548,,-0.37791707734845503,1
4392,-0.25500607020801497,,-0.3112694904923194,1
4393,-0.6493987483158825,,-0.24462190363618375,1
4394,-0.6426986493876973,,-0.17797431678004816,1
4395,1.0442076742660538,,-0.11132672992391246,1
4396,-0.04467914306777685,-0.04467914306777685,-0.04467914306777685,0
4397,-0.8737352570810317,-0.8737352570810317,-0.8737352570810317,0
4398,0.270713564592477,0.270713564592477,0.270713564592477,0
4399,0.8288792399176313,0.8288792399176313,0.8288792399176313,0
4400,1.8575940888645115,1.8575940888645115,1.8575940888645115,0
4401,1.0722135937244175,1.0722135937244175,1.0722135937244175,0
4402,-1.5041581702239566,-1.5041581702239566,-1.5041581702239566,0
4403,-0.7671831904656722,-0.7671831904656722,-0.7671831904656722,0
4404,0.18712637276424432,0.18712637276424432,0.18712637276424432,0
4405,-0.2606094243998455,-0.2606094243998455,-0.2606094243998455,0
4406,0.6968397142509611,0.6968397142509611,0.6968397142509611,0
4407,-2.2914961972153693,-2.2914961972153693,-2.2914961972153693,0
4408,1.0313628636537642,1.0313628636537642,1.0313628636537642,0
4409,-0.43588837550281834,-0.43588837550281834,-0.43588837550281834,0
4410,-0.3664165828651836,-0.3664165828651836,-0.3664165828651836,0
4411,0.39228887289783504,0.39228887289783504,0.39228887289783504,0
4412,-0.8448412378682767,-0.8448412378682767,-0.8448412378682767,0
4413,0.6600063464460336,0.6600063464460336,0.6600063464460336,0
4414,-1.6769346857023246,-1.6769346857023246,-1.6769346857023246,0
4415,0.6032582278239741,0.6032582278239741,0.6032582278239741,0
4416,0.8734646788183376,,0.4548990794370068,1
4417,1.0529602049414375,,0.30653993105003946,1
4418,-1.0013110967196075,,0.15818078266307212,1
4419,-0.3975230035287039,,0.00982163427610483,1
4420,0.36170724878742844,,-0.13853751411086246,1
4421,-1.337544531571707,,-0.28689666249782986,1
4422,1.1355874458216606,,-0.43525581088479715,1
4423,-0.5820854734797345,,-0.5836149592717644,1
4424,1.24466445303089,,-0.7319741076587317,1
4425,-1.0422201378200846,,-0.880333256045699,1
4426,-1.0286924044326664,-1.0286924044326664,-1.0286924044326664,0
4427,0.3562647525937354,0.3562647525937354,0.3562647525937354,0
4428,1.1471089065263664,1.1471089065263664,1.1471089065263664,0
4429,-0.8010209747964885,-0.8010209747964885,-0.8010209747964885,0
4430,1.3409560191568575,,-0.5747656688223648,1
4431,1.0240855017217505,,-0.34851036284824105,1
4432,-1.2072493839571634,,-0.12225505687411731,1
4433,0.4359230053115451,,0.10400024910000638,1
4434,-0.06660691091076686,,0.3302555550741302,1
4435,0.8527472422059089,,0.5565108610482539,1
4436,0.4892962672764438,,0.7827661670223776,1
4437,-0.5820643409576068,,1.0090214729965012,1
4438,-1.2513654638703204,,1.235276778970625,1
4439,0.6287616223982597,,1.4615320849447488,1
4440,1.6877873909188723,1.6877873909188723,1.6877873909188723,0
4441,2.5039610385838142,2.5039610385838142,2.5039610385838142,0
4442,0.6916987506581124,0.6916987506581124,0.6916987506581124,0
4443,0.700112998288548,0.700112998288548,0.700112998288548,0
4444,0.13487886132162646,0.13487886132162646,0.13487886132162646,0
4445,-0.8326317752427947,-0.8326317752427947,-0.8326317752427947,0
4446,-0.028782470305296935,-0.028782470305296935,-0.028782470305296935,0
4447,0.03822453659616513,,-0.20038834569112332,1
4448,0.16814527532328083,,-0.37199422107694974,1
4449,2.1967716320747925,,-0.5436000964627761,1
4450,-0.49842402228947524,,-0.7152059718486025,1
4451,1.3157856127030776,,-0.8868118472344289,1
4452,-1.7366364455144716,,-1.0584177226202554,1
4453,0.8258993855846473,,-1.2300235980060816,1
4454,-0.5630551958481033,,-1.4016294733919081,1
4455,0.8933592286537605,,-1.5732353487777346,1
4456,-0.9147855019775559,,-1.744841224163561,1
4457,-1.9164470995493872,-1.9164470995493872,-1.9164470995493872,0
4458,-1.0379867771055762,-1.0379867771055762,-1.0379867771055762,0
4459,-0.36844013794008107,-0.36844013794008107,-0.36844013794008107,0
4460,-1.3784682475836678,-1.3784682475836678,-1.3784682475836678,0
4461,0.2878693623662632,0.2878693623662632,0.2878693623662632,0
4462,0.9725470305805256,0.9725470305805256,0.9725470305805256,0
4463,-2.43330088237085,-2.43330088237085,-2.43330088237085,0
4464,0.9703967513209034,,-2.1359381478552466,1
4465,0.7935288392622005,,-1.8385754133396432,1
4466,1.2119395059827527,,-1.54121267882404,1
4467,-1.387714501254185,,-1.2438499443084363,1
4468,0.1136653083183714,,-0.9464872097928327,1
4469,1.4075457956433615,,-0.6491244752772294,1
4470,0.01919579653325783,,-0.35176174076162603,1
4471,0.23157733503077846,,-0.05439900624602245,1
4472,0.8176830894836142,,0.24296372826958113,1
4473,-0.5066952416714965,,0.5403264627851847,1
4474,0.8376891973007877,0.8376891973007877,0.8376891973007877,0
4475,-0.7110742187085587,-0.7110742187085587,-0.7110742187085587,0
4476,-1.5985765277953419,-1.5985765277953419,-1.5985765277953419,0
4477,0.15734911376609131,0.15734911376609131,0.15734911376609131,0
4478,1.2901617864987391,1.2901617864987391,1.2901617864987391,0
4479,1.9778781338113869,1.9778781338113869,1.9778781338113869,0
4480,-1.7088913536762826,-1.7088913536762826,-1.7088913536762826,0
4481,0.9106764941629069,0.9106764941629069,0.9106764941629069,0
4482,0.06312384556035147,0.06312384556035147,0.06312384556035147,0
4483,-0.6530897888153945,-0.6530897888153945,-0.6530897888153945,0
4484,0.6349383579686679,0.6349383579686679,0.6349383579686679,0
4485,0.16980512386950078,,0.5385456056972805,1
4486,-0.0029399986692190644,,0.44215285342589306,1
4487,0.556297716410978,,0.3457601011545057,1
4488,-1.644177028474631,,0.24936734888311823,1
4489,0.498750900060275,,0.1529745966117308,1
4490,-0.22259571206647186,,0.05658184434034341,1
4491,1.237180252708785,,-0.039810907931044026,1
4492,-0.5591125386446641,,-0.13620366020243146,1
4493,-1.08601687431425,,-0.2325964124738189,1
4494,0.5109746059785308,,-0.32898916474520634,1
4495,-0.42538191701659356,-0.42538191701659356,-0.42538191701659356,0
4496,-0.9662768405233578,-0.9662768405233578,-0.9662768405233578,0
4497,-0.9993160280958704,-0.9993160280958704,-0.9993160280958704,0
4498,-0.006272460495330952,,-1.0004468641882696,1
4499,-0.298605899402167,,-1.001577700280669,1
4500,-0.9320443442107603,,-1.0027085363730681,1
4501,-0.8508834557353567,,-1.0038393724654673,1
4502,-0.3523273639523326,,-1.0049702085578665,1
4503,0.6635203030208146,,-1.0061010446502658,1
4504,-0.334083404415262,,-1.007231880742665,1
4505,0.6933031577717084,,-1.0083627168350642,1
4506,0.09533367616804009,,-1.0094935529274636,1
4507,1.136554668980627,,-1.0106243890198627,1
4508,0.7706706460071358,,-1.011755225112262,1
4509,0.43815155781481185,,-1.012886061204661,1
4510,0.8203031972814945,,-1.0140168972970605,1
4511,-0.08525230336273693,,-1.0151477333894596,1
4512,0.4122963197536879,,-1.0162785694818588,1
4513,-1.9332744357274407,,-1.0174094055742582,1
4514,0.31149759231942453,,-1.0185402416666574,1
4515,1.7381643190074716,,-1.0196710777590565,1
4516,0.7615797510382353,,-1.0208019138514557,1
4517,1.5656747331095848,,-1.021932749943855,1
4518,-1.0230635860362542,-1.0230635860362542,-1.0230635860362542,0
4519,-1.3850077248699912,-1.3850077248699912,-1.3850077248699912,0
4520,0.735935588691635,0.735935588691635,0.735935588691635,0
4521,2.586989772841598,2.586989772841598,2.586989772841598,0
4522,-0.38597120224929854,-0.38597120224929854,-0.38597120224929854,0
4523,-1.5440822030682213,-1.5440822030682213,-1.5440822030682213,0
4524,0.6036849489254705,0.6036849489254705,0.6036849489254705,0
4525,-0.6424803638481479,,0.6944757192316412,1
4526,-0.36730764057323156,,0.7852664895378119,1
4527,0.5636419004920025,,0.8760572598439824,1
4528,-0.3968630432161438,,0.9668480301501531,1
4529,-0.33165467102325386,,1.0576388004563237,1
4530,0.9646961893233879,,1.1484295707624943,1
4531,-0.17817847741191298,,1.2392203410686649,1
4532,0.16831991253532042,,1.3300111113748356,1
4533,-0.08584972303216233,,1.4208018816810064,1
4534,-0.5345922639182809,,1.511592651987177,1
4535,1.6023834222933475,1.6023834222933475,1.6023834222933475,0
4536,0.8261975609991765,0.8261975609991765,0.8261975609991765,0
4537,0.3400476713842839,0.3400476713842839,0.3400476713842839,0
4538,0.46396040711223663,0.46396040711223663,0.46396040711223663,0
4539,1.4067952126507117,1.4067952126507117,1.4067952126507117,0
4540,0.4992759891529626,0.4992759891529626,0.4992759891529626,0
4541,0.44290963836644714,0.44290963836644714,0.44290963836644714,0
4542,1.897085299358022,1.897085299358022,1.897085299358022,0
4543,-0.2672569123858228,-0.2672569123858228,-0.2672569123858228,0
4544,1.30150100980831,1.30150100980831,1.30150100980831,0
4545,-0.6179126407434571,-0.6179126407434571,-0.6179126407434571,0
4546,0.245989181757235,0.245989181757235,0.245989181757235,0
4547,0.9845706999735068,0.9845706999735068,0.9845706999735068,0
4548,0.24629727149639177,0.24629727149639177,0.24629727149639177,0
4549,-0.665108820400317,-0.665108820400317,-0.665108820400317,0
4550,-0.11935822033814084,-0.11935822033814084,-0.11935822033814084,0
4551,3.436103861500634,3.436103861500634,3.436103861500634,0
4552,0.5360595883434776,0.5360595883434776,0.5360595883434776,0
4553,-0.7348285741851135,-0.7348285741851135,-0.7348285741851135,0
4554,0.7458631314775372,0.7458631314775372,0.7458631314775372,0
4555,-0.3630676865846626,-0.3630676865846626,-0.3630676865846626,0
4556,0.5889609606529378,,-0.2204870793521538,1
4557,0.3544340027370388,,-0.07790647211964502,1
4558,-0.24392212342953243,,0.0646741351128638,1
4559,-0.20494412106846585,,0.20725474234537256,1
4560,0.7153785035933423,,0.3498353495778813,1
4561,-0.563317001141004,,0.4924159568103902,1
4562,0.2146069176426758,,0.634996564042899,1
4563,1.267983151605764,,0.7775771712754077,1
4564,-0.9324506722740988,,0.9201577785079166,1
4565,0.3695437507314931,,1.0627383857404253,1
4566,1.205318992972934,1.205318992972934,1.205318992972934,0
4567,-0.12804107835347522,,1.0934286033936182,1
4568,-0.14091467119865775,,0.9815382138143025,1
4569,-0.8380768195934408,,0.8696478242349868,1
4570,0.2950925337570026,,0.757757434655671,1
4571,0.38335442524681096,,0.6458670450763553,1
4572,-0.8134860463998065,,0.5339766554970395,1
4573,0.9377325537693981,,0.4220862659177238,1
4574,1.850296367941316,,0.31019587633840806,1
4575,1.1965038347393218,,0.19830548675909232,1
4576,-0.025237927127089586,,0.08641509717977658,1
4577,-0.02547529239953926,-0.02547529239953926,-0.02547529239953926,0
4578,1.3935030140120588,1.3935030140120588,1.3935030140120588,0
4579,-1.5448547169730231,,1.338873188534743,1
4580,-1.5741699292654252,,1.284243363057427,1
4581,1.7619468431934557,,1.2296135375801112,1
4582,-0.5594419273058658,,1.1749837121027953,1
4583,-0.5000516525651054,,1.1203538866254794,1
4584,0.5577142362002739,,1.0657240611481635,1
4585,-0.22622906730467437,,1.0110942356708477,1
4586,0.5942197156241132,,0.9564644101935318,1
4587,-0.00439671528962256,,0.9018345847162159,1
4588,1.6997576068366265,,0.8472047592389002,1
4589,0.7925749337615843,0.7925749337615843,0.7925749337615843,0
4590,-1.7795550619843619,-1.7795550619843619,-1.7795550619843619,0
4591,0.1457219269259753,0.1457219269259753,0.1457219269259753,0
4592,-1.4597420159850845,-1.4597420159850845,-1.4597420159850845,0
4593,-1.9692137550489093,-1.9692137550489093,-1.9692137550489093,0
4594,-0.8451299470744971,-0.8451299470744971,-0.8451299470744971,0
4595,0.4645398946015099,0.4645398946015099,0.4645398946015099,0
4596,0.7326547554838531,,0.2681295182839524,1
4597,0.5088175310358672,,0.0717191419663949,1
4598,0.4725218811570015,,-0.12469123435116258,1
4599,1.0543425564745563,,-0.3211016106687201,1
4600,0.9748979541819478,,-0.5175119869862777,1
4601,0.5973847802412612,,-0.7139223633038351,1
4602,0.4570160341249155,,-0.9103327396213926,1
4603,0.20540058823347235,,-1.1067431159389503,1
4604,-0.19612276951282395,,-1.3031534922565076,1
4605,2.419971137492971,,-1.4995638685740653,1
4606,-1.6959742448916226,-1.6959742448916226,-1.6959742448916226,0
4607,-1.9033119535318563,-1.9033119535318563,-1.9033119535318563,0
4608,1.612120676252465,1.612120676252465,1.612120676252465,0
4609,-0.915956516178648,-0.915956516178648,-0.915956516178648,0
4610,0.9855211044137626,0.9855211044137626,0.9855211044137626,0
4611,0.48796635951264916,0.48796635951264916,0.48796635951264916,0
4612,-0.9977927334326572,-0.9977927334326572,-0.9977927334326572,0
4613,-2.321769785385782,-2.321769785385782,-2.321769785385782,0
4614,2.0463575966715264,2.0463575966715264,2.0463575966715264,0
4615,-0.4568936167615662,,2.111084183443121,1
4616,-0.3768829381579418,,2.1758107702147154,1
4617,-1.8030311269052153,,2.24053735698631,1
4618,0.6973048911362111,,2.3052639437579048,1
4619,-0.12160258003648686,,2.369990530529499,1
4620,-0.25844596851173046,,2.4347171173010937,1
4621,0.4422138388592893,,2.499443704072688,1
4622,2.178983825722157,,2.5641702908442827,1
4623,0.32339923342953986,,2.628896877615877,1
4624,-0.18514636179341837,,2.6936234643874717,1
4625,2.7583500511590664,2.7583500511590664,2.7583500511590664,0
4626,1.231165068331027,1.231165068331027,1.231165068331027,0
4627,-1.5128069122312517,-1.5128069122312517,-1.5128069122312517,0
4628,-0.00608856430629754,-0.00608856430629754,-0.00608856430629754,0
4629,0.9417298042619276,0.9417298042619276,0.9417298042619276,0
4630,2.834506916380256,2.834506916380256,2.834506916380256,0
4631,1.0509584071653293,1.0509584071653293,1.0509584071653293,0
4632,-0.524062290413435,-0.524062290413435,-0.524062290413435,0
4633,0.8166127811185673,0.8166127811185673,0.8166127811185673,0
4634,0.24426325076882344,0.24426325076882344,0.24426325076882344,0
4635,-1.0739143924269943,-1.0739143924269943,-1.0739143924269943,0
4636,0.40459893299810323,0.40459893299810323,0.40459893299810323,0
4637,-0.28282799151704907,,0.26322920476820466,1
4638,-0.6024127774199671,,0.12185947653830609,1
4639,0.3677196486647479,,-0.019510251691592484,1
4640,0.6007886392764085,,-0.16087997992149106,1
4641,1.332265205902134,,-0.30224970815138963,1
4642,-0.31317766976608824,,-0.4436194363812882,1
4643,-0.937386855772298,,-0.5849891646111868,1
4644,0.04146198584468284,,-0.7263588928410853,1
4645,2.363586146825182,,-0.867728621070984,1
4646,0.28136006687707166,,-1.0090983493008825,1
4647,-1.1504680775307812,-1.1504680775307812,-1.1504680775307812,0
4648,0.3759693239461711,0.3759693239461711,0.3759693239461711,0
4649,-0.15136908189421497,-0.15136908189421497,-0.15136908189421497,0
4650,0.6762085526230472,0.6762085526230472,0.6762085526230472,0
4651,-1.9899041681708105,-1.9899041681708105,-1.9899041681708105,0
4652,-0.3823587162270142,-0.3823587162270142,-0.3823587162270142,0
4653,0.850885651800995,0.850885651800995,0.850885651800995,0
4654,-0.48019892619599874,-0.48019892619599874,-0.48019892619599874,0
4655,-1.6156876123169877,-1.6156876123169877,-1.6156876123169877,0
4656,-1.1962538056585308,-1.1962538056585308,-1.1962538056585308,0
4657,1.2564526333457453,1.2564526333457453,1.2564526333457453,0
4658,0.24037499441652183,0.24037499441652183,0.24037499441652183,0
4659,-0.013024313078370004,,0.2858565865106961,1
4660,-0.07153363169759679,,0.33133817860487036,1
4661,-0.28660197514123686,,0.37681977069904465,1
4662,1.0232722384224051,,0.42230136279321895,1
4663,-0.2962656676820626,,0.46778295488739324,1
4664,0.7669892706210047,,0.5132645469815675,1
4665,-1.0245828885584334,,0.5587461390757418,1
4666,0.9556359944880439,,0.604227731169916,1
4667,0.1315915070033643,,0.6497093232640904,1
4668,-1.9405066509935125,,0.6951909153582647,1
4669,0.7406725074524388,0.7406725074524388,0.7406725074524388,0
4670,-0.01680890791852545,-0.01680890791852545,-0.01680890791852545,0
4671,-0.05617182590530412,-0.05617182590530412,-0.05617182590530412,0
4672,-0.5993587006898967,-0.5993587006898967,-0.5993587006898967,0
4673,0.6359230699011583,0.6359230699011583,0.6359230699011583,0
4674,1.1688061389709687,1.1688061389709687,1.1688061389709687,0
4675,-0.9924951375982483,-0.9924951375982483,-0.9924951375982483,0
4676,0.8689420997988682,0.8689420997988682,0.8689420997988682,0
4677,0.3255221388814647,0.3255221388814647,0.3255221388814647,0
4678,-0.8345930782190791,-0.8345930782190791,-0.8345930782190791,0
4679,1.9319787420818693,1.9319787420818693,1.9319787420818693,0
4680,-0.5714670980303679,-0.5714670980303679,-0.5714670980303679,0
4681,0.4808314666507001,0.4808314666507001,0.4808314666507001,0
4682,-0.12684875011442484,-0.12684875011442484,-0.12684875011442484,0
4683,-0.32116792847730075,-0.32116792847730075,-0.32116792847730075,0
4684,-0.05080223947119921,-0.05080223947119921,-0.05080223947119921,0
4685,0.3789426097013954,0.3789426097013954,0.3789426097013954,0
4686,1.6384302729570577,1.6384302729570577,1.6384302729570577,0
4687,2.0402572393387364,2.0402572393387364,2.0402572393387364,0
4688,0.5142569768348835,0.5142569768348835,0.5142569768348835,0
4689,-0.39829390202838283,-0.39829390202838283,-0.39829390202838283,0
4690,0.4407648186745484,0.4407648186745484,0.4407648186745484,0
4691,-0.9571364077081321,-0.9571364077081321,-0.9571364077081321,0
4692,-0.024973744211682025,-0.024973744211682025,-0.024973744211682025,0
4693,0.024117679203037232,0.024117679203037232,0.024117679203037232,0
4694,0.4112182467163668,0.4112182467163668,0.4112182467163668,0
4695,-1.2254247116983596,-1.2254247116983596,-1.2254247116983596,0
4696,-0.0580366748197173,-0.0580366748197173,-0.0580366748197173,0
4697,0.5254155678411454,0.5254155678411454,0.5254155678411454,0
4698,0.9273709369188902,0.9273709369188902,0.9273709369188902,0
4699,-0.8419748377599893,-0.8419748377599893,-0.8419748377599893,0
4700,-0.7741653333701198,-0.7741653333701198,-0.7741653333701198,0
4701,0.2461410648155877,0.2461410648155877,0.2461410648155877,0
4702,-1.0257519913399111,-1.0257519913399111,-1.0257519913399111,0
4703,-0.2759289403652399,-0.2759289403652399,-0.2759289403652399,0
4704,0.17962999009283362,0.17962999009283362,0.17962999009283362,0
4705,0.8190478676479508,0.8190478676479508,0.8190478676479508,0
4706,0.8948827328373662,0.8948827328373662,0.8948827328373662,0
4707,1.8677032659279251,1.8677032659279251,1.8677032659279251,0
4708,0.19671414022592124,0.19671414022592124,0.19671414022592124,0
4709,-0.5527352492881792,-0.5527352492881792,-0.5527352492881792,0
4710,1.265124119378333,1.265124119378333,1.265124119378333,0
4711,-0.24018084765374423,-0.24018084765374423,-0.24018084765374423,0
4712,1.033852518059077,1.033852518059077,1.033852518059077,0
4713,1.0841102720740636,1.0841102720740636,1.0841102720740636,0
4714,-0.7738831063191132,-0.7738831063191132,-0.7738831063191132,0
4715,-0.24727919594761388,-0.24727919594761388,-0.24727919594761388,0
4716,-0.6001053754536407,-0.6001053754536407,-0.6001053754536407,0
4717,-0.11026824217807975,-0.11026824217807975,-0.11026824217807975,0
4718,-0.6962771967881807,-0.6962771967881807,-0.6962771967881807,0
4719,-0.21907820913161316,-0.21907820913161316,-0.21907820913161316,0
4720,-0.6422424433230818,,-0.3079733926361146,1
4721,-0.5113068933327776,,-0.39686857614061605,1
4722,0.17446872048803339,,-0.48576375964511753,1
4723,0.32393470450943446,,-0.574658943149619,1
4724,0.956352205221022,,-0.6635541266541204,1
4725,-0.018637889280642438,,-0.7524493101586218,1
4726,-0.28018368237192337,,-0.8413444936631232,1
4727,-1.2887979164499632,,-0.9302396771676247,1
4728,0.020150645796284818,,-1.0191348606721262,1
4729,1.7770458018748974,,-1.1080300441766275,1
4730,-1.196925227681129,-1.196925227681129,-1.196925227681129,0
4731,1.6592029352373234,1.6592029352373234,1.6592029352373234,0
4732,0.45814247930746466,0.45814247930746466,0.45814247930746466,0
4733,1.676370456033424,1.676370456033424,1.676370456033424,0
4734,0.05634533215713056,0.05634533215713056,0.05634533215713056,0
4735,0.480230371901211,0.480230371901211,0.480230371901211,0
4736,1.2750728748874642,1.2750728748874642,1.2750728748874642,0
4737,0.6045801707995069,0.6045801707995069,0.6045801707995069,0
4738,-0.4314737908878018,-0.4314737908878018,-0.4314737908878018,0
4739,0.9213698754342079,0.9213698754342079,0.9213698754342079,0
4740,0.47906386929692324,0.47906386929692324,0.47906386929692324,0
4741,-0.17888346829941465,-0.17888346829941465,-0.17888346829941465,0
4742,0.5279212407458689,0.5279212407458689,0.5279212407458689,0
4743,-2.5904895627601756,-2.5904895627601756,-2.5904895627601756,0
4744,1.159561709967383,1.159561709967383,1.159561709967383,0
4745,-0.38480876552497056,-0.38480876552497056,-0.38480876552497056,0
4746,-1.077467969791681,-1.077467969791681,-1.077467969791681,0
4747,-1.8470205300734366,-1.8470205300734366,-1.8470205300734366,0
4748,1.8251286246130278,1.8251286246130278,1.8251286246130278,0
4749,1.0207052203140712,1.0207052203140712,1.0207052203140712,0
4750,2.1528722864186127,2.1528722864186127,2.1528722864186127,0
4751,1.045625299518168,1.045625299518168,1.045625299518168,0
4752,0.9588035603773377,0.9588035603773377,0.9588035603773377,0
4753,-0.2861868401351688,-0.2861868401351688,-0.2861868401351688,0
4754,0.24693970259197856,0.24693970259197856,0.24693970259197856,0
4755,-1.7481561757270319,-1.7481561757270319,-1.7481561757270319,0
4756,-1.1365544748346144,-1.1365544748346144,-1.1365544748346144,0
4757,1.940637645701917,1.940637645701917,1.940637645701917,0
4758,-0.9934054980095139,-0.9934054980095139,-0.9934054980095139,0
4759,-0.5494571498036219,,-0.950554801782686,1
4760,-0.5765989586635103,,-0.9077041055558582,1
4761,1.2566635433294793,,-0.8648534093290303,1
4762,1.9041502772765015,,-0.8220027131022025,1
4763,-0.0011347520689431797,,-0.7791520168753746,1
4764,-0.31115748580758207,,-0.7363013206485467,1
4765,0.28165375377125534,,-0.6934506244217189,1
4766,0.5077378111940216,,-0.650599928194891,1
4767,-0.949537957534277,,-0.6077492319680631,1
4768,-1.0709269242346569,,-0.5648985357412353,1
4769,-0.5220478395144074,-0.5220478395144074,-0.5220478395144074,0
4770,0.6078555317030504,0.6078555317030504,0.6078555317030504,0
4771,-1.9477910602935542,-1.9477910602935542,-1.9477910602935542,0
4772,0.7478815238126677,0.7478815238126677,0.7478815238126677,0
4773,-0.6769486354525271,-0.6769486354525271,-0.6769486354525271,0
4774,0.6392718496929353,0.6392718496929353,0.6392718496929353,0
4775,2.0891258581624705,,0.6408477474688912,1
4776,1.8479691263929086,,0.642423645244847,1
4777,-0.612745808356569,,0.6439995430208029,1
4778,0.7934864129944404,,0.6455754407967588,1
4779,0.7459824677790471,,0.6471513385727146,1
4780,0.031470258400630474,,0.6487272363486705,1
4781,-0.3581091930606035,,0.6503031341246263,1
4782,0.37589418267157443,,0.6518790319005822,1
4783,-0.7580889051003376,,0.6534549296765381,1
4784,1.8469928201024512,,0.6550308274524939,1
4785,0.6566067252284498,0.6566067252284498,0.6566067252284498,0
4786,2.2887933541100334,2.2887933541100334,2.2887933541100334,0
4787,-0.10880711748918095,-0.10880711748918095,-0.10880711748918095,0
4788,0.05920960002028328,0.05920960002028328,0.05920960002028328,0
4789,-2.9369327519525994,-2.9369327519525994,-2.9369327519525994,0
4790,1.3216286527286658,1.3216286527286658,1.3216286527286658,0
4791,0.6940334872516384,,1.124293044047736,1
4792,0.5981560263687689,,0.926957435366806,1
4793,-0.6935887582356342,,0.729621826685876,1
4794,-0.11337825606732455,,0.5322862180049461,1
4795,-0.8320477776453561,,0.3349506093240162,1
4796,-2.395736393596763,,0.1376150006430863,1
4797,-0.4740227794834057,,-0.059720608037843625,1
4798,1.3956857861040095,,-0.25705621671877354,1
4799,-1.1373306799677865,,-0.45439182539970346,1
4800,0.008105895858489098,,-0.6517274340806334,1
4801,-0.8490630427615634,-0.8490630427615634,-0.8490630427615634,0
4802,-0.3209291891527452,-0.3209291891527452,-0.3209291891527452,0
4803,1.8798993891048115,1.8798993891048115,1.8798993891048115,0
4804,0.14126855177098255,0.14126855177098255,0.14126855177098255,0
4805,1.0198826604427123,1.0198826604427123,1.0198826604427123,0
4806,2.2169198041442018,2.2169198041442018,2.2169198041442018,0
4807,0.8270236586367319,0.8270236586367319,0.8270236586367319,0
4808,-0.6679212783427785,-0.6679212783427785,-0.6679212783427785,0
4809,0.029442306270167022,0.029442306270167022,0.029442306270167022,0
4810,2.3700220601911695,2.3700220601911695,2.3700220601911695,0
4811,1.8294819328479839,1.8294819328479839,1.8294819328479839,0
4812,-2.419004514706309,-2.419004514706309,-2.419004514706309,0
4813,0.4469312811284415,0.4469312811284415,0.4469312811284415,0
4814,-0.154226167494688,-0.154226167494688,-0.154226167494688,0
4815,0.9446678202241643,0.9446678202241643,0.9446678202241643,0
4816,1.078389233014581,1.078389233014581,1.078389233014581,0
4817,-0.4491473835778952,-0.4491473835778952,-0.4491473835778952,0
4818,0.012732861801718655,0.012732861801718655,0.012732861801718655,0
4819,-1.8323734727238585,-1.8323734727238585,-1.8323734727238585,0
4820,-0.6085575323539453,-0.6085575323539453,-0.6085575323539453,0
4821,-1.1759184277607773,-1.1759184277607773,-1.1759184277607773,0
4822,-1.2630962576062832,,-1.0695141232307424,1
4823,-1.066395500234122,,-0.9631098187007077,1
4824,-0.4535795563511233,,-0.8567055141706728,1
4825,-1.5288659170373313,,-0.7503012096406381,1
4826,-0.95767359197933,,-0.6438969051106032,1
4827,-0.5104085242149414,,-0.5374926005805684,1
4828,-1.2672436767629252,,-0.43108829605053356,1
4829,-1.333941049667249,,-0.32468399152049876,1
4830,-0.4252956411377017,,-0.21827968699046396,1
4831,0.992402027840245,,-0.11187538246042905,1
4832,-0.0054710779303942785,-0.0054710779303942785,-0.0054710779303942785,0
4833,-0.4163169525517292,-0.4163169525517292,-0.4163169525517292,0
4834,0.6453827614621953,0.6453827614621953,0.6453827614621953,0
4835,-0.9247457279723759,-0.9247457279723759,-0.9247457279723759,0
4836,0.6263518907268137,,-0.9365371163879987,1
4837,0.4083185267821546,,-0.9483285048036216,1
4838,2.013779716553716,,-0.9601198932192446,1
4839,-1.1294155325358959,,-0.9719112816348675,1
4840,1.4839599703851358,,-0.9837026700504904,1
4841,0.1535833835175871,,-0.9954940584661133,1
4842,0.06474939678653287,,-1.0072854468817363,1
4843,-0.5918732958135092,,-1.0190768352973592,1
4844,0.5549214136002492,,-1.030868223712982,1
4845,1.1116784549346217,,-1.042659612128605,1
4846,-1.0544510005442278,-1.0544510005442278,-1.0544510005442278,0
4847,-0.8488060641232436,-0.8488060641232436,-0.8488060641232436,0
4848,-0.3844050458763146,,-0.6994970750401217,1
4849,-0.5691907451602489,,-0.550188085957,1
4850,0.43653625838956733,,-0.4008790968738782,1
4851,0.16620684542683858,,-0.2515701077907564,1
4852,1.1462499352559778,,-0.10226111870763455,1
4853,0.2450890391793069,,0.04704787037548719,1
4854,0.908012433936183,,0.19635685945860892,1
4855,-0.6643362217901051,,0.34566584854173077,1
4856,0.819669955870641,,0.4949748376248526,1
4857,1.4502786935838374,,0.6442838267079745,1
4858,0.793592815791096,0.793592815791096,0.793592815791096,0
4859,-1.2024487652526918,-1.2024487652526918,-1.2024487652526918,0
4860,0.6335429137396166,0.6335429137396166,0.6335429137396166,0
4861,-1.201720155897588,-1.201720155897588,-1.201720155897588,0
4862,0.4394878255077018,0.4394878255077018,0.4394878255077018,0
4863,-0.6017698312464538,-0.6017698312464538,-0.6017698312464538,0
4864,-1.111791025396763,-1.111791025396763,-1.111791025396763,0
4865,1.2824017914040309,1.2824017914040309,1.2824017914040309,0
4866,0.3415997799789316,0.3415997799789316,0.3415997799789316,0
4867,0.488040075755461,0.488040075755461,0.488040075755461,0
4868,1.0052545923197276,1.0052545923197276,1.0052545923197276,0
4869,0.6099470773437867,0.6099470773437867,0.6099470773437867,0
4870,1.439591407049765,1.439591407049765,1.439591407049765,0
4871,-0.6725003382636242,-0.6725003382636242,-0.6725003382636242,0
4872,-1.142780865049463,-1.142780865049463,-1.142780865049463,0
4873,0.7675312354243288,0.7675312354243288,0.7675312354243288,0
4874,-0.26219324088685214,-0.26219324088685214,-0.26219324088685214,0
4875,0.7997624681863937,0.7997624681863937,0.7997624681863937,0
4876,0.270845391846141,0.270845391846141,0.270845391846141,0
4877,-0.731446549809672,-0.731446549809672,-0.731446549809672,0
4878,-0.3180348208230637,-0.3180348208230637,-0.3180348208230637,0
4879,-0.29391243097768527,-0.29391243097768527,-0.29391243097768527,0
4880,-1.3436915325841619,-1.3436915325841619,-1.3436915325841619,0
4881,-1.035485239734285,,-1.1670144782277072,1
4882,-1.1121022406443546,,-0.9903374238712523,1
4883,-0.6223869357401788,,-0.8136603695147977,1
4884,0.49166678128063723,,-0.6369833151583429,1
4885,-1.9179469114318635,,-0.4603062608018882,1
4886,-1.3098072477084841,,-0.28362920644543355,1
4887,-0.9050781971378512,,-0.10695215208897868,1
4888,0.07120361362136995,,0.06972490226747596,1
4889,-0.06162280601775742,,0.2464019566239306,1
4890,0.5365566202536343,,0.4230790109803855,1
4891,0.5997560653368401,0.5997560653368401,0.5997560653368401,0
4892,-0.9496159084812661,-0.9496159084812661,-0.9496159084812661,0
4893,-0.577688700729527,-0.577688700729527,-0.577688700729527,0
4894,1.780451904663855,1.780451904663855,1.780451904663855,0
4895,0.6931939698934948,0.6931939698934948,0.6931939698934948,0
4896,0.5711387867196774,,0.6361828019772916,1
4897,0.23809122008695852,,0.5791716340610883,1
4898,-0.45478682770677137,,0.5221604661448851,1
4899,0.8223444786692196,,0.46514929822868184,1
4900,-0.11401318225914663,,0.4081381303124786,1
4901,0.43690203262715344,,0.3511269623962754,1
4902,-0.10646479218541062,,0.29411579448007213,1
4903,-1.6544035318979453,,0.23710462656386888,1
4904,-0.08856568621794379,,0.18009345864766568,1
4905,0.4577578330326845,,0.12308229073146237,1
4906,0.06607112281525913,0.06607112281525913,0.06607112281525913,0
4907,0.8388117849994073,0.8388117849994073,0.8388117849994073,0
4908,0.854711648597984,0.854711648597984,0.854711648597984,0
4909,-1.9213942149258707,-1.9213942149258707,-1.9213942149258707,0
4910,1.382054257612255,1.382054257612255,1.382054257612255,0
4911,0.5264956073343499,0.5264956073343499,0.5264956073343499,0
4912,-0.29407584456561325,-0.29407584456561325,-0.29407584456561325,0
4913,0.4187755933890259,0.4187755933890259,0.4187755933890259,0
4914,0.480399762035296,0.480399762035296,0.480399762035296,0
4915,0.7763334474638184,0.7763334474638184,0.7763334474638184,0
4916,-0.18212445351660408,,0.6601401930834712,1
4917,0.16589316030664855,,0.5439469387031238,1
4918,-1.5665604610748547,,0.4277536843227766,1
4919,-1.3830152901723047,,0.31156042994242933,1
4920,0.34859227479575505,,0.19536717556208205,1
4921,0.14221414214670994,,0.07917392118173483,1
4922,-1.2764746962968023,,-0.0370193331986125,1
4923,-1.3443376022164188,,-0.15321258757895972,1
4924,0.2335736072389148,,-0.26940584195930706,1
4925,1.2745423312951158,,-0.3855990963396543,1
4926,-0.5017923507200015,-0.5017923507200015,-0.5017923507200015,0
4927,0.18040077306732874,0.18040077306732874,0.18040077306732874,0
4928,0.7899515325759222,,0.2634650634120104,1
4929,0.48209344647067764,,0.3465293537566921,1
4930,-0.17709156563156578,,0.4295936441013738,1
4931,1.5513380259229925,,0.5126579344460555,1
4932,-0.13172993099623237,,0.5957222247907371,1
4933,-1.6247161715316756,,0.6787865151354188,1
4934,2.0821774556795707,,0.7618508054801004,1
4935,-0.10510161284226853,,0.8449150958247821,1
4936,0.32785742258104683,,0.9279793861694637,1
4937,-0.7463095349706581,,1.0110436765141455,1
4938,1.0941079668588272,1.0941079668588272,1.0941079668588272,0
4939,0.450386465147201,0.450386465147201,0.450386465147201,0
4940,-1.1841038203951175,-1.1841038203951175,-1.1841038203951175,0
4941,1.2948776871710974,1.2948776871710974,1.2948776871710974,0
4942,-1.0067521653602212,-1.0067521653602212,-1.0067521653602212,0
4943,0.5105202759129726,0.5105202759129726,0.5105202759129726,0
4944,0.22083888230636609,0.22083888230636609,0.22083888230636609,0
4945,0.6272666055418474,0.6272666055418474,0.6272666055418474,0
4946,-1.720296220056951,-1.720296220056951,-1.720296220056951,0
4947,0.7836365953102837,0.7836365953102837,0.7836365953102837,0
4948,-0.04470945956798026,-0.04470945956798026,-0.04470945956798026,0
4949,-1.6243619008397119,-1.6243619008397119,-1.6243619008397119,0
4950,0.32885364702599496,0.32885364702599496,0.32885364702599496,0
4951,-1.681341941358301,-1.681341941358301,-1.681341941358301,0
4952,0.9955323810601197,0.9955323810601197,0.9955323810601197,0
4953,-1.2337330826321704,-1.2337330826321704,-1.2337330826321704,0
4954,1.5512168290596207,1.5512168290596207,1.5512168290596207,0
4955,0.9698805338205762,0.9698805338205762,0.9698805338205762,0
4956,-0.34304912707093427,-0.34304912707093427,-0.34304912707093427,0
4957,-0.4549433294720923,-0.4549433294720923,-0.4549433294720923,0
4958,-1.452580428372699,-1.452580428372699,-1.452580428372699,0
4959,0.36786675509432026,0.36786675509432026,0.36786675509432026,0
4960,0.5460266858748111,0.5460266858748111,0.5460266858748111,0
4961,-0.30711076019086536,-0.30711076019086536,-0.30711076019086536,0
4962,0.45857778474984007,0.45857778474984007,0.45857778474984007,0
4963,1.4666700643472883,1.4666700643472883,1.4666700643472883,0
4964,-1.2293185428559172,-1.2293185428559172,-1.2293185428559172,0
4965,1.9642176073452058,1.9642176073452058,1.9642176073452058,0
4966,0.20080342459971454,0.20080342459971454,0.20080342459971454,0
4967,0.5439296903200671,0.5439296903200671,0.5439296903200671,0
4968,-1.473701556514594,-1.473701556514594,-1.473701556514594,0
4969,-1.3124083379249707,-1.3124083379249707,-1.3124083379249707,0
4970,-1.1385900750238802,-1.1385900750238802,-1.1385900750238802,0
4971,-0.13001113637486036,-0.13001113637486036,-0.13001113637486036,0
4972,-0.885329459407493,-0.885329459407493,-0.885329459407493,0
4973,1.234669217260201,1.234669217260201,1.234669217260201,0
4974,0.2716559821959099,,1.2153244498416844,1
4975,0.5557326551942263,,1.1959796824231677,1
4976,0.7674311321026974,,1.1766349150046511,1
4977,-0.18587808860436034,,1.1572901475861344,1
4978,-0.12613286242583874,,1.1379453801676178,1
4979,-0.6807883141065219,,1.118600612749101,1
4980,0.5764782207483468,,1.0992558453305845,1
4981,-1.358709326950488,,1.0799110779120678,1
4982,-1.0150293364998553,,1.0605663104935512,1
4983,0.31355573931573494,,1.0412215430750345,1
4984,1.021876775656518,1.021876775656518,1.021876775656518,0
4985,-0.8278735744655954,,0.8030809424704515,1
4986,-1.1817691242546873,,0.584285109284385,1
4987,0.1890238978063337,,0.3654892760983187,1
4988,-0.5697814394285904,,0.14669344291225228,1
4989,-2.0980284143714933,,-0.07210239027381404,1
4990,-0.6453033110810883,,-0.2908982234598805,1
4991,-1.1597632056075349,,-0.5096940566459469,1
4992,2.001370645078163,,-0.7284898898320133,1
4993,-0.3996372371366162,,-0.9472857230180798,1
4994,2.7603374570050967,,-1.166081556204146,1
4995,-1.3848773893902127,-1.3848773893902127,-1.3848773893902127,0
4996,1.3690433244359934,1.3690433244359934,1.3690433244359934,0
4997,0.06685678173414733,0.06685678173414733,0.06685678173414733,0
4998,0.5976971454944957,0.5976971454944957,0.5976971454944957,0
4999,1.3121435070130154,1.3121435070130154,1.3121435070130154,0
5000,0.6444053900898236,0.6444053900898236,0.6444053900898236,0
5001,0.6819569109801832,0.6819569109801832,0.6819569109801832,0
5002,0.9400415874407266,0.9400415874407266,0.9400415874407266,0
5003,-0.363936870103919,-0.363936870103919,-0.363936870103919,0
5004,0.19940259318806466,0.19940259318806466,0.19940259318806466,0
5005,0.9690768121336019,0.9690768121336019,0.9690768121336019,0
5006,-1.061871112209839,-1.061871112209839,-1.061871112209839,0
5007,-0.8743559141601182,-0.8743559141601182,-0.8743559141601182,0
5008,0.05053006636343584,0.05053006636343584,0.05053006636343584,0
5009,-0.7471645119695871,,-0.04174358503949994,1
5010,-1.0777442232921102,,-0.1340172364424357,1
5011,-1.7801956990781511,,-0.22629088784537152,1
5012,-0.9704636377055985,,-0.3185645392483073,1
5013,0.6364663578089815,,-0.41083819065124305,1
5014,-0.10219644736259328,,-0.5031118420541789,1
5015,-1.3693078089377788,,-0.5953854934571147,1
5016,-0.07848491765774886,,-0.6876591448600504,1
5017,0.24490881893207347,,-0.7799327962629862,1
5018,-0.06123877439344218,,-0.8722064476659219,1
5019,-0.9644800990688577,-0.9644800990688577,-0.9644800990688577,0
5020,-1.2695613189555268,-1.2695613189555268,-1.2695613189555268,0
5021,-0.20263292274240846,-0.20263292274240846,-0.20263292274240846,0
5022,1.703082554655968,1.703082554655968,1.703082554655968,0
5023,0.3098100725400977,,1.4841255821786539,1
5024,0.17264661201314832,,1.26516860970134,1
5025,0.6625586276664538,,1.046211637224026,1
5026,-1.6304403960991811,,0.8272546647467118,1
5027,0.7544699248139777,,0.6082976922693977,1
5028,-0.5764242956442044,,0.38934071979208373,1
5029,0.7211989516896653,,0.1703837473147698,1
5030,-0.4756409352138518,,-0.048573225162544365,1
5031,-2.133816312792871,,-0.2675301976398585,1
5032,0.12717777010213654,,-0.4864871701171727,1
5033,-0.7054441425944864,-0.7054441425944864,-0.7054441425944864,0
5034,0.5862783825788934,0.5862783825788934,0.5862783825788934,0
5035,0.12484990990083875,0.12484990990083875,0.12484990990083875,0
5036,-0.6258160084171338,-0.6258160084171338,-0.6258160084171338,0
5037,-0.5425574120357839,-0.5425574120357839,-0.5425574120357839,0
5038,0.40640762431872846,0.40640762431872846,0.40640762431872846,0
5039,-0.44283264225349206,-0.44283264225349206,-0.44283264225349206,0
5040,1.3203259324572767,1.3203259324572767,1.3203259324572767,0
5041,-0.16558711564867623,-0.16558711564867623,-0.16558711564867623,0
5042,0.6032777444042791,,-0.01998196285531026,1
5043,0.39325513572567844,,0.1256231899380557,1
5044,0.5864601678779161,,0.2712283427314217,1
5045,-1.0489145157554969,,0.41683349552478766,1
5046,0.3482881937572105,,0.5624386483181536,1
5047,0.7447066090689543,,0.7080438011115197,1
5048,1.4500879695753968,,0.8536489539048856,1
5049,0.7062356601107568,,0.9992541066982515,1
5050,-0.07352464860349817,,1.1448592594916174,1
5051,-1.4109467864240117,,1.2904644122849835,1
5052,1.4360695650783493,1.4360695650783493,1.4360695650783493,0
5053,-0.22312493355666915,-0.22312493355666915,-0.22312493355666915,0
5054,-0.7928883859798692,-0.7928883859798692,-0.7928883859798692,0
5055,0.3894705759102722,0.3894705759102722,0.3894705759102722,0
5056,-0.378119423571373,-0.378119423571373,-0.378119423571373,0
5057,0.7183636554486025,0.7183636554486025,0.7183636554486025,0
5058,0.2737153776647586,0.2737153776647586,0.2737153776647586,0
5059,-0.6328082877930162,-0.6328082877930162,-0.6328082877930162,0
5060,-0.8787349822701965,,-0.43814088429024717,1
5061,-1.036223877589419,,-0.2434734807874781,1
5062,0.7413744710030572,,-0.04880607728470909,1
5063,2.4233275708082878,,0.14586132621806003,1
5064,-0.13100590138619866,,0.34052872972082915,1
5065,1.033175836947771,,0.535196133223598,1
5066,-0.03691973043081039,,0.7298635367263672,1
5067,-1.4806560163145466,,0.9245309402291363,1
5068,0.05909628637381559,,1.1191983437319055,1
5069,-0.13320839303185977,,1.3138657472346744,1
5070,1.5085331507374435,1.5085331507374435,1.5085331507374435,0
5071,-0.38402790390040054,-0.38402790390040054,-0.38402790390040054,0
5072,0.7303549957144148,0.7303549957144148,0.7303549957144148,0
5073,-1.5907009213250864,-1.5907009213250864,-1.5907009213250864,0
5074,-0.07802115995058775,,-1.4299345581270746,1
5075,-0.0455399147247617,,-1.2691681949290627,1
5076,-0.4962428462308468,,-1.108401831731051,1
5077,-0.31365999587756477,,-0.9476354685330389,1
5078,0.05124548980951449,,-0.7868691053350271,1
5079,-0.8834376306140138,,-0.6261027421370151,1
5080,0.39772945521378433,,-0.46533637893900326,1
5081,-2.376011737401825,,-0.3045700157409914,1
5082,0.6114892903790642,,-0.14380365254297955,1
5083,0.54124785476397,,0.016962710655032298,1
5084,0.17772907385304412,0.17772907385304412,0.17772907385304412,0
5085,-1.580643814113976,-1.580643814113976,-1.580643814113976,0
5086,0.12734462541555466,0.12734462541555466,0.12734462541555466,0
5087,-1.385664228242314,-1.385664228242314,-1.385664228242314,0
5088,0.5326266287340591,0.5326266287340591,0.5326266287340591,0
5089,-0.6787513286248168,-0.6787513286248168,-0.6787513286248168,0
5090,0.031644426893921926,0.031644426893921926,0.031644426893921926,0
5091,0.5905261010360154,0.5905261010360154,0.5905261010360154,0
5092,0.06732310660391097,0.06732310660391097,0.06732310660391097,0
5093,0.12154948066609839,0.12154948066609839,0.12154948066609839,0
5094,-0.6364987006247828,-0.6364987006247828,-0.6364987006247828,0
5095,1.338733047870559,1.338733047870559,1.338733047870559,0
5096,0.6274307476033327,0.6274307476033327,0.6274307476033327,0
5097,-1.4849639413909896,-1.4849639413909896,-1.4849639413909896,0
5098,-0.36408780647044203,-0.36408780647044203,-0.36408780647044203,0
5099,-1.4050763009926905,-1.4050763009926905,-1.4050763009926905,0
5100,-0.41310988464160037,-0.41310988464160037,-0.41310988464160037,0
5101,-0.002086743991365768,-0.002086743991365768,-0.002086743991365768,0
5102,0.761086427815604,0.761086427815604,0.761086427815604,0
5103,-1.261629284191709,-1.261629284191709,-1.261629284191709,0
5104,-0.5119699136713979,-0.5119699136713979,-0.5119699136713979,0
5105,-0.11835030231957434,-0.11835030231957434,-0.11835030231957434,0
5106,0.0702587441062476,0.0702587441062476,0.0702587441062476,0
5107,0.4172482016998194,0.4172482016998194,0.4172482016998194,0
5108,-1.3309893289658639,-1.3309893289658639,-1.3309893289658639,0
5109,0.2668452617556452,0.2668452617556452,0.2668452617556452,0
5110,-3.909022696251029,-3.909022696251029,-3.909022696251029,0
5111,0.6726378620032467,0.6726378620032467,0.6726378620032467,0
5112,-1.3342536360980988,-1.3342536360980988,-1.3342536360980988,0
5113,1.315908632294083,1.315908632294083,1.315908632294083,0
5114,0.9572746334655872,0.9572746334655872,0.9572746334655872,0
5115,0.5341185970345054,0.5341185970345054,0.5341185970345054,0
5116,-2.176807441170833,-2.176807441170833,-2.176807441170833,0
5117,0.6879382441205908,0.6879382441205908,0.6879382441205908,0
5118,0.36390772873562904,0.36390772873562904,0.36390772873562904,0
5119,0.9218343887469669,0.9218343887469669,0.9218343887469669,0
5120,0.007916937854344022,0.007916937854344022,0.007916937854344022,0
5121,0.4068318666591683,0.4068318666591683,0.4068318666591683,0
5122,1.800924454757405,1.800924454757405,1.800924454757405,0
5123,-0.3369023906054864,-0.3369023906054864,-0.3369023906054864,0
5124,-0.012743505518559215,-0.012743505518559215,-0.012743505518559215,0
5125,0.06913570744748641,0.06913570744748641,0.06913570744748641,0
5126,-0.5239102965912489,-0.5239102965912489,-0.5239102965912489,0
5127,-0.27702347792830356,-0.27702347792830356,-0.27702347792830356,0
5128,-0.5877364094639015,-0.5877364094639015,-0.5877364094639015,0
5129,0.3811847623745308,0.3811847623745308,0.3811847623745308,0
5130,-0.4861113501071632,-0.4861113501071632,-0.4861113501071632,0
5131,0.5451589334582081,0.5451589334582081,0.5451589334582081,0
5132,0.4938129694991125,0.4938129694991125,0.4938129694991125,0
5133,-0.8251495434899871,,0.5746429630387166,1
5134,-1.0292849912563404,,0.6554729565783207,1
5135,-0.7921647962764725,,0.7363029501179248,1
5136,0.40335290142111635,,0.8171329436575289,1
5137,0.8349377361049108,,0.8979629371971329,1
5138,0.09987205124748895,,0.9787929307367371,1
5139,-0.1006505446452696,,1.059622924276341,1
5140,1.072885775209797,,1.1404529178159453,1
5141,-0.7258755388389313,,1.2212829113555492,1
5142,0.018058397940995372,,1.3021129048951534,1
5143,1.3829428984347574,1.3829428984347574,1.3829428984347574,0
5144,0.1910158326682214,0.1910158326682214,0.1910158326682214,0
5145,-0.5838577690714467,-0.5838577690714467,-0.5838577690714467,0
5146,1.011364743506072,1.011364743506072,1.011364743506072,0
5147,0.9375666586943006,0.9375666586943006,0.9375666586943006,0
5148,0.8392567158395168,,0.978562844659623,1
5149,0.4881781020722921,,1.0195590306249454,1
5150,1.5563437994108011,,1.0605552165902676,1
5151,-1.6577882923201355,,1.10155140255559,1
5152,-1.4662412244664023,,1.1425475885209124,1
5153,0.21992512429736585,,1.1835437744862347,1
5154,0.09668404208106031,,1.224539960451557,1
5155,-0.5300393385928821,,1.2655361464168795,1
5156,-0.6459181123852467,,1.306532332382202,1
5157,-0.014596354217392743,,1.3475285183475243,1
5158,-0.22277518038548266,,1.3885247043128466,1
5159,-0.21063327579692298,,1.429520890278169,1
5160,0.8125367188542768,,1.4705170762434914,1
5161,-0.28067190968803274,,1.5115132622088137,1
5162,0.136135811521036,,1.5525094481741362,1
5163,1.5035238120868533,,1.5935056341394584,1
5164,0.5406684105322229,,1.6345018201047807,1
5165,-0.17186139005660203,,1.6754980060701032,1
5166,0.2826843336925534,,1.7164941920354255,1
5167,-0.9731938957127997,,1.7574903780007478,1
5168,1.7984865639660703,1.7984865639660703,1.7984865639660703,0
5169,0.9814293503288343,0.9814293503288343,0.9814293503288343,0
5170,0.22874938679416695,0.22874938679416695,0.22874938679416695,0
5171,-0.23255257431443974,,0.19172097346867162,1
5172,-0.465032446306791,,0.15469256014317628,1
5173,1.1950578474068716,,0.11766414681768092,1
5174,-1.391194340608593,,0.08063573349218559,1
5175,0.44219020686374,,0.04360732016669025,1
5176,-0.12835736512859972,,0.006578906841194887,1
5177,-2.0689980183560124,,-0.030449506484300448,1
5178,-0.6206199018269654,,-0.06747791980979578,1
5179,1.9488231016797846,,-0.10450633313529112,1
5180,-0.48793092618936545,,-0.14153474646078645,1
5181,-0.17856315978628182,-0.17856315978628182,-0.17856315978628182,0
5182,-0.9354305331498338,-0.9354305331498338,-0.9354305331498338,0
5183,1.0591796500419899,1.0591796500419899,1.0591796500419899,0
5184,1.0515935938577834,1.0515935938577834,1.0515935938577834,0
5185,1.3422105531246393,1.3422105531246393,1.3422105531246393,0
5186,0.8200633654228691,0.8200633654228691,0.8200633654228691,0
5187,0.35374822666632294,0.35374822666632294,0.35374822666632294,0
5188,1.030977075451563,1.030977075451563,1.030977075451563,0
5189,-0.07287115346541789,-0.07287115346541789,-0.07287115346541789,0
5190,0.7689971230281807,,-0.27654602069366896,1
5191,0.7788012276623113,,-0.48022088792192,1
5192,-1.137075130301492,,-0.683895755150171,1
5193,0.10151107387709878,,-0.8875706223784221,1
5194,0.23689273347559786,,-1.0912454896066732,1
5195,0.4325683632264796,,-1.2949203568349241,1
5196,0.5278488714431377,,-1.4985952240631752,1
5197,-1.7706681384816108,,-1.7022700912914264,1
5198,0.6310391269308397,,-1.9059449585196775,1
5199,1.9027022602853219,,-2.1096198257479286,1
5200,-2.3132946929761795,-2.3132946929761795,-2.3132946929761795,0
5201,2.605338952890133,2.605338952890133,2.605338952890133,0
5202,-0.40454150273634737,-0.40454150273634737,-0.40454150273634737,0
5203,-1.0622772811398533,,-0.3246558584521694,1
5204,-1.2790416341277655,,-0.24477021416799138,1
5205,-0.1502589014622517,,-0.1648845698838134,1
5206,-0.29806157903876607,,-0.0849989255996354,1
5207,2.2255223012106278,,-0.0051132813154574075,1
5208,0.6699547902257265,,0.07477236296872058,1
5209,0.5086978919923467,,0.15465800725289858,1
5210,0.5133651474962672,,0.23454365153707657,1
5211,1.1559733984350717,,0.31442929582125456,1
5212,-1.4897613028450383,,0.39431494010543255,1
5213,0.47420058438961055,0.47420058438961055,0.47420058438961055,0
5214,-0.08677985987338187,-0.08677985987338187,-0.08677985987338187,0
5215,1.1936712213788232,1.1936712213788232,1.1936712213788232,0
5216,0.2917762594147726,0.2917762594147726,0.2917762594147726,0
5217,0.30066315470117944,0.30066315470117944,0.30066315470117944,0
5218,-0.43509079365155395,,0.3072395478297122,1
5219,-0.3422915240949325,,0.31381594095824494,1
5220,1.635062703671674,,0.32039233408677775,1
5221,-1.426563918106219,,0.3269687272153105,1
5222,-0.2421238413734916,,0.33354512034384326,1
5223,0.4285819501050125,,0.340121513472376,1
5224,1.1695282111552259,,0.34669790660090877,1
5225,-0.19113847818798183,,0.3532742997294416,1
5226,1.0156026473666036,,0.35985069285797433,1
5227,0.002732149201655396,,0.3664270859865071,1
5228,0.37300347911503984,0.37300347911503984,0.37300347911503984,0
5229,0.8529576911427917,0.8529576911427917,0.8529576911427917,0
5230,-1.5327316340492174,-1.5327316340492174,-1.5327316340492174,0
5231,-0.2561264258183547,-0.2561264258183547,-0.2561264258183547,0
5232,-1.679464612482607,-1.679464612482607,-1.679464612482607,0
5233,-0.03424189864653587,-0.03424189864653587,-0.03424189864653587,0
5234,0.46150015290626895,0.46150015290626895,0.46150015290626895,0
5235,-0.7480006798576316,-0.7480006798576316,-0.7480006798576316,0
5236,-0.03671155932196902,-0.03671155932196902,-0.03671155932196902,0
5237,-0.7503582644896248,-0.7503582644896248,-0.7503582644896248,0
5238,-1.5715315607227265,-1.5715315607227265,-1.5715315607227265,0
5239,-1.2693588157279205,-1.2693588157279205,-1.2693588157279205,0
5240,1.7586914222282197,1.7586914222282197,1.7586914222282197,0
5241,0.44186656611778846,0.44186656611778846,0.44186656611778846,0
5242,-0.8692710235059636,,0.352929232035217,1
5243,-0.6325303102357928,,0.2639918979526455,1
5244,0.5361643140391169,,0.175054563870074,1
5245,0.8630448268147483,,0.08611722978750252,1
5246,-0.3681062354722977,,-0.002820104295068959,1
5247,1.4577778310069838,,-0.09175743837764044,1
5248,-0.09320775263257455,,-0.18069477246021198,1
5249,0.7758879957812804,,-0.2696321065427834,1
5250,0.11947789318341297,,-0.35856944062535484,1
5251,-0.37313932229439745,,-0.4475067747079264,1
5252,-0.536444108790498,-0.536444108790498,-0.536444108790498,0
5253,0.35020089798072196,0.35020089798072196,0.35020089798072196,0
5254,-1.3067124252921107,-1.3067124252921107,-1.3067124252921107,0
5255,0.9430046714102841,0.9430046714102841,0.9430046714102841,0
5256,-0.20022942617612471,-0.20022942617612471,-0.20022942617612471,0
5257,2.916216511244204,2.916216511244204,2.916216511244204,0
5258,0.6449618283030831,0.6449618283030831,0.6449618283030831,0
5259,0.14660839392515312,0.14660839392515312,0.14660839392515312,0
5260,-0.6503976595677852,-0.6503976595677852,-0.6503976595677852,0
5261,-0.9422945011847511,-0.9422945011847511,-0.9422945011847511,0
5262,0.38807935978516395,0.38807935978516395,0.38807935978516395,0
5263,0.7060157531961296,0.7060157531961296,0.7060157531961296,0
5264,-0.7125429098982867,-0.7125429098982867,-0.7125429098982867,0
5265,1.0465918174431261,1.0465918174431261,1.0465918174431261,0
5266,0.9090448978416628,0.9090448978416628,0.9090448978416628,0
5267,-0.17539835079770608,-0.17539835079770608,-0.17539835079770608,0
5268,-0.11425359083691396,-0.11425359083691396,-0.11425359083691396,0
5269,-0.01641439762442942,-0.01641439762442942,-0.01641439762442942,0
5270,0.25297922258221045,0.25297922258221045,0.25297922258221045,0
5271,0.37410887062539216,0.37410887062539216,0.37410887062539216,0
5272,1.0462529259486875,1.0462529259486875,1.0462529259486875,0
5273,-0.7875948858605137,-0.7875948858605137,-0.7875948858605137,0
5274,-1.2101442870346972,-1.2101442870346972,-1.2101442870346972,0
5275,0.02122715650245833,,-1.268497995387589,1
5276,-0.1430260729284587,,-1.3268517037404806,1
5277,0.27573851218957546,,-1.3852054120933723,1
5278,0.47488277234771364,,-1.443559120446264,1
5279,1.035987831401662,,-1.5019128287991557,1
5280,0.24512403799960975,,-1.5602665371520474,1
5281,0.3049097679015401,,-1.618620245504939,1
5282,-1.149646351237427,,-1.6769739538578308,1
5283,0.7596593098563907,,-1.7353276622107225,1
5284,-0.17571504302301266,,-1.793681370563614,1
5285,-1.8520350789165059,-1.8520350789165059,-1.8520350789165059,0
5286,-0.1794991099224943,-0.1794991099224943,-0.1794991099224943,0
5287,-1.6686442371768466,-1.6686442371768466,-1.6686442371768466,0
5288,-0.6132291448964716,-0.6132291448964716,-0.6132291448964716,0
5289,0.25574678587324734,,-0.49181145309745533,1
5290,0.5169272337161606,,-0.370393761298439,1
5291,0.7884937483084877,,-0.24897606949942264,1
5292,0.07814176734668489,,-0.12755837770040634,1
5293,0.2330597905016832,,-0.006140685901390053,1
5294,-0.30066332114829697,,0.11527700589762635,1
5295,-0.5787447274242001,,0.23669469769664264,1
5296,1.761679476328403,,0.35811238949565893,1
5297,1.2409661112762878,,0.47953008129467534,1
5298,-0.6029167274164929,,0.6009477730936915,1
5299,0.7223654648927078,0.7223654648927078,0.7223654648927078,0
5300,0.048402339565393915,0.048402339565393915,0.048402339565393915,0
5301,0.13415002065644566,0.13415002065644566,0.13415002065644566,0
5302,-0.6455972232854821,-0.6455972232854821,-0.6455972232854821,0
5303,-0.027182762804603317,-0.027182762804603317,-0.027182762804603317,0
5304,0.6268570867079878,0.6268570867079878,0.6268570867079878,0
5305,1.3039171929582933,1.3039171929582933,1.3039171929582933,0
5306,0.9325325094853787,0.9325325094853787,0.9325325094853787,0
5307,-1.6873153057606076,-1.6873153057606076,-1.6873153057606076,0
5308,1.8666420326172484,1.8666420326172484,1.8666420326172484,0
5309,-0.07843647600426665,-0.07843647600426665,-0.07843647600426665,0
5310,-0.5160956200545685,-0.5160956200545685,-0.5160956200545685,0
5311,-2.171544871584842,-2.171544871584842,-2.171544871584842,0
5312,-0.7185471027648391,-0.7185471027648391,-0.7185471027648391,0
5313,-0.9501566021332303,-0.9501566021332303,-0.9501566021332303,0
5314,-0.027451188889834617,-0.027451188889834617,-0.027451188889834617,0
5315,-1.6318411194000606,-1.6318411194000606,-1.6318411194000606,0
5316,-0.6503510877783096,-0.6503510877783096,-0.6503510877783096,0
5317,-1.3431811891207979,-1.3431811891207979,-1.3431811891207979,0
5318,1.1865333391681914,1.1865333391681914,1.1865333391681914,0
5319,0.4243535962034299,,1.0543781648697566,1
5320,0.7757098973438127,,0.9222229905713217,1
5321,0.6498174297447964,,0.7900678162728869,1
5322,-1.3520135148814594,,0.6579126419744521,1
5323,1.4897596919824614,,0.5257574676760173,1
5324,-0.5076933898167258,,0.39360229337758246,1
5325,-0.3079784530577659,,0.26144711907914764,1
5326,0.8066946246633332,,0.12929194478071282,1
5327,0.0653554355149962,,-0.002863229517721999,1
5328,0.41056009742119104,,-0.13501840381615682,1
5329,-0.2671735781145915,-0.2671735781145915,-0.2671735781145915,0
5330,-0.03809164827702814,,-0.22475042888868493,1
5331,-0.10171866080613932,,-0.18232727966277834,1
5332,-0.17445986454149498,,-0.13990413043687175,1
5333,0.20472853366389018,,-0.09748098121096516,1
5334,-0.8837184342987967,,-0.055057831985058564,1
5335,-0.30895181230590063,,-0.012634682759151972,1
5336,-1.4276244942958898,,0.029788466466754593,1
5337,-1.50487103636369,,0.07221161569266121,1
5338,-0.9804701984824307,,0.11463476491856783,1
5339,0.20317582867910217,,0.1570579141444744,1
5340,0.19948106337038093,0.19948106337038093,0.19948106337038093,0
5341,-0.5565055983208456,-0.5565055983208456,-0.5565055983208456,0
5342,-0.9185450533711174,-0.9185450533711174,-0.9185450533711174,0
5343,-2.143222851839304,-2.143222851839304,-2.143222851839304,0
5344,1.3139740287555306,1.3139740287555306,1.3139740287555306,0
5345,-0.3662520367393475,-0.3662520367393475,-0.3662520367393475,0
5346,-0.3336894247654857,-0.3336894247654857,-0.3336894247654857,0
5347,1.4189390674233664,1.4189390674233664,1.4189390674233664,0
5348,-0.06065433621297521,,1.1472571798239373,1
5349,-0.023435302825491167,,0.8755752922245083,1
5350,-0.6654017616124572,,0.6038934046250792,1
5351,-0.17263779265062495,,0.3322115170256501,1
5352,-0.7771219641699475,,0.06052962942622098,1
5353,-0.7507062166442567,,-0.21115225817320793,1
5354,-1.6048108140621824,,-0.48283414577263706,1
5355,1.3733341323255304,,-0.7545160333720662,1
5356,1.0000575947291106,,-1.0261979209714953,1
5357,-1.3645005705888271,,-1.2978798085709244,1
5358,-1.5695616961703538,-1.5695616961703538,-1.5695616961703538,0
5359,1.7252849310559655,1.7252849310559655,1.7252849310559655,0
5360,-1.1955833813094983,-1.1955833813094983,-1.1955833813094983,0
5361,0.3984090059716836,0.3984090059716836,0.3984090059716836,0
5362,0.7188623386559911,,0.44270958707346786,1
5363,1.072215268329321,,0.4870101681752521,1
5364,-0.7251941432274505,,0.5313107492770364,1
5365,1.1141888887034606,,0.5756113303788206,1
5366,-1.1520686080667273,,0.6199119114806049,1
5367,3.019973179410929,,0.6642124925823891,1
5368,0.35201661723673205,,0.7085130736841734,1
5369,3.1958833138709766,,0.7528136547859576,1
5370,-0.29228685335078686,,0.7971142358877419,1
5371,-0.8591010912980016,,0.8414148169895261,1
5372,-0.03392069663586537,,0.8857153980913104,1
5373,0.27845417399299677,,0.9300159791930946,1
5374,2.3712741541710525,,0.9743165602948789,1
5375,1.927263152744536,,1.0186171413966632,1
5376,-0.8195443475487778,,1.0629177224984474,1
5377,0.1919496106144359,,1.1072183036002317,1
5378,0.2071858546036598,,1.151518884702016,1
5379,-0.7929745730977414,,1.1958194658038002,1
5380,-1.383866639978145,,1.2401200469055844,1
5381,-0.4988361218873911,,1.2844206280073687,1
5382,1.328721209109153,1.328721209109153,1.328721209109153,0
5383,-1.078190319629604,-1.078190319629604,-1.078190319629604,0
5384,-0.07800111464432777,-0.07800111464432777,-0.07800111464432777,0
5385,0.49002841558627586,0.49002841558627586,0.49002841558627586,0
5386,-1.4340276738619184,-1.4340276738619184,-1.4340276738619184,0
5387,0.3972421566955909,0.3972421566955909,0.3972421566955909,0
5388,-1.1279875329412257,-1.1279875329412257,-1.1279875329412257,0
5389,-0.8682230584535523,-0.8682230584535523,-0.8682230584535523,0
5390,1.795322210451437,1.795322210451437,1.795322210451437,0
5391,2.101633810726668,2.101633810726668,2.101633810726668,0
5392,-1.0218474848729917,-1.0218474848729917,-1.0218474848729917,0
5393,-0.7812044841854686,-0.7812044841854686,-0.7812044841854686,0
5394,0.17615122123457921,0.17615122123457921,0.17615122123457921,0
5395,1.1441159186134042,1.1441159186134042,1.1441159186134042,0
5396,0.2647170750243831,,1.0920217503711154,1
5397,0.5834622184434786,,1.0399275821288263,1
5398,-0.1415692852645513,,0.9878334138865374,1
5399,0.04050519640214206,,0.9357392456442485,1
5400,0.3774641877074484,,0.8836450774019595,1
5401,0.2908190457063054,,0.8315509091596706,1
5402,-0.9575640423296231,,0.7794567409173816,1
5403,-0.9056702384697988,,0.7273625726750927,1
5404,0.8759167117812529,,0.6752684044328037,1
5405,-0.9943085789595665,,0.6231742361905148,1
5406,0.5710800679482259,0.5710800679482259,0.5710800679482259,0
5407,-0.3423172981893415,-0.3423172981893415,-0.3423172981893415,0
5408,-0.04850776964239121,-0.04850776964239121,-0.04850776964239121,0
5409,-1.3972531247759088,-1.3972531247759088,-1.3972531247759088,0
5410,-1.315851476641212,-1.315851476641212,-1.315851476641212,0
5411,-0.6713881697976128,-0.6713881697976128,-0.6713881697976128,0
5412,-1.7586617752393177,-1.7586617752393177,-1.7586617752393177,0
5413,-0.5248419054825137,-0.5248419054825137,-0.5248419054825137,0
5414,1.312035215709784,1.312035215709784,1.312035215709784,0
5415,0.2972695303541763,0.2972695303541763,0.2972695303541763,0
5416,-0.3351150474498612,-0.3351150474498612,-0.3351150474498612,0
5417,-0.24174128877614226,-0.24174128877614226,-0.24174128877614226,0
5418,1.638938730730547,1.638938730730547,1.638938730730547,0
5419,-0.1796985157331413,-0.1796985157331413,-0.1796985157331413,0
5420,-1.051111583376524,-1.051111583376524,-1.051111583376524,0
5421,-0.34640101512425203,-0.34640101512425203,-0.34640101512425203,0
5422,-1.020621936926348,,-0.36191534647295115,1
5423,-1.3149714087563678,,-0.3774296778216503,1
5424,0.7987673222135115,,-0.39294400917034944,1
5425,-0.6247938158342178,,-0.4084583405190486,1
5426,0.411218570077739,,-0.42397267186774773,1
5427,-0.09655554040636871,,-0.4394870032164469,1
5428,-0.04593032285153819,,-0.455001334565146,1
5429,-0.4292630441503582,,-0.4705156659138452,1
5430,0.08785896747547896,,-0.4860299972625443,1
5431,0.5129059725892535,,-0.5015443286112434,1
5432,-0.5170586599599426,-0.5170586599599426,-0.5170586599599426,0
5433,0.44821737375686277,0.44821737375686277,0.44821737375686277,0
5434,-0.9966419071767403,,0.23200986387511194,1
5435,-1.012197775005584,,0.015802353993361107,1
5436,1.4382970933007373,,-0.2004051558883897,1
5437,-0.015596597482442076,,-0.41661266577014056,1
5438,-0.4349353791496198,,-0.6328201756518913,1
5439,-0.9290045710983241,,-0.8490276855336422,1
5440,-0.9659516161460718,,-1.0652351954153931,1
5441,0.6485564664881835,,-1.281442705297144,1
5442,0.761589669773235,,-1.4976502151788949,1
5443,0.6014755962813411,,-1.7138577250606453,1
5444,-1.9300652349423961,-1.9300652349423961,-1.9300652349423961,0
5445,1.0905119919828812,,-1.7466988738073916,1
5446,1.0116479433266319,,-1.5633325126723872,1
5447,1.1398405135287952,,-1.3799661515373827,1
5448,0.2737289449435237,,-1.1965997904023782,1
5449,0.33372697594093714,,-1.0132334292673737,1
5450,0.8662944598980675,,-0.8298670681323694,1
5451,-0.18441492406173826,,-0.646500706997365,1
5452,-0.6202757752662985,,-0.46313434586236046,1
5453,-0.8959552315631197,,-0.279767984727356,1
5454,0.262036775536969,,-0.09640162359235149,1
5455,0.08696473754265278,0.08696473754265278,0.08696473754265278,0
5456,1.059310005885489,1.059310005885489,1.059310005885489,0
5457,0.18425065064487572,0.18425065064487572,0.18425065064487572,0
5458,-1.5579020005640007,-1.5579020005640007,-1.5579020005640007,0
5459,-1.3291297349319595,-1.3291297349319595,-1.3291297349319595,0
5460,-0.5711633150384315,-0.5711633150384315,-0.5711633150384315,0
5461,-0.4044920618958649,-0.4044920618958649,-0.4044920618958649,0
5462,0.9746049471423666,0.9746049471423666,0.9746049471423666,0
5463,0.02629731834162079,,0.8438368938842079,1
5464,0.16444675029084074,,0.7130688406260492,1
5465,-0.534396464741228,,0.5823007873678906,1
5466,-0.8479370449012803,,0.45153273410973194,1
5467,-1.9778786818580965,,0.3207646808515733,1
5468,-0.40956665205396314,,0.18999662759341462,1
5469,-0.06760953471279162,,0.05922857433525597,1
5470,1.8061012860289516,,-0.07153947892290269,1
5471,-0.130365396995086,,-0.20230753218106123,1
5472,1.3862129629199553,,-0.33307558543922,1
5473,-0.4638436386973786,-0.4638436386973786,-0.4638436386973786,0
5474,-1.8422105798882307,-1.8422105798882307,-1.8422105798882307,0
5475,-0.2106475614299343,,-1.8529828894751115,1
5476,-0.17303048853467076,,-1.8637551990619925,1
5477,0.980160127073674,,-1.8745275086488733,1
5478,2.29801945890866,,-1.8852998182357543,1
5479,1.1951623440942933,,-1.8960721278226351,1
5480,-1.1601919521711612,,-1.9068444374095161,1
5481,0.6460749351232074,,-1.917616746996397,1
5482,-1.592245226974812,,-1.928389056583278,1
5483,0.645137110822321,,-1.9391613661701588,1
5484,-1.332774410497356,,-1.9499336757570398,1
5485,-1.9607059853439206,-1.9607059853439206,-1.9607059853439206,0
5486,-1.599542603416338,-1.599542603416338,-1.599542603416338,0
5487,1.0494312638945706,1.0494312638945706,1.0494312638945706,0
5488,0.13261397625588295,0.13261397625588295,0.13261397625588295,0
5489,-0.08852069541872325,-0.08852069541872325,-0.08852069541872325,0
5490,-0.473031471891712,-0.473031471891712,-0.473031471891712,0
5491,0.7743164628863597,0.7743164628863597,0.7743164628863597,0
5492,2.0215039661231344,2.0215039661231344,2.0215039661231344,0
5493,1.1072864282252926,,1.711122809571656,1
5494,1.2198662832449,,1.4007416530201775,1
5495,1.4090552513466834,,1.0903604964686993,1
5496,-1.2233160536141447,,0.7799793399172208,1
5497,-1.2563911793383264,,0.4695981833657423,1
5498,0.8744295045606956,,0.15921702681426408,1
5499,-2.0110780638782124,,-0.15116412973721438,1
5500,0.8496526786920906,,-0.46154528628869285,1
5501,1.3237271882505752,,-0.7719264428401713,1
5502,0.023102226899293667,,-1.0823075993916498,1
5503,-1.3926887559431278,-1.3926887559431278,-1.3926887559431278,0
5504,0.4392465526203454,0.4392465526203454,0.4392465526203454,0
5505,-0.8262083966930543,-0.8262083966930543,-0.8262083966930543,0
5506,-1.6455089029445784,-1.6455089029445784,-1.6455089029445784,0
5507,1.192622087817006,1.192622087817006,1.192622087817006,0
5508,0.08158889849915993,,1.0768955345420694,1
5509,-0.061402775319422856,,0.9611689812671329,1
5510,-0.11744728072319076,,0.8454424279921964,1
5511,-0.1467712791003835,,0.7297158747172598,1
5512,3.391723318391918,,0.6139893214423232,1
5513,-0.7022181960927416,,0.4982627681673867,1
5514,-0.8073260592331911,,0.38253621489245015,1
5515,1.949561463010102,,0.2668096616175136,1
5516,0.4175735361578851,,0.151083108342577,1
5517,-1.4830359913150832,,0.03535655506764046,1
5518,-0.08036999820729598,-0.08036999820729598,-0.08036999820729598,0
5519,-0.9869373427471644,-0.9869373427471644,-0.9869373427471644,0
5520,-1.0799878557180507,-1.0799878557180507,-1.0799878557180507,0
5521,1.387596366014087,1.387596366014087,1.387596366014087,0
5522,0.3206942945716201,0.3206942945716201,0.3206942945716201,0
5523,0.11882124504903237,0.11882124504903237,0.11882124504903237,0
5524,0.5893004441628222,0.5893004441628222,0.5893004441628222,0
5525,0.887918845137293,,0.5417207843980909,1
5526,0.756489590686164,,0.4941411246333596,1
5527,1.1083534108063893,,0.44656146486862824,1
5528,1.4775646511478522,,0.3989818051038969,1
5529,1.4381226586076916,,0.3514021453391656,1
5530,0.11155340239900444,,0.3038224855744343,1
5531,-0.6020310354164806,,0.256242825809703,1
5532,1.1983341959760612,,0.20866316604497165,1
5533,-0.43283252812762435,,0.16108350628024032,1
5534,-0.9192564647761508,,0.11350384651550899,1
5535,0.06592418675077771,0.06592418675077771,0.06592418675077771,0
5536,-1.4495164778009273,-1.4495164778009273,-1.4495164778009273,0
5537,-0.5058948121483628,,-1.2180794443076437,1
5538,-0.6084694864823996,,-0.9866424108143602,1
5539,2.3486835024683566,,-0.7552053773210767,1
5540,-0.23195001789484643,,-0.5237683438277931,1
5541,-0.42976099437135395,,-0.29233131033450954,1
5542,-0.6253840593767257,,-0.06089427684122617,1
5543,0.1699501537414813,,0.17054275665205743,1
5544,-0.011739844715416278,,0.401979790145341,1
5545,-0.7802333638328925,,0.6334168236386244,1
5546,-1.4721164282051142,,0.8648538571319082,1
5547,1.0962908906251918,1.0962908906251918,1.0962908906251918,0
5548,-0.2045544035388856,-0.2045544035388856,-0.2045544035388856,0
5549,0.10395028241218404,0.10395028241218404,0.10395028241218404,0
5550,0.11942411228037436,0.11942411228037436,0.11942411228037436,0
5551,0.45820196614105857,0.45820196614105857,0.45820196614105857,0
5552,1.9118240951123402,1.9118240951123402,1.9118240951123402,0
5553,-0.45685164153391117,-0.45685164153391117,-0.45685164153391117,0
5554,0.5372883404277059,0.5372883404277059,0.5372883404277059,0
5555,-0.2721663556347384,-0.2721663556347384,-0.2721663556347384,0
5556,0.36278758492902724,0.36278758492902724,0.36278758492902724,0
5557,0.852081367365678,0.852081367365678,0.852081367365678,0
5558,-2.0085196024322696,-2.0085196024322696,-2.0085196024322696,0
5559,0.23893780173067694,0.23893780173067694,0.23893780173067694,0
5560,0.5787954356184909,0.5787954356184909,0.5787954356184909,0
5561,2.0004510707563705,2.0004510707563705,2.0004510707563705,0
5562,-0.2740651228442215,,1.8723785778631796,1
5563,-0.4924076829774126,,1.7443060849699887,1
5564,0.7546271463741108,,1.6162335920767976,1
5565,-0.40268884221868295,,1.488161099183607,1
5566,-1.2347074408419478,,1.3600886062904158,1
5567,1.1212404827802303,,1.232016113397225,1
5568,-1.882145867174835,,1.103943620504034,1
5569,-1.110297913542934,,0.9758711276108432,1
5570,1.0325068075149246,,0.8477986347176523,1
5571,-1.6684811336238847,,0.7197261418244614,1
5572,0.5916536489312705,0.5916536489312705,0.5916536489312705,0
5573,-0.8902523606555782,-0.8902523606555782,-0.8902523606555782,0
5574,-1.2483810020034916,-1.2483810020034916,-1.2483810020034916,0
5575,0.7002714221740998,,-1.2449360877049995,1
5576,0.9383098222967867,,-1.2414911734065075,1
5577,1.5975160339129424,,-1.2380462591080155,1
5578,-2.2368118895464772,,-1.2346013448095234,1
5579,0.6662272092654192,,-1.2311564305110314,1
5580,1.5547622615967598,,-1.2277115162125396,1
5581,-2.317246321350558,,-1.2242666019140476,1
5582,-0.12479154941421022,,-1.2208216876155555,1
5583,0.1696899485656223,,-1.2173767733170635,1
5584,-0.5606445427289649,,-1.2139318590185715,1
5585,-1.2104869447200794,-1.2104869447200794,-1.2104869447200794,0
5586,1.5540801035620777,1.5540801035620777,1.5540801035620777,0
5587,0.8406295093239111,0.8406295093239111,0.8406295093239111,0
5588,-0.6702336601984358,-0.6702336601984358,-0.6702336601984358,0
5589,0.3737401331493324,0.3737401331493324,0.3737401331493324,0
5590,-0.6233590041108722,,0.4963147127861536,1
5591,-0.4370045922458021,,0.6188892924229747,1
5592,0.09322305625003038,,0.7414638720597958,1
5593,0.7319505454976564,,0.864038451696617,1
5594,-0.4868073106430501,,0.9866130313334381,1
5595,-0.8989026858016079,,1.1091876109702592,1
5596,-0.607700868394619,,1.2317621906070804,1
5597,-0.9861680809598098,,1.3543367702439015,1
5598,1.1613781971840813,,1.4769113498807227,1
5599,1.7700875636569953,,1.5994859295175439,1
5600,-1.1592770404773238,,1.722060509154365,1
5601,-1.2816335730860593,,1.844635088791186,1
5602,-0.10414369427476894,,1.9672096684280072,1
5603,-0.24948058572733076,,2.089784248064828,1
5604,0.913777355325736,,2.2123588277016495,1
5605,1.0050283766533334,,2.334933407338471,1
5606,-1.7418039156101217,,2.4575079869752914,1
5607,0.6946753178954411,,2.5800825666121128,1
5608,-0.7010819092563879,,2.702657146248934,1
5609,-0.4277662490125924,,2.8252317258857556,1
5610,2.9478063055225765,2.9478063055225765,2.9478063055225765,0
5611,-0.06220114301424551,-0.06220114301424551,-0.06220114301424551,0
5612,1.5715588832215268,1.5715588832215268,1.5715588832215268,0
5613,-0.4907368996075383,-0.4907368996075383,-0.4907368996075383,0
5614,-0.3935287120526976,-0.3935287120526976,-0.3935287120526976,0
5615,-1.7994965635821911,-1.7994965635821911,-1.7994965635821911,0
5616,-0.8436325276782929,-0.8436325276782929,-0.8436325276782929,0
5617,-0.5117565013719997,-0.5117565013719997,-0.5117565013719997,0
5618,-0.8925897995506382,-0.8925897995506382,-0.8925897995506382,0
5619,0.3742312374818568,0.3742312374818568,0.3742312374818568,0
5620,0.5943650156541133,0.5943650156541133,0.5943650156541133,0
5621,1.4619707713304002,1.4619707713304002,1.4619707713304002,0
5622,-0.3029979616913755,-0.3029979616913755,-0.3029979616913755,0
5623,0.07555345724493097,,-0.3030762409209611,1
5624,0.39601994042980687,,-0.3031545201505467,1
5625,0.3286908194339404,,-0.3032327993801323,1
5626,1.6916392114465395,,-0.3033110786097179,1
5627,0.8647272672087785,,-0.30338935783930354,1
5628,0.7820714168350765,,-0.30346763706888913,1
5629,0.40278485290902977,,-0.30354591629847477,1
5630,0.17496556274002403,,-0.30362419552806036,1
5631,0.5095741938488498,,-0.30370247475764595,1
5632,0.41817988153394187,,-0.3037807539872316,1
5633,-0.3038590332168172,-0.3038590332168172,-0.3038590332168172,0
5634,0.40451773268860397,0.40451773268860397,0.40451773268860397,0
5635,0.6364238117934112,0.6364238117934112,0.6364238117934112,0
5636,-0.7369243788295786,-0.7369243788295786,-0.7369243788295786,0
5637,-0.8640247674048042,,-0.6083867550507385,1
5638,-0.8843902553881319,,-0.47984913127189827,1
5639,-0.9180641126108083,,-0.35131150749305806,1
5640,1.2664450921641266,,-0.2227738837142179,1
5641,0.7187865718438528,,-0.09423625993537776,1
5642,0.1538771882563244,,0.034301363843462496,1
5643,0.7172869800872128,,0.16283898762230264,1
5644,-1.4902447667943512,,0.2913766114011428,1
5645,-1.608174851016692,,0.41991423517998305,1
5646,-1.498893587106931,,0.5484518589588231,1
5647,0.6769894827376634,0.6769894827376634,0.6769894827376634,0
5648,-1.5549810887064157,-1.5549810887064157,-1.5549810887064157,0
5649,0.029527985944365905,0.029527985944365905,0.029527985944365905,0
5650,0.5061006635661011,0.5061006635661011,0.5061006635661011,0
5651,0.8372571156512898,0.8372571156512898,0.8372571156512898,0
5652,0.5250193879696775,,0.7660764225678811,1
5653,0.8350674495595211,,0.6948957294844725,1
5654,-0.2783326611636562,,0.623715036401064,1
5655,-0.11189158239097355,,0.5525343433176553,1
5656,-0.6711845739451365,,0.48135365023424664,1
5657,-0.7119440983523039,,0.410172957150838,1
5658,-2.0233087981923314,,0.3389922640674294,1
5659,0.5084693591747319,,0.26781157098402075,1
5660,0.9613970688440594,,0.19663087790061207,1
5661,0.7212415890434722,,0.1254501848172035,1
5662,0.48487680777372005,,0.05426949173379492,1
5663,0.2988359534102867,,-0.01691120134961377,1
5664,0.5555881266890658,,-0.08809189443302246,1
5665,-0.6692594431187621,,-0.15927258751643103,1
5666,1.070043599662257,,-0.2304532805998396,1
5667,-0.04179925960316872,,-0.3016339736832483,1
5668,-0.46560159840627785,,-0.372814666766657,1
5669,0.27502884866754884,,-0.44399535985006566,1
5670,-0.31026488588316853,,-0.5151760529334741,1
5671,0.5316320550375194,,-0.5863567460168828,1
5672,-0.6575374391002916,-0.6575374391002916,-0.6575374391002916,0
5673,0.5654868038640649,0.5654868038640649,0.5654868038640649,0
5674,0.1634734442946401,0.1634734442946401,0.1634734442946401,0
5675,-0.3754619095344365,,0.2611597456721385,1
5676,-0.557634316243578,,0.35884604704963685,1
5677,-1.3242818826170413,,0.45653234842713525,1
5678,-0.09471385523463235,,0.5542186498046335,1
5679,1.2138172443893755,,0.651904951182132,1
5680,0.23155336291571027,,0.7495912525596304,1
5681,-0.18752893379954783,,0.8472775539371287,1
5682,0.20065203794478761,,0.9449638553146271,1
5683,-0.8718346188432351,,1.0426501566921254,1
5684,0.18509872469790345,,1.1403364580696238,1
5685,1.2380227594471223,1.2380227594471223,1.2380227594471223,0
5686,0.7756508409466154,0.7756508409466154,0.7756508409466154,0
5687,-0.8345410595497197,-0.8345410595497197,-0.8345410595497197,0
5688,0.5335955461240547,0.5335955461240547,0.5335955461240547,0
5689,-1.515673865923109,-1.515673865923109,-1.515673865923109,0
5690,0.33660710828776713,0.33660710828776713,0.33660710828776713,0
5691,1.74029559608009,1.74029559608009,1.74029559608009,0
5692,-0.0743842171745403,-0.0743842171745403,-0.0743842171745403,0
5693,-1.7314628656472648,-1.7314628656472648,-1.7314628656472648,0
5694,-0.4398082622781851,,-1.4938595970607935,1
5695,-0.34355824687293435,,-1.2562563284743222,1
5696,0.7636671417682336,,-1.018653059887851,1
5697,-0.5151596406026472,,-0.7810497913013796,1
5698,-0.5581310670970934,,-0.5434465227149083,1
5699,0.7473699504282673,,-0.30584325412843705,1
5700,-0.7314840537470677,,-0.06823998554196575,1
5701,1.9276057075772368,,0.16936328304450554,1
5702,-1.1924990003727305,,0.40696655163097684,1
5703,1.923133960572686,,0.6445698202174481,1
5704,0.8821730888039196,0.8821730888039196,0.8821730888039196,0
5705,-0.5022233495013213,-0.5022233495013213,-0.5022233495013213,0
5706,-2.540672886636843,-2.540672886636843,-2.540672886636843,0
5707,0.29429215011344284,0.29429215011344284,0.29429215011344284,0
5708,1.757031160358915,1.757031160358915,1.757031160358915,0
5709,1.8256648452842719,1.8256648452842719,1.8256648452842719,0
5710,1.6616902964191742,1.6616902964191742,1.6616902964191742,0
5711,0.015127365697706622,,1.5707935198547949,1
5712,-0.20360483586186018,,1.4798967432904153,1
5713,0.2776627639345158,,1.3889999667260358,1
5714,1.0342516114581726,,1.2981031901616564,1
5715,0.33041897097399286,,1.207206413597277,1
5716,1.7425489811146149,,1.1163096370328975,1
5717,3.746963469720556,,1.025412860468518,1
5718,0.8098549642874101,,0.9345160839041387,1
5719,0.13277079335449488,,0.8436193073397592,1
5720,0.3797106115890318,,0.7527225307753798,1
5721,0.6618257542110003,0.6618257542110003,0.6618257542110003,0
5722,0.27059456966572754,0.27059456966572754,0.27059456966572754,0
5723,0.05066407621130872,0.05066407621130872,0.05066407621130872,0
5724,0.4978943680397756,0.4978943680397756,0.4978943680397756,0
5725,0.048878082942229784,0.048878082942229784,0.048878082942229784,0
5726,0.5921314283964036,,0.12127397278433567,1
5727,0.319128754837914,,0.19366986262644156,1
5728,-1.1754574030149574,,0.26606575246854747,1
5729,1.348024431432816,,0.33846164231065334,1
5730,0.18570404042321864,,0.4108575321527592,1
5731,0.71386472487597,,0.48325342199486515,1
5732,1.5241404627205408,,0.555649311836971,1
5733,-0.4351454818133104,,0.628045201679077,1
5734,-0.5660425375206084,,0.7004410915211827,1
5735,0.16050668872663357,,0.7728369813632887,1
5736,0.8452328712053946,0.8452328712053946,0.8452328712053946,0
5737,-1.166268278938154,-1.166268278938154,-1.166268278938154,0
5738,-0.16483948475260587,-0.16483948475260587,-0.16483948475260587,0
5739,1.2787105690348723,,-0.29267794868010705,1
5740,1.2623792215300145,,-0.4205164126076082,1
5741,-0.25985253135900227,,-0.5483548765351094,1
5742,-0.35853705323565155,,-0.6761933404626106,1
5743,0.33791101472011825,,-0.8040318043901118,1
5744,-0.3229003926609134,,-0.9318702683176129,1
5745,1.0062602928908824,,-1.059708732245114,1
5746,0.056177454277127364,,-1.1875471961726152,1
5747,-1.307652369027604,,-1.3153856601001164,1
5748,-0.2596112168014139,,-1.4432241240276176,1
5749,-1.5710625879551186,-1.5710625879551186,-1.5710625879551186,0
5750,0.800679682304491,0.800679682304491,0.800679682304491,0
5751,-0.8881315778978749,-0.8881315778978749,-0.8881315778978749,0
5752,0.23372764496879714,0.23372764496879714,0.23372764496879714,0
5753,2.153044295608244,2.153044295608244,2.153044295608244,0
5754,-1.1974147786740859,-1.1974147786740859,-1.1974147786740859,0
5755,0.04679608258661731,0.04679608258661731,0.04679608258661731,0
5756,0.778619741433922,0.778619741433922,0.778619741433922,0
5757,-0.18532931562241306,-0.18532931562241306,-0.18532931562241306,0
5758,-0.4610429620248344,-0.4610429620248344,-0.4610429620248344,0
5759,-0.9244060125625176,-0.9244060125625176,-0.9244060125625176,0
5760,0.15252967711347667,0.15252967711347667,0.15252967711347667,0
5761,0.7676988525200239,,0.12360186700951914,1
5762,0.6874359474611624,,0.09467405690556162,1
5763,-0.6028831671687788,,0.0657462468016041,1
5764,1.1259026685478897,,0.03681843669764656,1
5765,-0.4913422864389487,,0.007890626593689026,1
5766,0.6750980281324378,,-0.02103718351026848,1
5767,-0.7282714297856586,,-0.049964993614226016,1
5768,-2.310930751889563,,-0.07889280371818355,1
5769,-1.193921206665648,,-0.10782061382214106,1
5770,0.2273150295502979,,-0.13674842392609862,1
5771,-0.1656762340300561,-0.1656762340300561,-0.1656762340300561,0
5772,0.24718304003365554,0.24718304003365554,0.24718304003365554,0
5773,1.3997600115684905,1.3997600115684905,1.3997600115684905,0
5774,1.0900780078885468,1.0900780078885468,1.0900780078885468,0
5775,-0.51507238277817,-0.51507238277817,-0.51507238277817,0
5776,0.06276242448076286,0.06276242448076286,0.06276242448076286,0
5777,-0.5965255307684736,-0.5965255307684736,-0.5965255307684736,0
5778,0.12939491787226037,0.12939491787226037,0.12939491787226037,0
5779,-0.513553625596466,-0.513553625596466,-0.513553625596466,0
5780,0.2741990490096089,0.2741990490096089,0.2741990490096089,0
5781,-1.7541952594020092,-1.7541952594020092,-1.7541952594020092,0
5782,0.44489594022899137,,-1.5357985375571515,1
5783,0.6091529073868388,,-1.3174018157122938,1
5784,-0.11273980274446042,,-1.099005093867436,1
5785,0.45494910079841105,,-0.8806083720225782,1
5786,-0.8799814872324888,,-0.6622116501777204,1
5787,-0.10613323352146342,,-0.44381492833286273,1
5788,-0.41736203110776204,,-0.22541820648800504,1
5789,-0.38045805675187777,,-0.0070214846431473354,1
5790,-0.5772541310062704,,0.21137523720171036,1
5791,0.17853852710327778,,0.4297719590465683,1
5792,0.6481686808914258,0.6481686808914258,0.6481686808914258,0
5793,0.5561252930467331,0.5561252930467331,0.5561252930467331,0
5794,0.06727296983403627,,0.4856847925211337,1
5795,-0.17585018064112795,,0.41524429199553436,1
5796,0.14143104494953754,,0.34480379146993495,1
5797,1.0396313925283718,,0.2743632909443356,1
5798,-0.18486122784063957,,0.20392279041873623,1
5799,-0.2255098053559754,,0.13348228989313682,1
5800,-0.3673339669476627,,0.06304178936753746,1
5801,-0.5021114536512299,,-0.007398711158061899,1
5802,0.3909854903085064,,-0.07783921168366126,1
5803,0.7667097228813355,,-0.14827971220926062,1
5804,-0.21872021273485995,-0.21872021273485995,-0.21872021273485995,0
5805,0.2213208221176308,0.2213208221176308,0.2213208221176308,0
5806,-0.4165957965412246,-0.4165957965412246,-0.4165957965412246,0
5807,-2.4090512892108578,-2.4090512892108578,-2.4090512892108578,0
5808,0.4722060860814707,0.4722060860814707,0.4722060860814707,0
5809,-0.3625992922631241,,0.35867165475760515,1
5810,-0.26342439512441307,,0.24513722343373964,1
5811,-0.6489875513274467,,0.13160279210987413,1
5812,-0.3425330050247988,,0.018068360786008597,1
5813,-1.436148518721931,,-0.09546607053785688,1
5814,-1.3777153385858483,,-0.20900050186172242,1
5815,-0.29813518402656647,,-0.32253493318558796,1
5816,0.7093508936885314,,-0.4360693645094535,1
5817,0.08760140737216889,,-0.5496037958333189,1
5818,-1.1423383388115618,,-0.6631382271571844,1
5819,-0.77667265848105,-0.77667265848105,-0.77667265848105,0
5820,0.6133326653175081,0.6133326653175081,0.6133326653175081,0
5821,-0.07210572833547357,-0.07210572833547357,-0.07210572833547357,0
5822,-0.2367880717393647,-0.2367880717393647,-0.2367880717393647,0
5823,-0.8602225550440272,-0.8602225550440272,-0.8602225550440272,0
5824,-0.2809626551575208,,-0.675936067289401,1
5825,-0.32789622419057785,,-0.49164957953477484,1
5826,0.8177827848587154,,-0.30736309178014865,1
5827,0.5312960541874643,,-0.12307660402552245,1
5828,0.09146304608810135,,0.06120988372910374,1
5829,-0.20409902020587722,,0.24549637148372994,1
5830,0.16955661702817038,,0.42978285923835613,1
5831,-0.3016541136494408,,0.6140693469929823,1
5832,-2.004818289467496,,0.7983558347476085,1
5833,-0.17997333579152683,,0.9826423225022347,1
5834,1.1669288102568611,1.1669288102568611,1.1669288102568611,0
5835,-1.3426869205288594,-1.3426869205288594,-1.3426869205288594,0
5836,0.03631849023731196,0.03631849023731196,0.03631849023731196,0
5837,-0.512387537863531,-0.512387537863531,-0.512387537863531,0
5838,-0.8364705027465472,-0.8364705027465472,-0.8364705027465472,0
5839,1.6747354988746557,1.6747354988746557,1.6747354988746557,0
5840,-0.044475178300439226,-0.044475178300439226,-0.044475178300439226,0
5841,-0.44747705511329006,-0.44747705511329006,-0.44747705511329006,0
5842,0.7180627398237794,0.7180627398237794,0.7180627398237794,0
5843,-0.9817302204027328,-0.9817302204027328,-0.9817302204027328,0
5844,0.22866528979080766,0.22866528979080766,0.22866528979080766,0
5845,-0.638029791144209,-0.638029791144209,-0.638029791144209,0
5846,1.3432729360015887,,-0.6524903559597224,1
5847,1.0047177715239184,,-0.6669509207752359,1
5848,0.255562615790201,,-0.6814114855907493,1
5849,0.7344492109008214,,-0.6958720504062627,1
5850,-0.003628964316937591,,-0.7103326152217762,1
5851,-0.4632142469141549,,-0.7247931800372895,1
5852,0.9521216118894711,,-0.7392537448528029,1
5853,1.1558695956615959,,-0.7537143096683164,1
5854,-0.08977065483947846,,-0.7681748744838298,1
5855,-0.570658462920994,,-0.7826354392993433,1
5856,-0.7970960041148567,-0.7970960041148567,-0.7970960041148567,0
5857,-0.1161867722992454,-0.1161867722992454,-0.1161867722992454,0
5858,0.8825800418212469,0.8825800418212469,0.8825800418212469,0
5859,0.33669857887743676,0.33669857887743676,0.33669857887743676,0
5860,-0.7855004427960942,-0.7855004427960942,-0.7855004427960942,0
5861,-0.8431797045347164,-0.8431797045347164,-0.8431797045347164,0
5862,-0.031186734908121388,-0.031186734908121388,-0.031186734908121388,0
5863,-0.7499316653123909,-0.7499316653123909,-0.7499316653123909,0
5864,-0.05993702403816496,-0.05993702403816496,-0.05993702403816496,0
5865,-1.3795752300205557,-1.3795752300205557,-1.3795752300205557,0
5866,0.09095089726548858,0.09095089726548858,0.09095089726548858,0
5867,0.6950199435042422,0.6950199435042422,0.6950199435042422,0
5868,-2.159566622579599,-2.159566622579599,-2.159566622579599,0
5869,-0.9767515096659476,-0.9767515096659476,-0.9767515096659476,0
5870,-0.558912160941231,-0.558912160941231,-0.558912160941231,0
5871,-1.135218810234539,-1.135218810234539,-1.135218810234539,0
5872,-0.4789767733852386,-0.4789767733852386,-0.4789767733852386,0
5873,0.47492336241362126,0.47492336241362126,0.47492336241362126,0
5874,-0.1830837536203231,-0.1830837536203231,-0.1830837536203231,0
5875,1.0995416331330015,1.0995416331330015,1.0995416331330015,0
5876,0.4152463466845662,0.4152463466845662,0.4152463466845662,0
5877,-2.8169113996251594,-2.8169113996251594,-2.8169113996251594,0
5878,-1.292839681076747,-1.292839681076747,-1.292839681076747,0
5879,-1.1756498782451446,-1.1756498782451446,-1.1756498782451446,0
5880,0.15685702670258303,0.15685702670258303,0.15685702670258303,0
5881,-0.0184044595727995,-0.0184044595727995,-0.0184044595727995,0
5882,0.6025485468814945,0.6025485468814945,0.6025485468814945,0
5883,-1.1629137552140825,-1.1629137552140825,-1.1629137552140825,0
5884,-0.27344278909450886,-0.27344278909450886,-0.27344278909450886,0
5885,-0.09495679085458365,-0.09495679085458365,-0.09495679085458365,0
5886,1.1442244972567974,1.1442244972567974,1.1442244972567974,0
5887,-0.09270824244871285,,0.8785214105433679,1
5888,0.2429062260156844,,0.6128183238299384,1
5889,-2.1000616709544464,,0.34711523711650893,1
5890,-0.01333964013835709,,0.08141215040307936,1
5891,3.0372332242505418,,-0.1842909363103502,1
5892,0.8671847428667531,,-0.44999402302377955,1
5893,-1.9421606536487144,,-0.7156971097372091,1
5894,0.7566937819957561,,-0.9814001964506387,1
5895,-0.8550277044282779,,-1.2471032831640683,1
5896,-0.6197070486982611,,-1.5128063698774978,1
5897,-1.7785094565909274,-1.7785094565909274,-1.7785094565909274,0
5898,0.6795084916500508,0.6795084916500508,0.6795084916500508,0
5899,0.684508130245008,0.684508130245008,0.684508130245008,0
5900,-0.33531543921959833,-0.33531543921959833,-0.33531543921959833,0
5901,0.9306511237072513,,-0.3038534655818448,1
5902,0.8664203844010222,,-0.2723914919440912,1
5903,-1.6327085489596407,,-0.24092951830633763,1
5904,1.0331346092989953,,-0.20946754466858405,1
5905,0.370022617153752,,-0.17800557103083048,1
5906,0.08770111676789816,,-0.14654359739307693,1
5907,-0.629806388906362,,-0.11508162375532335,1
5908,0.18622836750305904,,-0.08361965011756978,1
5909,-2.2479874307662566,,-0.05215767647981623,1
5910,-0.34131455064139204,,-0.020695702842062624,1
5911,0.010766270795690905,0.010766270795690905,0.010766270795690905,0
5912,0.6809620845991678,0.6809620845991678,0.6809620845991678,0
5913,1.0164392570204326,1.0164392570204326,1.0164392570204326,0
5914,0.5438807649494892,0.5438807649494892,0.5438807649494892,0
5915,1.4798499386736326,1.4798499386736326,1.4798499386736326,0
5916,-0.3550205047452201,-0.3550205047452201,-0.3550205047452201,0
5917,1.5375067267787557,1.5375067267787557,1.5375067267787557,0
5918,-0.7096061695407381,-0.7096061695407381,-0.7096061695407381,0
5919,-2.3147980915555215,-2.3147980915555215,-2.3147980915555215,0
5920,2.2036035599762616,2.2036035599762616,2.2036035599762616,0
5921,1.1831618708593068,1.1831618708593068,1.1831618708593068,0
5922,-0.6285119153844175,-0.6285119153844175,-0.6285119153844175,0
5923,0.9344882111876527,0.9344882111876527,0.9344882111876527,0
5924,-0.737420215568685,-0.737420215568685,-0.737420215568685,0
5925,-0.8951623826355029,,-0.8670117070590274,1
5926,-0.7601169106682057,,-0.9966031985493697,1
5927,0.4783593488422731,,-1.1261946900397122,1
5928,0.1380475124680701,,-1.2557861815300546,1
5929,1.2506515344079534,,-1.385377673020397,1
5930,1.6500032684523316,,-1.5149691645107395,1
5931,1.3948433919419707,,-1.6445606560010817,1
5932,0.3641393803163987,,-1.7741521474914244,1
5933,-1.1438778144199864,,-1.9037436389817666,1
5934,-0.11766740784382168,,-2.0333351304721092,1
5935,-2.1629266219624514,-2.1629266219624514,-2.1629266219624514,0
5936,0.3724683140686968,0.3724683140686968,0.3724683140686968,0
5937,0.36213982205317585,,0.36021091699880753,1
5938,0.14558132472211324,,0.34795351992891826,1
5939,0.16367807626534298,,0.33569612285902894,1
5940,-0.23258455876359915,,0.3234387257891397,1
5941,0.057328301618190615,,0.3111813287192504,1
5942,-0.21565832324521453,,0.29892393164936115,1
5943,-0.776393860242151,,0.2866665345794719,1
5944,-0.08114010388302717,,0.27440913750958257,1
5945,0.5331710583267422,,0.2621517404396933,1
5946,-1.2276759606175294,,0.24989434336980404,1
5947,0.23763694629991475,0.23763694629991475,0.23763694629991475,0
5948,1.015970715087861,1.015970715087861,1.015970715087861,0
5949,-0.9193763352515341,-0.9193763352515341,-0.9193763352515341,0
5950,-2.457262655853945,-2.457262655853945,-2.457262655853945,0
5951,-1.3446680117260286,-1.3446680117260286,-1.3446680117260286,0
5952,0.05744880154151427,0.05744880154151427,0.05744880154151427,0
5953,1.0927078131442205,1.0927078131442205,1.0927078131442205,0
5954,-0.2854904340877531,-0.2854904340877531,-0.2854904340877531,0
5955,1.979712233176267,1.979712233176267,1.979712233176267,0
5956,0.23766182538289346,0.23766182538289346,0.23766182538289346,0
5957,-0.03140982007115205,-0.03140982007115205,-0.03140982007115205,0
5958,-0.058513873110160125,-0.058513873110160125,-0.058513873110160125,0
5959,0.24198578682691838,0.24198578682691838,0.24198578682691838,0
5960,-0.4845885921505506,-0.4845885921505506,-0.4845885921505506,0
5961,0.03436491489032885,0.03436491489032885,0.03436491489032885,0
5962,0.27378401194993623,0.27378401194993623,0.27378401194993623,0
5963,-0.20011239175204992,-0.20011239175204992,-0.20011239175204992,0
5964,1.385161767882073,1.385161767882073,1.385161767882073,0
5965,-1.425717243258706,-1.425717243258706,-1.425717243258706,0
5966,0.602687697885584,,-1.227965107217788,1
5967,0.5253819842679558,,-1.0302129711768697,1
5968,-1.4077843766476854,,-0.8324608351359517,1
5969,-2.143859613124233,,-0.6347086990950336,1
5970,-0.7249013228701984,,-0.43695656305411545,1
5971,0.49904024973510824,,-0.23920442701319744,1
5972,-0.9053552002316498,,-0.041452290972279204,1
5973,0.8940996605494507,,0.1562998450686388,1
5974,0.1938172857418732,,0.3540519811095568,1
5975,-0.19371512109807232,,0.5518041171504751,1
5976,0.7495562531913931,0.7495562531913931,0.7495562531913931,0
5977,0.2774587535912435,0.2774587535912435,0.2774587535912435,0
5978,-1.0928591092269768,-1.0928591092269768,-1.0928591092269768,0
5979,-0.6248168159251279,-0.6248168159251279,-0.6248168159251279,0
5980,0.7528106521312627,0.7528106521312627,0.7528106521312627,0
5981,-0.8725112713918763,-0.8725112713918763,-0.8725112713918763,0
5982,0.9173497460891329,0.9173497460891329,0.9173497460891329,0
5983,-0.03356107358563248,,0.812663188712919,1
5984,0.12154850285211408,,0.7079766313367052,1
5985,-0.6721712552544772,,0.6032900739604914,1
5986,-1.7228972525517265,,0.4986035165842775,1
5987,0.1264368376596389,,0.3939169592080636,1
5988,-0.30413243912402976,,0.2892304018318498,1
5989,1.5689313140770467,,0.18454384445563599,1
5990,-0.07565664707443162,,0.07985728707942208,1
5991,2.487357875417317,,-0.024829270296791828,1
5992,0.8917437360682741,,-0.12951582767300573,1
5993,-0.23420238504921953,-0.23420238504921953,-0.23420238504921953,0
5994,1.9326531451566715,1.9326531451566715,1.9326531451566715,0
5995,-1.860350576822162,-1.860350576822162,-1.860350576822162,0
5996,-0.8334864667497626,-0.8334864667497626,-0.8334864667497626,0
5997,0.6416032905703393,0.6416032905703393,0.6416032905703393,0
5998,0.5712640323902959,0.5712640323902959,0.5712640323902959,0
5999,0.30766397806658585,0.30766397806658585,0.30766397806658585,0
6000,-0.09482163289238399,-0.09482163289238399,-0.09482163289238399,0
6001,0.6082298780476575,0.6082298780476575,0.6082298780476575,0
6002,1.786955397949805,1.786955397949805,1.786955397949805,0
6003,2.037179975017991,2.037179975017991,2.037179975017991,0
6004,-0.47931676399180506,-0.47931676399180506,-0.47931676399180506,0
6005,-0.8128207610412199,-0.8128207610412199,-0.8128207610412199,0
6006,-0.24945122474546777,-0.24945122474546777,-0.24945122474546777,0
6007,0.04968376957606406,,-0.2810489623139436,1
6008,-0.09723437387666062,,-0.31264669988241944,1
6009,0.2269227738107524,,-0.3442444374508953,1
6010,0.8751441587305656,,-0.3758421750193711,1
6011,0.43704273106900693,,-0.40743991258784695,1
6012,-0.6054789102545601,,-0.43903765015632285,1
6013,0.48784081531721524,,-0.4706353877247987,1
6014,-1.15745424556458,,-0.5022331252932746,1
6015,0.8905692718606375,,-0.5338308628617503,1
6016,-0.8793062755816279,,-0.5654286004302262,1
6017,-0.5970263379987021,-0.5970263379987021,-0.5970263379987021,0
6018,-1.3095993348011528,-1.3095993348011528,-1.3095993348011528,0
6019,-1.4464758741103887,-1.4464758741103887,-1.4464758741103887,0
6020,-1.1830547632836017,-1.1830547632836017,-1.1830547632836017,0
6021,-0.261123296636619,-0.261123296636619,-0.261123296636619,0
6022,-1.0486630869063942,-1.0486630869063942,-1.0486630869063942,0
6023,-0.07185061941913788,-0.07185061941913788,-0.07185061941913788,0
6024,1.8351801113743893,1.8351801113743893,1.8351801113743893,0
6025,0.05514491652816993,0.05514491652816993,0.05514491652816993,0
6026,-0.3641520364975256,-0.3641520364975256,-0.3641520364975256,0
6027,-0.6874287542496179,-0.6874287542496179,-0.6874287542496179,0
6028,1.1856882566630977,1.1856882566630977,1.1856882566630977,0
6029,0.5113512411322878,0.5113512411322878,0.5113512411322878,0
6030,-1.0646329224564786,-1.0646329224564786,-1.0646329224564786,0
6031,0.6194531968280854,,-0.9601403141620017,1
6032,0.5994858602092775,,-0.8556477058675249,1
6033,1.0471266393651675,,-0.7511550975730481,1
6034,0.047838491635716025,,-0.6466624892785713,1
6035,-0.05864827238097124,,-0.5421698809840944,1
6036,0.12327812773899509,,-0.43767727268961754,1
6037,-1.4130756619733253,,-0.3331846643951407,1
6038,-0.5472377756218723,,-0.2286920561006639,1
6039,-0.8256424073209491,,-0.12419944780618708,1
6040,0.38423757210414355,,-0.01970683951171015,1
6041,0.08478576878276667,0.08478576878276667,0.08478576878276667,0
6042,-0.6846915677164329,-0.6846915677164329,-0.6846915677164329,0
6043,0.9255188935686264,,-0.6758818040844011,1
6044,1.180463392339203,,-0.6670720404523695,1
6045,-0.9534602143070791,,-0.6582622768203377,1
6046,0.6280502936486377,,-0.649452513188306,1
6047,0.13674461766808074,,-0.6406427495562742,1
6048,-1.032819041784781,,-0.6318329859242425,1
6049,-0.39651911510474636,,-0.6230232222922107,1
6050,1.7979970095460927,,-0.6142134586601791,1
6051,2.759606904272314,,-0.6054036950281473,1
6052,-0.9534452102669293,,-0.5965939313961155,1
6053,-0.5877841677640838,-0.5877841677640838,-0.5877841677640838,0
6054,2.4059729140171173,2.4059729140171173,2.4059729140171173,0
6055,-1.7718988732357104,-1.7718988732357104,-1.7718988732357104,0
6056,1.4011021684561031,1.4011021684561031,1.4011021684561031,0
6057,1.859569655429125,1.859569655429125,1.859569655429125,0
6058,0.05449326748782627,0.05449326748782627,0.05449326748782627,0
6059,0.34534477771389965,0.34534477771389965,0.34534477771389965,0
6060,0.4568256227312609,0.4568256227312609,0.4568256227312609,0
6061,0.9589122763571504,0.9589122763571504,0.9589122763571504,0
6062,-1.0153869599148122,-1.0153869599148122,-1.0153869599148122,0
6063,0.5304438716483536,0.5304438716483536,0.5304438716483536,0
6064,-0.1403107701419989,-0.1403107701419989,-0.1403107701419989,0
6065,0.7183161527959296,0.7183161527959296,0.7183161527959296,0
6066,2.8627646829073394,2.8627646829073394,2.8627646829073394,0
6067,0.18986468507782833,,2.6556939613889337,1
6068,0.028253782215467493,,2.4486232398705274,1
6069,-1.3376983390180244,,2.2415525183521217,1
6070,1.715419805998199,,2.034481796833716,1
6071,0.1877033553468475,,1.8274110753153099,1
6072,0.38485358524390334,,1.6203403537969039,1
6073,-0.7527095690440662,,1.4132696322784981,1
6074,0.3954979172111306,,1.2061989107600921,1
6075,-1.0249585660251321,,0.9991281892416861,1
6076,-0.9903477563654169,,0.7920574677232803,1
6077,-0.939090644319196,,0.5849867462048746,1
6078,-0.6077710811912177,,0.37791602468646834,1
6079,-1.3957431962379396,,0.17084530316806257,1
6080,0.8147956527202346,,-0.03622541835034321,1
6081,-0.5523271515499579,,-0.24329613986874943,1
6082,0.36990071372768724,,-0.4503668613871552,1
6083,-1.303551631410132,,-0.657437582905561,1
6084,1.4368482549097459,,-0.8645083044239672,1
6085,-1.5160381141324943,,-1.071579025942373,1
6086,-1.508576347602803,,-1.2786497474607788,1
6087,-1.4857204689791847,-1.4857204689791847,-1.4857204689791847,0
6088,0.23312053897846283,0.23312053897846283,0.23312053897846283,0
6089,-0.8629882688605303,-0.8629882688605303,-0.8629882688605303,0
6090,0.8729432670064446,0.8729432670064446,0.8729432670064446,0
6091,1.0925150306909102,1.0925150306909102,1.0925150306909102,0
6092,-1.7736860267325327,-1.7736860267325327,-1.7736860267325327,0
6093,-1.1088813359463097,-1.1088813359463097,-1.1088813359463097,0
6094,-1.0789852186320077,-1.0789852186320077,-1.0789852186320077,0
6095,0.4384789354962163,0.4384789354962163,0.4384789354962163,0
6096,-0.2627051551263377,-0.2627051551263377,-0.2627051551263377,0
6097,0.2561453340945247,0.2561453340945247,0.2561453340945247,0
6098,-0.6658299166373981,-0.6658299166373981,-0.6658299166373981,0
6099,0.021666884666630137,0.021666884666630137,0.021666884666630137,0
6100,1.2352306390259127,1.2352306390259127,1.2352306390259127,0
6101,-0.4396566168165194,-0.4396566168165194,-0.4396566168165194,0
6102,-0.6772983763708061,-0.6772983763708061,-0.6772983763708061,0
6103,-1.412435333011439,-1.412435333011439,-1.412435333011439,0
6104,0.456393673857622,0.456393673857622,0.456393673857622,0
6105,-0.45595787986468184,-0.45595787986468184,-0.45595787986468184,0
6106,0.7439763479598481,0.7439763479598481,0.7439763479598481,0
6107,-0.881459781087833,-0.881459781087833,-0.881459781087833,0
6108,-0.18569475269495392,-0.18569475269495392,-0.18569475269495392,0
6109,-1.1802416602187829,-1.1802416602187829,-1.1802416602187829,0
6110,-0.12303302694414955,-0.12303302694414955,-0.12303302694414955,0
6111,-1.8280284907741566,-1.8280284907741566,-1.8280284907741566,0
6112,0.2839643817153848,0.2839643817153848,0.2839643817153848,0
6113,0.06776034818681347,0.06776034818681347,0.06776034818681347,0
6114,-0.3798728626589762,-0.3798728626589762,-0.3798728626589762,0
6115,-0.06557945708156153,-0.06557945708156153,-0.06557945708156153,0
6116,-2.429097970462837,-2.429097970462837,-2.429097970462837,0
6117,2.224376532376269,2.224376532376269,2.224376532376269,0
6118,0.31805648009319454,0.31805648009319454,0.31805648009319454,0
6119,1.0248573430189452,1.0248573430189452,1.0248573430189452,0
6120,-1.5131179105852444,-1.5131179105852444,-1.5131179105852444,0
6121,-0.40479747875587896,-0.40479747875587896,-0.40479747875587896,0
6122,-0.9661967810764694,-0.9661967810764694,-0.9661967810764694,0
6123,-1.5586724764932387,-1.5586724764932387,-1.5586724764932387,0
6124,-0.3350710531224887,,-1.2925645814984115,1
6125,-0.3709759312989537,,-1.0264566865035842,1
6126,0.07695424582846076,,-0.7603487915087568,1
6127,0.7482693539989691,,-0.49424089651392955,1
6128,1.1118528124099643,,-0.22813300151910232,1
6129,0.22285021614979691,,0.037974893475725136,1
6130,-1.6528647412775244,,0.30408278847055237,1
6131,0.6596284213401848,,0.5701906834653796,1
6132,1.9021731472981926,,0.836298578460207,1
6133,-0.036584767220536205,,1.102406473455034,1
6134,1.3685143684498615,1.3685143684498615,1.3685143684498615,0
6135,-1.5129927389649245,-1.5129927389649245,-1.5129927389649245,0
6136,-0.392235184341594,-0.392235184341594,-0.392235184341594,0
6137,-1.4075270657484582,-1.4075270657484582,-1.4075270657484582,0
6138,0.000821874750100193,0.000821874750100193,0.000821874750100193,0
6139,0.7134591370874068,0.7134591370874068,0.7134591370874068,0
6140,-1.7181616174394105,-1.7181616174394105,-1.7181616174394105,0
6141,-0.8554862514993348,-0.8554862514993348,-0.8554862514993348,0
6142,0.21697321552618762,0.21697321552618762,0.21697321552618762,0
6143,-1.4552367618893336,-1.4552367618893336,-1.4552367618893336,0
6144,0.7499308844237003,0.7499308844237003,0.7499308844237003,0
6145,-0.3812502901583007,,0.7585310660917356,1
6146,-0.4882432560420893,,0.767131247759771,1
6147,-0.45807217510871007,,0.7757314294278064,1
6148,-0.09923595141885376,,0.7843316110958418,1
6149,0.6166802823233734,,0.7929317927638772,1
6150,0.8556431568564814,,0.8015319744319126,1
6151,1.3169222460132073,,0.8101321560999479,1
6152,-0.32800866397407397,,0.8187323377679834,1
6153,-0.25445271678421,,0.8273325194360187,1
6154,1.471576642265611,,0.835932701104054,1
6155,0.8445328827720895,0.8445328827720895,0.8445328827720895,0
6156,0.7790166593763638,0.7790166593763638,0.7790166593763638,0
6157,0.3628469026666553,0.3628469026666553,0.3628469026666553,0
6158,0.5198103644206391,0.5198103644206391,0.5198103644206391,0
6159,0.4158097059941628,0.4158097059941628,0.4158097059941628,0
6160,0.7926215344356877,0.7926215344356877,0.7926215344356877,0
6161,-1.105389545691607,-1.105389545691607,-1.105389545691607,0
6162,-1.2429832793286277,-1.2429832793286277,-1.2429832793286277,0
6163,0.03416607265677952,0.03416607265677952,0.03416607265677952,0
6164,-1.3657723123037988,-1.3657723123037988,-1.3657723123037988,0
6165,-0.06348912479729976,,-1.2934544602600455,1
6166,0.01289966488099402,,-1.2211366082162922,1
6167,-1.8748469429421928,,-1.148818756172539,1
6168,-0.994335025691173,,-1.0765009041287856,1
6169,-0.13773399386085503,,-1.0041830520850323,1
6170,0.807722395413263,,-0.931865200041279,1
6171,-0.3929202228186622,,-0.8595473479975257,1
6172,0.44305982831728896,,-0.7872294959537725,1
6173,-0.1966281404559662,,-0.7149116439100192,1
6174,-0.5831762169003083,,-0.6425937918662659,1
6175,-0.5702759398225126,-0.5702759398225126,-0.5702759398225126,0
6176,0.02000217696732825,0.02000217696732825,0.02000217696732825,0
6177,0.4252586598457317,0.4252586598457317,0.4252586598457317,0
6178,2.4812137304248636,2.4812137304248636,2.4812137304248636,0
6179,0.826235651065561,,2.352725580523764,1
6180,0.8092046562249041,,2.2242374306226647,1
6181,0.9154268361727826,,2.095749280721565,1
6182,0.41592937482587244,,1.967261130820466,1
6183,-1.1034720255324035,,1.8387729809193665,1
6184,1.0047429963992154,,1.7102848310182672,1
6185,-0.7414930411715188,,1.5817966811171678,1
6186,-0.6862450908071265,,1.4533085312160683,1
6187,0.8678145402612996,,1.3248203813149688,1
6188,0.16190731543700781,,1.1963322314138694,1
6189,0.7545739921973443,,1.06784408151277,1
6190,1.064131500923323,,0.9393559316116706,1
6191,-0.845134328147432,,0.8108677817105712,1
6192,-1.1037609303428615,,0.6823796318094719,1
6193,-1.2060573736521347,,0.5538914819083725,1
6194,0.7381685832617625,,0.425403332007273,1
6195,0.06799015970960315,,0.2969151821061735,1
6196,-0.12822162028041093,,0.16842703220507405,1
6197,-0.951583039352971,,0.03993888230397458,1
6198,0.6823135267066635,,-0.08854926759712489,1
6199,-0.21703741749822422,-0.21703741749822422,-0.21703741749822422,0
6200,0.8657771840937009,0.8657771840937009,0.8657771840937009,0
6201,0.33520164942236863,0.33520164942236863,0.33520164942236863,0
6202,-1.2066144313585274,-1.2066144313585274,-1.2066144313585274,0
6203,-0.2238088284563338,,-1.0388417111783974,1
6204,-0.20915490925034558,,-0.8710689909982674,1
6205,-0.8899220068107161,,-0.7032962708181375,1
6206,-1.837512849057397,,-0.5355235506380075,1
6207,0.6500829722694198,,-0.3677508304578775,1
6208,-0.9441974314141895,,-0.1999781102777476,1
6209,0.5942156051616526,,-0.03220539009761758,1
6210,-1.4160293718170198,,0.13556733008251243,1
6211,-0.5804497289416453,,0.30334005026264244,1
6212,0.09605939660752118,,0.47111277044277244,1
6213,0.6388854906229022,0.6388854906229022,0.6388854906229022,0
6214,1.1818252022528888,1.1818252022528888,1.1818252022528888,0
6215,-1.7479246392780956,-1.7479246392780956,-1.7479246392780956,0
6216,1.7569376038016733,1.7569376038016733,1.7569376038016733,0
6217,-0.7681731910206353,-0.7681731910206353,-0.7681731910206353,0
6218,1.1755635248028726,1.1755635248028726,1.1755635248028726,0
6219,0.5335308510284741,0.5335308510284741,0.5335308510284741,0
6220,0.8987852531625471,0.8987852531625471,0.8987852531625471,0
6221,-0.008446513243509552,-0.008446513243509552,-0.008446513243509552,0
6222,1.0124089450816678,1.0124089450816678,1.0124089450816678,0
6223,-0.5600684299157328,-0.5600684299157328,-0.5600684299157328,0
6224,0.1981380570406769,0.1981380570406769,0.1981380570406769,0
6225,1.5191218624316842,1.5191218624316842,1.5191218624316842,0
6226,-0.8939467273549037,-0.8939467273549037,-0.8939467273549037,0
6227,-0.6416895889217168,-0.6416895889217168,-0.6416895889217168,0
6228,0.7380867110888139,0.7380867110888139,0.7380867110888139,0
6229,1.33899602775004,1.33899602775004,1.33899602775004,0
6230,0.2699415272932909,0.2699415272932909,0.2699415272932909,0
6231,-0.19635576386912798,-0.19635576386912798,-0.19635576386912798,0
6232,-1.7886773653801091,-1.7886773653801091,-1.7886773653801091,0
6233,-0.2834422952892915,-0.2834422952892915,-0.2834422952892915,0
6234,-0.4072555748335479,-0.4072555748335479,-0.4072555748335479,0
6235,1.7129093677235108,1.7129093677235108,1.7129093677235108,0
6236,-0.9969045120930471,,1.6966596335321382,1
6237,-0.9686702507640145,,1.6804098993407657,1
6238,-1.8943676751523375,,1.664160165149393,1
6239,2.603646936322834,,1.6479104309580204,1
6240,1.026147205461941,,1.6316606967666478,1
6241,1.47136186019149,,1.6154109625752753,1
6242,0.36864863307062046,,1.5991612283839027,1
6243,-0.797527772388533,,1.5829114941925302,1
6244,0.059089604700777475,,1.5666617600011574,1
6245,1.2806579788894974,,1.5504120258097849,1
6246,1.5341622916184123,1.5341622916184123,1.5341622916184123,0
6247,0.026114370294549834,0.026114370294549834,0.026114370294549834,0
6248,0.2068678595786722,0.2068678595786722,0.2068678595786722,0
6249,0.40308014412413534,0.40308014412413534,0.40308014412413534,0
6250,-0.6171557512791079,-0.6171557512791079,-0.6171557512791079,0
6251,-1.7209735980112755,-1.7209735980112755,-1.7209735980112755,0
6252,-1.5867181627285036,-1.5867181627285036,-1.5867181627285036,0
6253,-0.9668279505422805,-0.9668279505422805,-0.9668279505422805,0
6254,-0.6446914904675262,-0.6446914904675262,-0.6446914904675262,0
6255,0.3385567145747471,0.3385567145747471,0.3385567145747471,0
6256,0.6224210999040912,0.6224210999040912,0.6224210999040912,0
6257,0.4827576137872201,0.4827576137872201,0.4827576137872201,0
6258,-1.9795795868252424,-1.9795795868252424,-1.9795795868252424,0
6259,0.10564854689630192,0.10564854689630192,0.10564854689630192,0
6260,0.48383516912402624,0.48383516912402624,0.48383516912402624,0
6261,0.03743297560344252,0.03743297560344252,0.03743297560344252,0
6262,0.7974622722913108,0.7974622722913108,0.7974622722913108,0
6263,-0.7709850278556452,-0.7709850278556452,-0.7709850278556452,0
6264,-1.1570185260373729,-1.1570185260373729,-1.1570185260373729,0
6265,-1.5899494932959413,-1.5899494932959413,-1.5899494932959413,0
6266,-0.3116176945068501,-0.3116176945068501,-0.3116176945068501,0
6267,-1.2154147848139218,-1.2154147848139218,-1.2154147848139218,0
6268,0.5945882412313427,0.5945882412313427,0.5945882412313427,0
6269,-0.018118315456464962,-0.018118315456464962,-0.018118315456464962,0
6270,0.15853537688884556,0.15853537688884556,0.15853537688884556,0
6271,-0.04804358631827329,-0.04804358631827329,-0.04804358631827329,0
6272,-0.3865429203445565,-0.3865429203445565,-0.3865429203445565,0
6273,-0.7509959460362273,-0.7509959460362273,-0.7509959460362273,0
6274,-1.5538860648965709,-1.5538860648965709,-1.5538860648965709,0
6275,-0.1917071025358102,,-1.4047693159307602,1
6276,0.04695192200403988,,-1.2556525669649492,1
6277,0.22407037620416756,,-1.1065358179991385,1
6278,0.8911880832131663,,-0.9574190690333277,1
6279,-0.13021477874116483,,-0.808302320067517,1
6280,0.48749477006206476,,-0.6591855711017062,1
6281,0.44653236403742774,,-0.5100688221358953,1
6282,0.041227328022420476,,-0.3609520731700846,1
6283,0.8005794718427888,,-0.21183532420427387,1
6284,0.7880664586613534,,-0.06271857523846314,1
6285,0.08639817372734777,0.08639817372734777,0.08639817372734777,0
6286,1.6060826338193357,1.6060826338193357,1.6060826338193357,0
6287,1.1666019338656355,1.1666019338656355,1.1666019338656355,0
6288,-1.5974864235232182,-1.5974864235232182,-1.5974864235232182,0
6289,-0.29626041623620375,-0.29626041623620375,-0.29626041623620375,0
6290,1.45660680433726,1.45660680433726,1.45660680433726,0
6291,0.45911651527324004,0.45911651527324004,0.45911651527324004,0
6292,1.492468792075564,1.492468792075564,1.492468792075564,0
6293,-1.0902142353973432,-1.0902142353973432,-1.0902142353973432,0
6294,1.2120158778420453,1.2120158778420453,1.2120158778420453,0
6295,-0.1049074801758991,-0.1049074801758991,-0.1049074801758991,0
6296,-0.49515169414619153,-0.49515169414619153,-0.49515169414619153,0
6297,1.3480949205856054,1.3480949205856054,1.3480949205856054,0
6298,0.6017193254852896,0.6017193254852896,0.6017193254852896,0
6299,-0.9447784303971761,-0.9447784303971761,-0.9447784303971761,0
6300,-0.703526221608047,-0.703526221608047,-0.703526221608047,0
6301,-0.07165270618876816,-0.07165270618876816,-0.07165270618876816,0
6302,2.2639777735558715,2.2639777735558715,2.2639777735558715,0
6303,0.2921467429773713,0.2921467429773713,0.2921467429773713,0
6304,-0.6340154011150904,,0.33498270640503974,1
6305,-0.9214893019775694,,0.3778186698327082,1
6306,1.1264421949418666,,0.42065463326037655,1
6307,0.33199039560438776,,0.46349059668804504,1
6308,1.2536325407550855,,0.5063265601157134,1
6309,1.0702592566518645,,0.5491625235433819,1
6310,0.1572280692065517,,0.5919984869710503,1
6311,-0.4040288685985303,,0.6348344503987187,1
6312,1.2202446469488741,,0.6776704138263872,1
6313,0.4735168967788851,,0.7205063772540556,1
6314,0.763342340681724,0.763342340681724,0.763342340681724,0
6315,-0.9625328559948805,-0.9625328559948805,-0.9625328559948805,0
6316,-0.2754502118223014,-0.2754502118223014,-0.2754502118223014,0
6317,0.777185451743646,0.777185451743646,0.777185451743646,0
6318,1.4230357612812068,1.4230357612812068,1.4230357612812068,0
6319,0.28194684260104796,0.28194684260104796,0.28194684260104796,0
6320,0.5706820163684283,0.5706820163684283,0.5706820163684283,0
6321,0.6193493371384313,,0.6232704152824721,1
6322,0.4877740543883367,,0.6758588141965158,1
6323,0.2876133098072028,,0.7284472131105595,1
6324,-2.603870377772115,,0.7810356120246034,1
6325,0.9183319888887904,,0.833624010938647,1
6326,-0.25677762539905935,,0.8862124098526908,1
6327,0.8587454222425792,,0.9388008087667346,1
6328,-1.4843913909051412,,0.9913892076807783,1
6329,-0.48474258124931613,,1.043977606594822,1
6330,-1.3145824164525395,,1.096566005508866,1
6331,-0.06424883850289777,,1.1491544044229096,1
6332,-0.16691105095031056,,1.2017428033369533,1
6333,0.7706965589530331,,1.254331202250997,1
6334,0.19210314933709213,,1.3069196011650408,1
6335,-0.09635460762513728,,1.3595080000790847,1
6336,-3.160877592011699,,1.4120963989931283,1
6337,1.5041954823740862,,1.464684797907172,1
6338,-0.5354541598832208,,1.5172731968212159,1
6339,0.5726104435131691,,1.5698615957352597,1
6340,-0.5083632111566374,,1.6224499946493034,1
6341,1.675038393563347,1.675038393563347,1.675038393563347,0
6342,-1.3559854542766134,-1.3559854542766134,-1.3559854542766134,0
6343,1.0337453387618014,1.0337453387618014,1.0337453387618014,0
6344,0.39070584351045035,0.39070584351045035,0.39070584351045035,0
6345,-0.17223176549708513,-0.17223176549708513,-0.17223176549708513,0
6346,-0.3011356835825539,-0.3011356835825539,-0.3011356835825539,0
6347,-0.13997182391672436,-0.13997182391672436,-0.13997182391672436,0
6348,-0.33512146508415563,-0.33512146508415563,-0.33512146508415563,0
6349,0.12925854832037115,0.12925854832037115,0.12925854832037115,0
6350,-1.7168615965641878,-1.7168615965641878,-1.7168615965641878,0
6351,0.17057483796381293,0.17057483796381293,0.17057483796381293,0
6352,-0.3515513376180925,-0.3515513376180925,-0.3515513376180925,0
6353,-0.15897907305171777,-0.15897907305171777,-0.15897907305171777,0
6354,0.3260070600120291,0.3260070600120291,0.3260070600120291,0
6355,-0.5626303551258278,-0.5626303551258278,-0.5626303551258278,0
6356,0.01869411889433542,0.01869411889433542,0.01869411889433542,0
6357,0.5304178336416981,0.5304178336416981,0.5304178336416981,0
6358,-0.4088798555648125,-0.4088798555648125,-0.4088798555648125,0
6359,-1.166119371582847,-1.166119371582847,-1.166119371582847,0
6360,-1.8519694450890671,-1.8519694450890671,-1.8519694450890671,0
6361,-1.0417027796426275,-1.0417027796426275,-1.0417027796426275,0
6362,-0.5921923351834139,-0.5921923351834139,-0.5921923351834139,0
6363,1.7134177173117568,1.7134177173117568,1.7134177173117568,0
6364,0.05521232115208208,0.05521232115208208,0.05521232115208208,0
6365,2.128058843338679,2.128058843338679,2.128058843338679,0
6366,-0.6731911503664373,-0.6731911503664373,-0.6731911503664373,0
6367,-0.11591056746398257,-0.11591056746398257,-0.11591056746398257,0
6368,1.2755604566592413,1.2755604566592413,1.2755604566592413,0
6369,-1.661503212995078,-1.661503212995078,-1.661503212995078,0
6370,-1.8828295684243714,-1.8828295684243714,-1.8828295684243714,0
6371,0.4779679846710547,0.4779679846710547,0.4779679846710547,0
6372,0.61218441224894,0.61218441224894,0.61218441224894,0
6373,1.211775205145207,1.211775205145207,1.211775205145207,0
6374,-0.7061825687472748,-0.7061825687472748,-0.7061825687472748,0
6375,0.5994081576126773,,-0.4891974858108955,1
6376,0.3125304864319723,,-0.27221240287451615,1
6377,-0.23759839401776228,,-0.05522731993813679,1
6378,0.13745343118795958,,0.16175776299824252,1
6379,-0.6054292608840369,,0.37874284593462193,1
6380,-0.49562882085862425,,0.5957279288710012,1
6381,-0.7949163660077997,,0.8127130118073805,1
6382,-1.1494883092648356,,1.0296980947437597,1
6383,1.7618321115105595,,1.246683177680139,1
6384,0.7805778465081075,,1.4636682606165188,1
6385,1.6806533435528979,1.6806533435528979,1.6806533435528979,0
6386,1.8318723023374015,1.8318723023374015,1.8318723023374015,0
6387,-0.737015613329511,-0.737015613329511,-0.737015613329511,0
6388,-0.02853385050572807,-0.02853385050572807,-0.02853385050572807,0
6389,0.6115864049822852,0.6115864049822852,0.6115864049822852,0
6390,-1.344770711449801,-1.344770711449801,-1.344770711449801,0
6391,-0.5561438689192005,-0.5561438689192005,-0.5561438689192005,0
6392,-0.44634133829703115,,-0.5200660905054608,1
6393,-0.74604947058201,,-0.483988312091721,1
6394,0.2925209934172102,,-0.4479105336779812,1
6395,-0.20140874930130348,,-0.41183275526424146,1
6396,-0.24147987454338693,,-0.3757549768505017,1
6397,-0.6205078362857291,,-0.3396771984367619,1
6398,0.7525836006730032,,-0.30359942002302215,1
6399,-1.5165003686508454,,-0.2675216416092824,1
6400,-0.6090164923045893,,-0.2314438631955426,1
6401,-0.740254091789246,,-0.19536608478180284,1
6402,-0.15928830636806307,-0.15928830636806307,-0.15928830636806307,0
6403,-1.3483776802136263,-1.3483776802136263,-1.3483776802136263,0
6404,-0.8300402014543091,-0.8300402014543091,-0.8300402014543091,0
6405,0.026385447953030394,0.026385447953030394,0.026385447953030394,0
6406,0.0653415296124414,0.0653415296124414,0.0653415296124414,0
6407,1.52978771028789,1.52978771028789,1.52978771028789,0
6408,-0.0842601068958048,-0.0842601068958048,-0.0842601068958048,0
6409,-1.7314713753540607,-1.7314713753540607,-1.7314713753540607,0
6410,1.2117082921530131,,-1.4816319126646083,1
6411,0.9201127631934525,,-1.2317924499751558,1
6412,0.2112987057344863,,-0.9819529872857031,1
6413,0.6647192128560218,,-0.7321135245962507,1
6414,-0.28990459676578434,,-0.4822740619067982,1
6415,-1.2827464516714908,,-0.23243459921734555,1
6416,2.394229821084966,,0.017404863472106902,1
6417,-0.5056325327729134,,0.26724432616155935,1
6418,1.0509909751656314,,0.517083788851012,1
6419,-0.24247370190278245,,0.7669232515404643,1
6420,1.0167627142299172,1.0167627142299172,1.0167627142299172,0
6421,-0.09199133187091249,-0.09199133187091249,-0.09199133187091249,0
6422,0.31097170003998864,0.31097170003998864,0.31097170003998864,0
6423,0.49839710540930465,0.49839710540930465,0.49839710540930465,0
6424,0.4274273575718072,0.4274273575718072,0.4274273575718072,0
6425,0.9842004766693117,0.9842004766693117,0.9842004766693117,0
6426,-0.1804159835434207,-0.1804159835434207,-0.1804159835434207,0
6427,0.41041373759709443,0.41041373759709443,0.41041373759709443,0
6428,-0.09909264381697036,-0.09909264381697036,-0.09909264381697036,0
6429,0.5065181891514894,0.5065181891514894,0.5065181891514894,0
6430,-1.5363702801780792,-1.5363702801780792,-1.5363702801780792,0
6431,-2.0287386652626567,-2.0287386652626567,-2.0287386652626567,0
6432,-0.26993785050528774,,-1.815597667444057,1
6433,-0.25256487165146185,,-1.6024566696254574,1
6434,-0.39459900723223973,,-1.3893156718068576,1
6435,0.8263974574903676,,-1.176174673988258,1
6436,0.1726920206769661,,-0.9630336761696583,1
6437,0.0481690359655951,,-0.7498926783510584,1
6438,-1.4572858877290025,,-0.5367516805324588,1
6439,-0.10912230840416805,,-0.3236106827138592,1
6440,-0.26448487636678003,,-0.11046968489525955,1
6441,0.9853079246196708,,0.10267131292334009,1
6442,0.3158123107419398,0.3158123107419398,0.3158123107419398,0
6443,0.39864906563271635,0.39864906563271635,0.39864906563271635,0
6444,0.7175197996578414,0.7175197996578414,0.7175197996578414,0
6445,1.235673034294475,1.235673034294475,1.235673034294475,0
6446,0.7782383282226952,0.7782383282226952,0.7782383282226952,0
6447,-0.6695768513732875,,0.6986592851073488,1
6448,-0.767849488064147,,0.6190802419920024,1
6449,-1.4074432599442557,,0.5395011988766559,1
6450,0.00717465709220517,,0.4599221557613095,1
6451,-0.493269193130156,,0.3803431126459631,1
6452,1.4662986124893753,,0.30076406953061663,1
6453,0.7580373786732684,,0.22118502641527027,1
6454,1.1706004536413313,,0.1416059832999238,1
6455,0.29941734192765906,,0.06202694018457733,1
6456,-0.08369033262294501,,-0.01755210293076903,1
6457,-0.09713114604611556,-0.09713114604611556,-0.09713114604611556,0
6458,-0.6651509216823956,-0.6651509216823956,-0.6651509216823956,0
6459,-0.694340947002324,-0.694340947002324,-0.694340947002324,0
6460,0.2389941755377838,0.2389941755377838,0.2389941755377838,0
6461,-0.5875487365074228,-0.5875487365074228,-0.5875487365074228,0
6462,-1.636049203034409,-1.636049203034409,-1.636049203034409,0
6463,-0.3942139865174445,-0.3942139865174445,-0.3942139865174445,0
6464,0.4163693571253505,0.4163693571253505,0.4163693571253505,0
6465,-1.4870091455010546,-1.4870091455010546,-1.4870091455010546,0
6466,0.9476965497156147,0.9476965497156147,0.9476965497156147,0
6467,-0.7162624719146565,-0.7162624719146565,-0.7162624719146565,0
6468,-0.25375743168548237,-0.25375743168548237,-0.25375743168548237,0
6469,-0.05767476740912931,-0.05767476740912931,-0.05767476740912931,0
6470,0.8324101317711865,0.8324101317711865,0.8324101317711865,0
6471,1.516217420431884,1.516217420431884,1.516217420431884,0
6472,-1.675558048651498,-1.675558048651498,-1.675558048651498,0
6473,0.735113823254158,0.735113823254158,0.735113823254158,0
6474,-0.5457294830469054,-0.5457294830469054,-0.5457294830469054,0
6475,1.3419936534617891,1.3419936534617891,1.3419936534617891,0
6476,-0.251385882386298,-0.251385882386298,-0.251385882386298,0
6477,-1.462386730345919,-1.462386730345919,-1.462386730345919,0
6478,-1.255820843840184,-1.255820843840184,-1.255820843840184,0
6479,0.09119451849366468,0.09119451849366468,0.09119451849366468,0
6480,-0.5601348977381863,-0.5601348977381863,-0.5601348977381863,0
6481,-0.5728000701289999,-0.5728000701289999,-0.5728000701289999,0
6482,-1.1399314765532635,-1.1399314765532635,-1.1399314765532635,0
6483,1.590272634832052,1.590272634832052,1.590272634832052,0
6484,0.0690559843860725,0.0690559843860725,0.0690559843860725,0
6485,1.2587827110427687,1.2587827110427687,1.2587827110427687,0
6486,0.30487660928674587,0.30487660928674587,0.30487660928674587,0
6487,0.35049560453974327,0.35049560453974327,0.35049560453974327,0
6488,-0.62292381716144,-0.62292381716144,-0.62292381716144,0
6489,0.8221646390522944,0.8221646390522944,0.8221646390522944,0
6490,-1.3893576682145516,-1.3893576682145516,-1.3893576682145516,0
6491,-0.4141731076578913,-0.4141731076578913,-0.4141731076578913,0
6492,-0.8484043207038334,-0.8484043207038334,-0.8484043207038334,0
6493,-2.0882592855401234,-2.0882592855401234,-2.0882592855401234,0
6494,0.53865326789384,0.53865326789384,0.53865326789384,0
6495,-1.5797198680311675,-1.5797198680311675,-1.5797198680311675,0
6496,1.4036372150044019,1.4036372150044019,1.4036372150044019,0
6497,-0.6923971166823731,-0.6923971166823731,-0.6923971166823731,0
6498,0.494717504903541,0.494717504903541,0.494717504903541,0
6499,-0.14033620720450457,-0.14033620720450457,-0.14033620720450457,0
6500,-0.1597119169101206,-0.1597119169101206,-0.1597119169101206,0
6501,0.6977370810293971,0.6977370810293971,0.6977370810293971,0
6502,0.9087681845830321,,0.7763040984835001,1
6503,1.1427010649605276,,0.8548711159376031,1
6504,0.9108778328803651,,0.9334381333917061,1
6505,0.3701489149184512,,1.012005150845809,1
6506,0.20542607360129653,,1.090572168299912,1
6507,1.7558295248331093,,1.1691391857540152,1
6508,-2.695519070906556,,1.247706203208118,1
6509,-0.027311486196052795,,1.326273220662221,1
6510,-1.426901681377782,,1.404840238116324,1
6511,-0.3010555370190025,,1.4834072555704272,1
6512,1.56197427302453,1.56197427302453,1.56197427302453,0
6513,0.4538126871410848,0.4538126871410848,0.4538126871410848,0
6514,-0.48389009935680355,-0.48389009935680355,-0.48389009935680355,0
6515,1.2076948190101322,1.2076948190101322,1.2076948190101322,0
6516,1.1887194112660942,1.1887194112660942,1.1887194112660942,0
6517,-0.05525082279428982,-0.05525082279428982,-0.05525082279428982,0
6518,-0.18073430935535192,-0.18073430935535192,-0.18073430935535192,0
6519,0.6161639257664089,0.6161639257664089,0.6161639257664089,0
6520,-0.49896529221329095,,0.5190674007272279,1
6521,-0.7195314717109804,,0.4219708756880469,1
6522,0.1181088938464261,,0.324874350648866,1
6523,0.3069998706059515,,0.22777782560968501,1
6524,0.31642066320547885,,0.13068130057050403,1
6525,-0.22065014990317572,,0.03358477553132311,1
6526,0.4658593297153578,,-0.06351174950785787,1
6527,0.36817056383820757,,-0.16060827454703885,1
6528,-0.8848915552939348,,-0.25770479958621983,1
6529,0.3084502617478735,,-0.3548013246254008,1
6530,-0.4518978496645817,-0.4518978496645817,-0.4518978496645817,0
6531,-0.07131119025890448,-0.07131119025890448,-0.07131119025890448,0
6532,0.793204093281776,0.793204093281776,0.793204093281776,0
6533,-1.1286381594661972,-1.1286381594661972,-1.1286381594661972,0
6534,0.6351865835475432,0.6351865835475432,0.6351865835475432,0
6535,-0.10318455077850809,-0.10318455077850809,-0.10318455077850809,0
6536,0.3499490485119789,0.3499490485119789,0.3499490485119789,0
6537,0.09505571755699534,0.09505571755699534,0.09505571755699534,0
6538,-0.8422220555640113,-0.8422220555640113,-0.8422220555640113,0
6539,-0.5109076482150918,-0.5109076482150918,-0.5109076482150918,0
6540,0.9515526908438033,0.9515526908438033,0.9515526908438033,0
6541,-1.528853536442689,-1.528853536442689,-1.528853536442689,0
6542,-0.5945626456599403,-0.5945626456599403,-0.5945626456599403,0
6543,0.8397628961046664,,-0.4729908724442566,1
6544,1.0848847602893839,,-0.35141909922857284,1
6545,0.8116906396498147,,-0.22984732601288904,1
6546,0.9205911687119641,,-0.1082755527972053,1
6547,-0.5732747007402629,,0.013296220418478444,1
6548,-2.576507022684183,,0.13486799363416224,1
6549,0.9956008049785323,,0.25643976684984593,1
6550,-1.547109939322785,,0.3780115400655297,1
6551,-0.03031438038733999,,0.4995833132812134,1
6552,-0.005800658682175839,,0.6211550864968972,1
6553,0.742726859712581,0.742726859712581,0.742726859712581,0
6554,-0.5525062978444408,-0.5525062978444408,-0.5525062978444408,0
6555,1.3992397066066822,1.3992397066066822,1.3992397066066822,0
6556,0.49815614780413336,0.49815614780413336,0.49815614780413336,0
6557,-0.27381718902530694,-0.27381718902530694,-0.27381718902530694,0
6558,-1.0236016803916996,-1.0236016803916996,-1.0236016803916996,0
6559,0.5165835524584044,0.5165835524584044,0.5165835524584044,0
6560,-1.5376176288419348,-1.5376176288419348,-1.5376176288419348,0
6561,0.21657418498868486,0.21657418498868486,0.21657418498868486,0
6562,0.002570829831969141,0.002570829831969141,0.002570829831969141,0
6563,0.16241182508135663,,0.09782543730542524,1
6564,-0.04626316009580447,,0.19308004477888133,1
6565,-1.8256480492476825,,0.28833465225233745,1
6566,-0.21857424253687635,,0.38358925972579355,1
6567,0.5410733158332515,,0.47884386719924965,1
6568,0.6540713620232955,,0.5740984746727057,1
6569,0.1620395163051964,,0.6693530821461617,1
6570,1.5430216160574868,,0.7646076896196179,1
6571,-0.45983026452134373,,0.859862297093074,1
6572,1.053539631418223,,0.9551169045665301,1
6573,1.0503715120399861,1.0503715120399861,1.0503715120399861,0
6574,1.7604172061722774,1.7604172061722774,1.7604172061722774,0
6575,0.9700119418126028,0.9700119418126028,0.9700119418126028,0
6576,1.1860627787439615,1.1860627787439615,1.1860627787439615,0
6577,-0.2187012378847586,-0.2187012378847586,-0.2187012378847586,0
6578,-0.8983159453894515,-0.8983159453894515,-0.8983159453894515,0
6579,-2.8665668671018323,-2.8665668671018323,-2.8665668671018323,0
6580,-0.2910846072993172,-0.2910846072993172,-0.2910846072993172,0
6581,0.6956677642819233,,-0.22041684487303617,1
6582,0.35792968967707883,,-0.14974908244675517,1
6583,1.5843658968816037,,-0.07908132002047416,1
6584,-0.1413745907657263,,-0.008413557594193155,1
6585,0.7800478448531106,,0.06225420483208788,1
6586,0.3400386392940855,,0.13292196725836886,1
6587,0.5885094505830226,,0.20358972968464983,1
6588,0.11971002952794155,,0.27425749211093087,1
6589,-0.44475833491729344,,0.3449252545372119,1
6590,0.19932319540076457,,0.41559301696349293,1
6591,0.25951071639573453,,0.48626077938977386,1
6592,0.44096134819055477,,0.5569285418160549,1
6593,0.889306025475367,,0.6275963042423359,1
6594,0.03110150285603308,,0.6982640666686168,1
6595,0.3499093711930623,,0.7689318290948979,1
6596,-0.07831387217925682,,0.8395995915211789,1
6597,-0.36647925681165056,,0.91026735394746,1
6598,-1.030685936327562,,0.980935116373741,1
6599,1.6994876367307734,,1.051602878800022,1
6600,-0.6607277628258048,,1.122270641226303,1
6601,1.1929384036525839,1.1929384036525839,1.1929384036525839,0
6602,-1.2590628516929678,-1.2590628516929678,-1.2590628516929678,0
6603,-2.112157818045825,-2.112157818045825,-2.112157818045825,0
6604,0.911673665768432,0.911673665768432,0.911673665768432,0
6605,-2.131766954413671,-2.131766954413671,-2.131766954413671,0
6606,0.6401366742836565,,-1.9719029910858783,1
6607,0.36885152555149203,,-1.8120390277580856,1
6608,-0.38335166564057027,,-1.6521750644302928,1
6609,-0.11595458179762887,,-1.4923111011025,1
6610,-1.4756994561907784,,-1.3324471377747074,1
6611,-0.009799455482055528,,-1.1725831744469144,1
6612,-0.24440460836518024,,-1.0127192111191217,1
6613,0.981681698758968,,-0.8528552477913289,1
6614,1.7105664664097708,,-0.6929912844635362,1
6615,0.13283214023460155,,-0.5331273211357435,1
6616,-0.37326335780795056,-0.37326335780795056,-0.37326335780795056,0
6617,0.45902303093073293,0.45902303093073293,0.45902303093073293,0
6618,-0.976375362033764,-0.976375362033764,-0.976375362033764,0
6619,-0.5385505678366436,-0.5385505678366436,-0.5385505678366436,0
6620,-1.654071193697954,-1.654071193697954,-1.654071193697954,0
6621,0.993670374864976,0.993670374864976,0.993670374864976,0
6622,0.723677585912628,0.723677585912628,0.723677585912628,0
6623,0.2717769055636517,0.2717769055636517,0.2717769055636517,0
6624,0.4991172028667429,0.4991172028667429,0.4991172028667429,0
6625,-1.3376986071117458,-1.3376986071117458,-1.3376986071117458,0
6626,-1.7795209271861654,-1.7795209271861654,-1.7795209271861654,0
6627,0.9028191993889895,0.9028191993889895,0.9028191993889895,0
6628,-0.19504173355292403,-0.19504173355292403,-0.19504173355292403,0
6629,-0.7263225728381626,-0.7263225728381626,-0.7263225728381626,0
6630,-0.700115811943409,-0.700115811943409,-0.700115811943409,0
6631,1.4295719226212211,1.4295719226212211,1.4295719226212211,0
6632,-0.9766345842453551,-0.9766345842453551,-0.9766345842453551,0
6633,1.1315645723498013,1.1315645723498013,1.1315645723498013,0
6634,0.9800858217507571,0.9800858217507571,0.9800858217507571,0
6635,1.5673435665384854,1.5673435665384854,1.5673435665384854,0
6636,-0.8153812304078981,-0.8153812304078981,-0.8153812304078981,0
6637,-0.3461800589084181,-0.3461800589084181,-0.3461800589084181,0
6638,1.4488423317065333,1.4488423317065333,1.4488423317065333,0
6639,-1.3853312250252106,-1.3853312250252106,-1.3853312250252106,0
6640,-0.15704968831727018,-0.15704968831727018,-0.15704968831727018,0
6641,1.1810468732614725,1.1810468732614725,1.1810468732614725,0
6642,-1.6048628684365307,-1.6048628684365307,-1.6048628684365307,0
6643,0.45222769304995136,0.45222769304995136,0.45222769304995136,0
6644,0.41989868196938107,0.41989868196938107,0.41989868196938107,0
6645,-0.006665372289932534,-0.006665372289932534,-0.006665372289932534,0
6646,-0.03753516645391736,-0.03753516645391736,-0.03753516645391736,0
6647,-1.4421283606315378,-1.4421283606315378,-1.4421283606315378,0
6648,-0.2775964784888241,-0.2775964784888241,-0.2775964784888241,0
6649,-0.4403818918569604,-0.4403818918569604,-0.4403818918569604,0
6650,-1.321411685275952,-1.321411685275952,-1.321411685275952,0
6651,-0.7778907050947336,-0.7778907050947336,-0.7778907050947336,0
6652,1.7324132678281183,,-0.6475355054265917,1
6653,1.945867496734491,,-0.5171803057584499,1
6654,-0.4937418704335771,,-0.38682510609030796,1
6655,1.2563020825134845,,-0.25646990642216605,1
6656,-0.09979051415529562,,-0.12611470675402414,1
6657,0.5787379288860305,,0.004240492914117655,1
6658,-0.5713940636372931,,0.13459569258225956,1
6659,0.08989719747684094,,0.26495089225040147,1
6660,1.6631448210929416,,0.39530609191854327,1
6661,-0.7709962293473324,,0.5256612915866853,1
6662,0.6560164912548271,0.6560164912548271,0.6560164912548271,0
6663,-0.18897324105487667,-0.18897324105487667,-0.18897324105487667,0
6664,-0.1189489013059281,-0.1189489013059281,-0.1189489013059281,0
6665,0.3107631050191873,,-0.0909594616232354,1
6666,0.23752504067187036,,-0.06297002194054271,1
6667,-0.13474531942360604,,-0.034980582257850015,1
6668,2.210466640647614,,-0.006991142575157316,1
6669,1.1323014230215505,,0.020998297107535382,1
6670,-0.07523230761642184,,0.04898773679022807,1
6671,-1.2421536676305187,,0.07697717647292078,1
6672,0.5820162429451456,,0.10496661615561347,1
6673,0.14045383526506658,,0.13295605583830616,1
6674,1.3807495620334784,,0.16094549552099885,1
6675,0.18893493520369156,0.18893493520369156,0.18893493520369156,0
6676,0.23808730988192378,0.23808730988192378,0.23808730988192378,0
6677,-0.8797774538199812,-0.8797774538199812,-0.8797774538199812,0
6678,0.7321149930120595,0.7321149930120595,0.7321149930120595,0
6679,2.6147880062174824,2.6147880062174824,2.6147880062174824,0
6680,-0.09857832112974481,-0.09857832112974481,-0.09857832112974481,0
6681,-0.9099471580313272,-0.9099471580313272,-0.9099471580313272,0
6682,0.3580133809241337,,-0.7102100871640968,1
6683,0.4032825049126716,,-0.5104730162968666,1
6684,0.28201592608042225,,-0.31073594542963634,1
6685,-0.8566551528858335,,-0.11099887456240598,1
6686,1.9818454900957598,,0.08873819630482438,1
6687,-0.8784801402327052,,0.2884752671720545,1
6688,2.143931131635974,,0.4882123380392849,1
6689,-0.1570302849443324,,0.6879494089065152,1
6690,-0.4987605878262944,,0.8876864797737456,1
6691,1.5524377519712387,,1.087423550640976,1
6692,1.2871606215082059,1.2871606215082059,1.2871606215082059,0
6693,-0.2743171772251496,-0.2743171772251496,-0.2743171772251496,0
6694,-0.390279263578481,-0.390279263578481,-0.390279263578481,0
6695,1.3905607808077307,1.3905607808077307,1.3905607808077307,0
6696,-0.2093156431214333,-0.2093156431214333,-0.2093156431214333,0
6697,0.6000454878950584,0.6000454878950584,0.6000454878950584,0
6698,1.4916446397463854,1.4916446397463854,1.4916446397463854,0
6699,-0.5806367173193522,-0.5806367173193522,-0.5806367173193522,0
6700,-0.7075279380997321,,-0.5974432414947296,1
6701,-0.4082139231854804,,-0.614249765670107,1
6702,-0.9705417279974501,,-0.6310562898454846,1
6703,2.1506637785649603,,-0.647862814020862,1
6704,0.6272272454732593,,-0.6646693381962394,1
6705,-0.16887933056332163,,-0.6814758623716168,1
6706,1.2817045595232126,,-0.6982823865469943,1
6707,-0.43110477090521915,,-0.7150889107223717,1
6708,1.0178784249877233,,-0.7318954348977492,1
6709,0.5631394791442426,,-0.7487019590731266,1
6710,-0.2233408668282371,,-0.7655084832485041,1
6711,0.09216462198995996,,-0.7823150074238815,1
6712,-0.26217536994067564,,-0.799121531599259,1
6713,-0.44434156220430404,,-0.8159280557746365,1
6714,0.5259924684374377,,-0.8327345799500139,1
6715,-1.287076917337254,,-0.8495411041253913,1
6716,-1.141174253310631,,-0.8663476283007687,1
6717,0.7117073488644585,,-0.8831541524761461,1
6718,0.040348032366828275,,-0.8999606766515236,1
6719,-0.9651999967017753,,-0.9167672008269011,1
6720,-0.9335737250022785,-0.9335737250022785,-0.9335737250022785,0
6721,-2.039908269221763,-2.039908269221763,-2.039908269221763,0
6722,-1.536031388150409,-1.536031388150409,-1.536031388150409,0
6723,0.5807870506744912,0.5807870506744912,0.5807870506744912,0
6724,0.2983188676954634,0.2983188676954634,0.2983188676954634,0
6725,0.02888261950391713,0.02888261950391713,0.02888261950391713,0
6726,0.7668085166492018,,0.17483442559743323,1
6727,0.7305358810641189,,0.32078623169094933,1
6728,-0.13888939930524688,,0.46673803778446543,1
6729,-0.7839626090657632,,0.6126898438779815,1
6730,-0.9293253619588209,,0.7586416499714976,1
6731,-1.5311705582087545,,0.9045934560650137,1
6732,-0.39459078079487253,,1.0505452621585298,1
6733,0.15151498458725768,,1.196497068252046,1
6734,-1.2164047280163501,,1.342448874345562,1
6735,0.32491310050444483,,1.4884006804390781,1
6736,1.6343524865325942,1.6343524865325942,1.6343524865325942,0
6737,2.6549939266271427,2.6549939266271427,2.6549939266271427,0
6738,-0.1315599164257431,-0.1315599164257431,-0.1315599164257431,0
6739,-1.620680527747333,,-0.04786686968951537,1
6740,-1.3028913741961983,,0.03582617704671237,1
6741,-1.0771062368062534,,0.11951922378294011,1
6742,1.040129062587752,,0.20321227051916785,1
6743,1.7840106111652168,,0.2869053172553956,1
6744,0.08769113782733086,,0.3705983639916233,1
6745,1.1894194627469585,,0.454291410727851,1
6746,-0.36509235812992574,,0.5379844574640789,1
6747,1.4566297713270593,,0.6216775042003067,1
6748,-0.15940706679095937,,0.7053705509365342,1
6749,0.789063597672762,0.789063597672762,0.789063597672762,0
6750,-0.21129606602448003,-0.21129606602448003,-0.21129606602448003,0
6751,0.6534839696403325,0.6534839696403325,0.6534839696403325,0
6752,1.0135828043612602,1.0135828043612602,1.0135828043612602,0
6753,0.08638697264838785,0.08638697264838785,0.08638697264838785,0
6754,-0.9221758376085226,-0.9221758376085226,-0.9221758376085226,0
6755,0.8957155006471964,0.8957155006471964,0.8957155006471964,0
6756,-0.049292258128931586,-0.049292258128931586,-0.049292258128931586,0
6757,0.43093473404846816,0.43093473404846816,0.43093473404846816,0
6758,-0.1463978277191338,-0.1463978277191338,-0.1463978277191338,0
6759,-0.2843631134355189,-0.2843631134355189,-0.2843631134355189,0
6760,2.2429706210756692,2.2429706210756692,2.2429706210756692,0
6761,0.6012569210684504,0.6012569210684504,0.6012569210684504,0
6762,0.6722492719484116,0.6722492719484116,0.6722492719484116,0
6763,1.282472847095198,1.282472847095198,1.282472847095198,0
6764,1.8402018219955314,,1.1845781837586737,1
6765,2.125884948817446,,1.0866835204221494,1
6766,-0.3263267266541947,,0.9887888570856251,1
6767,-0.21585728845547647,,0.8908941937491008,1
6768,0.8615143922511476,,0.7929995304125765,1
6769,-0.9669239839069551,,0.6951048670760523,1
6770,-0.3469405207480004,,0.597210203739528,1
6771,0.7566878536982647,,0.49931554040300374,1
6772,-1.5431764097269394,,0.40142087706647944,1
6773,-1.341819855966513,,0.30352621372995514,1
6774,0.2056315503934309,0.2056315503934309,0.2056315503934309,0
6775,-0.6855182152977306,-0.6855182152977306,-0.6855182152977306,0
6776,1.3707163858498386,1.3707163858498386,1.3707163858498386,0
6777,1.088031983491525,1.088031983491525,1.088031983491525,0
6778,1.564353435776029,1.564353435776029,1.564353435776029,0
6779,0.15596805318312876,0.15596805318312876,0.15596805318312876,0
6780,0.9995981211557657,0.9995981211557657,0.9995981211557657,0
6781,0.4366996870101618,0.4366996870101618,0.4366996870101618,0
6782,-2.2763733009651643,-2.2763733009651643,-2.2763733009651643,0
6783,1.2367755465666288,1.2367755465666288,1.2367755465666288,0
6784,-0.37862653355276193,-0.37862653355276193,-0.37862653355276193,0
6785,-1.0670848336346836,-1.0670848336346836,-1.0670848336346836,0
6786,0.731607330228917,0.731607330228917,0.731607330228917,0
6787,-1.0485219118311584,,0.6743006247066619,1
6788,-1.235623536139993,,0.6169939191844066,1
6789,1.303668232333503,,0.5596872136621515,1
6790,2.1081438399222785,,0.5023805081398962,1
6791,0.7132964514090254,,0.44507380261764107,1
6792,-2.339867168464396,,0.3877670970953859,1
6793,2.89474528285254,,0.33046039157313073,1
6794,-0.8001325305280599,,0.27315368605087553,1
6795,1.87732367189606,,0.2158469805286204,1
6796,-1.2559381123889126,,0.15854027500636514,1
6797,0.10123356948411001,0.10123356948411001,0.10123356948411001,0
6798,0.5636997278905875,0.5636997278905875,0.5636997278905875,0
6799,0.2024108195282192,0.2024108195282192,0.2024108195282192,0
6800,-0.5011417034918088,-0.5011417034918088,-0.5011417034918088,0
6801,1.4494584682038774,1.4494584682038774,1.4494584682038774,0
6802,0.8432315035035509,0.8432315035035509,0.8432315035035509,0
6803,0.43328877831676826,,0.8463967609198385,1
6804,0.28226926876650466,,0.8495620183361261,1
6805,0.745392279244495,,0.8527272757524137,1
6806,-0.8052212716415478,,0.8558925331687013,1
6807,-0.9723730026468441,,0.8590577905849889,1
6808,-0.7661999934567835,,0.8622230480012764,1
6809,0.33126346478972,,0.865388305417564,1
6810,1.381219569755096,,0.8685535628338515,1
6811,-1.7627849941573293,,0.8717188202501391,1
6812,0.2513475591952073,,0.8748840776664267,1
6813,0.8780493350827143,0.8780493350827143,0.8780493350827143,0
6814,-0.45084649707427965,,0.7528537681912986,1
6815,-0.26879890462244344,,0.6276582012998828,1
6816,0.633094575246107,,0.5024626344084671,1
6817,-0.9427827109409067,,0.3772670675170513,1
6818,0.21893344403215872,,0.25207150062563555,1
6819,0.36247386900481904,,0.1268759337342198,1
6820,-0.3168624997679842,,0.0016803668428040375,1
6821,-0.8200635305990697,,-0.12351520004861172,1
6822,-0.6461093810556275,,-0.24871076694002747,1
6823,0.09155265399636021,,-0.3739063338314432,1
6824,-0.4991019007228591,-0.4991019007228591,-0.4991019007228591,0
6825,-0.8946028152973509,-0.8946028152973509,-0.8946028152973509,0
6826,-2.52888039503336,-2.52888039503336,-2.52888039503336,0
6827,2.6685124316478688,2.6685124316478688,2.6685124316478688,0
6828,2.2003977497576925,2.2003977497576925,2.2003977497576925,0
6829,1.7571573943842216,1.7571573943842216,1.7571573943842216,0
6830,0.1521388501666692,0.1521388501666692,0.1521388501666692,0
6831,0.02943410418086853,0.02943410418086853,0.02943410418086853,0
6832,0.879048885710614,0.879048885710614,0.879048885710614,0
6833,-1.2434772531696379,-1.2434772531696379,-1.2434772531696379,0
6834,0.44148329083897625,0.44148329083897625,0.44148329083897625,0
6835,-0.412756378961965,-0.412756378961965,-0.412756378961965,0
6836,0.28463064218969275,0.28463064218969275,0.28463064218969275,0
6837,1.1180387101020286,1.1180387101020286,1.1180387101020286,0
6838,-0.4187308715107167,-0.4187308715107167,-0.4187308715107167,0
6839,0.4537106492767612,0.4537106492767612,0.4537106492767612,0
6840,1.9295263103862088,1.9295263103862088,1.9295263103862088,0
6841,-0.3758510182367353,-0.3758510182367353,-0.3758510182367353,0
6842,0.2124593440831552,,-0.3192458026799642,1
6843,0.20903845565195747,,-0.26264058712319316,1
6844,-1.673081005804042,,-0.20603537156642204,1
6845,-1.1335690711109951,,-0.14943015600965098,1
6846,0.4775109188274365,,-0.09282494045287992,1
6847,-0.2803598759970439,,-0.03621972489610881,1
6848,-1.1115282976512535,,0.020385490660662253,1
6849,1.161144528172726,,0.07699070621743331,1
6850,-2.129491659401907,,0.13359592177420443,1
6851,-0.5980241845815324,,0.19020113733097543,1
6852,0.2468063528877465,0.2468063528877465,0.2468063528877465,0
6853,0.932235739028886,0.932235739028886,0.932235739028886,0
6854,-1.0925385860010621,,0.8566847150321042,1
6855,-1.0770720037633477,,0.7811336910353224,1
6856,0.18841210885446896,,0.7055826670385407,1
6857,0.029846957840354366,,0.6300316430417588,1
6858,0.5514339139068634,,0.554480619044977,1
6859,0.5855853864002574,,0.47892959504819527,1
6860,0.13373147127645116,,0.4033785710514135,1
6861,-0.3898346918868652,,0.3278275470546317,1
6862,-0.03841775951022601,,0.25227652305784987,1
6863,-0.16474371484984374,,0.17672549906106805,1
6864,0.10117447506428637,0.10117447506428637,0.10117447506428637,0
6865,-0.6798036648273502,-0.6798036648273502,-0.6798036648273502,0
6866,0.42069522925759695,0.42069522925759695,0.42069522925759695,0
6867,2.499837899847366,2.499837899847366,2.499837899847366,0
6868,-0.5217016214320271,,2.408686324469423,1
6869,-0.25483731747739186,,2.317534749091481,1
6870,1.272047581258778,,2.2263831737135384,1
6871,-1.682683166470744,,2.1352315983355963,1
6872,0.48588942120600964,,2.0440800229576537,1
6873,-0.5629650227715303,,1.9529284475797113,1
6874,0.5445579040255066,,1.861776872201769,1
6875,-0.54318232392822,,1.7706252968238265,1
6876,-1.061188153754681,,1.6794737214458841,1
6877,1.143100752178378,,1.5883221460679418,1
6878,0.7298578570977379,,1.4971705706899994,1
6879,0.9931633368631828,,1.4060189953120568,1
6880,-0.026016774714304407,,1.3148674199341144,1
6881,-0.4879784852784591,,1.223715844556172,1
6882,1.3660374143462493,,1.1325642691782296,1
6883,0.7306123540824205,,1.0414126938002872,1
6884,-0.8406186617495706,,0.9502611184223448,1
6885,1.3883112630965453,,0.8591095430444025,1
6886,3.0002367906937657,,0.7679579676664601,1
6887,-1.506710798978517,,0.6768063922885177,1
6888,0.5856548169105751,0.5856548169105751,0.5856548169105751,0
6889,-2.2498266652156746,-2.2498266652156746,-2.2498266652156746,0
6890,-0.9768066664810183,,-2.0355671051218374,1
6891,-0.6878430297147525,,-1.8213075450279999,1
6892,0.2311128697257158,,-1.6070479849341623,1
6893,0.4396179216418292,,-1.392788424840325,1
6894,-0.5626272169536576,,-1.1785288647464878,1
6895,2.8437527333297874,,-0.9642693046526503,1
6896,-0.37534326875002605,,-0.7500097445588128,1
6897,0.0491758541205393,,-0.5357501844649755,1
6898,-0.49586527048658385,,-0.3214906243711382,1
6899,0.504095731893993,,-0.10723106427730089,1
6900,0.10702849581653691,0.10702849581653691,0.10702849581653691,0
6901,-1.1010607286707532,-1.1010607286707532,-1.1010607286707532,0
6902,-0.31124427745353966,,-1.025659683432373,1
6903,-0.13435952982751662,,-0.9502586381939926,1
6904,0.64542102894991,,-0.8748575929556124,1
6905,-1.195034256864452,,-0.799456547717232,1
6906,-0.9584876089835859,,-0.7240555024788518,1
6907,-0.26978666627354536,,-0.6486544572404714,1
6908,0.3247380445174554,,-0.5732534120020911,1
6909,-0.2253912346059,,-0.4978523667637108,1
6910,-1.0879200543161347,,-0.4224513215253305,1
6911,-0.8655516301732002,,-0.3470502762869502,1
6912,-0.27164923104857,-0.27164923104857,-0.27164923104857,0
6913,-0.9364199843253109,-0.9364199843253109,-0.9364199843253109,0
6914,-0.44980560222620186,-0.44980560222620186,-0.44980560222620186,0
6915,-1.0069878796838767,,-0.4674764837686887,1
6916,-0.7688440352530217,,-0.48514736531117564,1
6917,0.4058724615757382,,-0.5028182468536625,1
6918,0.11774784652399455,,-0.5204891283961494,1
6919,-2.0045533149338404,,-0.5381600099386362,1
6920,0.10783591261450158,,-0.5558308914811231,1
6921,-0.28967013302195366,,-0.5735017730236099,1
6922,0.4571138403040753,,-0.5911726545660969,1
6923,-0.11054381703575403,,-0.6088435361085838,1
6924,0.610457676827399,,-0.6265144176510706,1
6925,-0.6441852991935575,-0.6441852991935575,-0.6441852991935575,0
6926,-1.069952262195118,-1.069952262195118,-1.069952262195118,0
6927,1.4807203549228733,1.4807203549228733,1.4807203549228733,0
6928,0.22194201521379342,0.22194201521379342,0.22194201521379342,0
6929,0.5945289259675853,,0.19304515681192383,1
6930,0.6850284739142869,,0.16414829841005424,1
6931,0.2983749506592914,,0.13525144000818462,1
6932,-1.543842999466385,,0.10635458160631504,1
6933,-0.18032729159319563,,0.07745772320444544,1
6934,-0.1792923916026395,,0.04856086480257585,1
6935,-0.47701938725373405,,0.019664006400706258,1
6936,-0.9804384978229823,,-0.009232852001163333,1
6937,-0.38405454643311077,,-0.038129710403032924,1
6938,0.38956950735451806,,-0.06702656880490254,1
6939,-0.09592342720677212,-0.09592342720677212,-0.09592342720677212,0
6940,-0.42083737056828496,-0.42083737056828496,-0.42083737056828496,0
6941,-0.628167944235416,,-0.4010610411152906,1
6942,-0.5080916588634489,,-0.38128471166229627,1
6943,1.6540818550933323,,-0.3615083822093019,1
6944,0.5170030180341013,,-0.34173205275630764,1
6945,0.3616719584483401,,-0.3219557233033133,1
6946,-0.7949836619531576,,-0.30217939385031894,1
6947,1.956840485551357,,-0.28240306439732465,1
6948,0.5542796110044654,,-0.2626267349443303,1
6949,-1.3158844777997554,,-0.24285040549133594,1
6950,0.3115713678461889,,-0.22307407603834162,1
6951,-0.20329774658534727,-0.20329774658534727,-0.20329774658534727,0
6952,0.2514328242166892,0.2514328242166892,0.2514328242166892,0
6953,-0.7996225386044122,-0.7996225386044122,-0.7996225386044122,0
6954,0.4010400309322149,0.4010400309322149,0.4010400309322149,0
6955,-0.43262505353345865,-0.43262505353345865,-0.43262505353345865,0
6956,0.050004824662012524,0.050004824662012524,0.050004824662012524,0
6957,-0.4128806480823439,-0.4128806480823439,-0.4128806480823439,0
6958,-0.38736519356480814,-0.38736519356480814,-0.38736519356480814,0
6959,0.5197283738022951,0.5197283738022951,0.5197283738022951,0
6960,-0.6211513161038376,-0.6211513161038376,-0.6211513161038376,0
6961,-0.9291847274575584,-0.9291847274575584,-0.9291847274575584,0
6962,0.26015341885753734,,-0.8116618108602862,1
6963,-0.0754541699086749,,-0.694138894263014,1
6964,0.3887109179547486,,-0.5766159776657418,1
6965,1.82884813223524,,-0.45909306106846953,1
6966,0.42132541884107066,,-0.34157014447119727,1
6967,-0.7783290536006561,,-0.22404722787392506,1
6968,0.15726923337043752,,-0.10652431127665285,1
6969,-0.3015510888661996,,0.010998605320619359,1
6970,-0.9385191603045986,,0.12852152191789168,1
6971,-0.18550835854924932,,0.2460444385151639,1
6972,0.363567355112436,0.363567355112436,0.363567355112436,0
6973,0.19754951016686878,0.19754951016686878,0.19754951016686878,0
6974,-0.36841974686638984,-0.36841974686638984,-0.36841974686638984,0
6975,0.780433635148556,0.780433635148556,0.780433635148556,0
6976,-0.1722960361053449,-0.1722960361053449,-0.1722960361053449,0
6977,0.023547678933512093,,-0.09667722200191013,1
6978,0.3299066476823685,,-0.02105840789847535,1
6979,1.5606853145152746,,0.054560406204959416,1
6980,-0.4502367704257144,,0.1301792203083942,1
6981,-0.8636292196473637,,0.205798034411829,1
6982,0.6796062385459881,,0.2814168485152637,1
6983,2.0492114858667265,,0.35703566261869857,1
6984,-1.5981551534501937,,0.4326544767221333,1
6985,-0.05128639860974938,,0.508273290825568,1
6986,-0.8110171577836467,,0.5838921049290029,1
6987,0.6595109190324376,0.6595109190324376,0.6595109190324376,0
6988,-1.2782197555597508,-1.2782197555597508,-1.2782197555597508,0
6989,0.6479372532336265,0.6479372532336265,0.6479372532336265,0
6990,0.2725600480135537,0.2725600480135537,0.2725600480135537,0
6991,-0.9772487432592544,-0.9772487432592544,-0.9772487432592544,0
6992,-1.2710431412673806,-1.2710431412673806,-1.2710431412673806,0
6993,-0.408720225275336,-0.408720225275336,-0.408720225275336,0
6994,-0.14623513172588268,-0.14623513172588268,-0.14623513172588268,0
6995,-0.7276135007687291,-0.7276135007687291,-0.7276135007687291,0
6996,-0.8492735143759824,,-0.7321239506627865,1
6997,-0.6403156279192392,,-0.7366344005568438,1
6998,-0.23286816589061007,,-0.7411448504509011,1
6999,0.3937265626869494,,-0.7456553003449584,1
7000,0.5117243969183864,,-0.7501657502390158,1
7001,-0.8134350054600942,,-0.7546762001330731,1
7002,1.5676320364666911,,-0.7591866500271305,1
7003,0.061236241821018965,,-0.7636970999211878,1
7004,-0.0630780930344041,,-0.7682075498152451,1
7005,-1.039112126740037,,-0.7727179997093024,1
7006,-0.7772284496033598,-0.7772284496033598,-0.7772284496033598,0
7007,0.2339758812111354,0.2339758812111354,0.2339758812111354,0
7008,-1.1409380874548791,-1.1409380874548791,-1.1409380874548791,0
7009,-2.0239922477456784,-2.0239922477456784,-2.0239922477456784,0
7010,-0.9593154206131705,-0.9593154206131705,-0.9593154206131705,0
7011,0.6112472732387833,0.6112472732387833,0.6112472732387833,0
7012,-0.31278173208781407,-0.31278173208781407,-0.31278173208781407,0
7013,0.39763309121962853,0.39763309121962853,0.39763309121962853,0
7014,0.6464808159941903,0.6464808159941903,0.6464808159941903,0
7015,2.916695866702441,2.916695866702441,2.916695866702441,0
7016,1.1570108675840125,1.1570108675840125,1.1570108675840125,0
7017,-1.2771795256693248,-1.2771795256693248,-1.2771795256693248,0
7018,-2.25661789527429,-2.25661789527429,-2.25661789527429,0
7019,-1.2169965082457792,-1.2169965082457792,-1.2169965082457792,0
7020,-0.7301439467806513,-0.7301439467806513,-0.7301439467806513,0
7021,-1.177195345938127,-1.177195345938127,-1.177195345938127,0
7022,-1.453604020724971,-1.453604020724971,-1.453604020724971,0
7023,0.8152633687766724,0.8152633687766724,0.8152633687766724,0
7024,0.43487665865764513,0.43487665865764513,0.43487665865764513,0
7025,-1.0391948678196528,-1.0391948678196528,-1.0391948678196528,0
7026,0.8099671800279737,0.8099671800279737,0.8099671800279737,0
7027,1.33680169521397,1.33680169521397,1.33680169521397,0
7028,0.7791285973115417,0.7791285973115417,0.7791285973115417,0
7029,0.048603981353330335,0.048603981353330335,0.048603981353330335,0
7030,1.1340316667987485,1.1340316667987485,1.1340316667987485,0
7031,-1.3727178915351546,-1.3727178915351546,-1.3727178915351546,0
7032,0.36449020876997934,0.36449020876997934,0.36449020876997934,0
7033,-0.4048810317773843,-0.4048810317773843,-0.4048810317773843,0
7034,1.0359404087456023,1.0359404087456023,1.0359404087456023,0
7035,1.6561020816957446,1.6561020816957446,1.6561020816957446,0
7036,-0.3084013147090922,-0.3084013147090922,-0.3084013147090922,0
7037,0.1563240113374747,0.1563240113374747,0.1563240113374747,0
7038,-0.9888304008846015,-0.9888304008846015,-0.9888304008846015,0
7039,1.3750684568383498,1.3750684568383498,1.3750684568383498,0
7040,-0.15917557650495065,-0.15917557650495065,-0.15917557650495065,0
7041,2.4299449804107667,2.4299449804107667,2.4299449804107667,0
7042,-1.462774110375082,-1.462774110375082,-1.462774110375082,0
7043,-0.9102167125668863,-0.9102167125668863,-0.9102167125668863,0
7044,1.0100987875788028,1.0100987875788028,1.0100987875788028,0
7045,-1.4492823631020069,-1.4492823631020069,-1.4492823631020069,0
7046,-0.2693764386630145,-0.2693764386630145,-0.2693764386630145,0
7047,-0.6548347076341623,-0.6548347076341623,-0.6548347076341623,0
7048,0.10425524186922247,0.10425524186922247,0.10425524186922247,0
7049,2.1828289021748835,2.1828289021748835,2.1828289021748835,0
7050,0.15593187568787026,0.15593187568787026,0.15593187568787026,0
7051,-1.3579494287104517,-1.3579494287104517,-1.3579494287104517,0
7052,0.06257101651899205,0.06257101651899205,0.06257101651899205,0
7053,1.2370790235926978,1.2370790235926978,1.2370790235926978,0
7054,-0.7966451905031466,-0.7966451905031466,-0.7966451905031466,0
7055,1.0835544577095846,1.0835544577095846,1.0835544577095846,0
7056,-0.12759009214857098,-0.12759009214857098,-0.12759009214857098,0
7057,-0.617438001853004,-0.617438001853004,-0.617438001853004,0
7058,0.9393292632475514,0.9393292632475514,0.9393292632475514,0
7059,0.11634733738414464,0.11634733738414464,0.11634733738414464,0
7060,0.8683543438410878,0.8683543438410878,0.8683543438410878,0
7061,-0.482960537594536,-0.482960537594536,-0.482960537594536,0
7062,-0.5080829071684552,-0.5080829071684552,-0.5080829071684552,0
7063,-0.5460187354461065,-0.5460187354461065,-0.5460187354461065,0
7064,-0.14115784380143867,-0.14115784380143867,-0.14115784380143867,0
7065,0.3773293246732461,,-0.1486541901089271,1
7066,0.7141272126789614,,-0.15615053641641555,1
7067,1.881175550057554,,-0.16364688272390399,1
7068,0.051841193124281516,,-0.17114322903139245,1
7069,0.2885413680547168,,-0.1786395753388809,1
7070,-1.3886757855103835,,-0.18613592164636933,1
7071,0.4328086432461761,,-0.19363226795385777,1
7072,1.5055077196075477,,-0.2011286142613462,1
7073,-1.0681898709235638,,-0.20862496056883467,1
7074,0.9629584042555104,,-0.2161213068763231,1
7075,-0.22361765318381155,-0.22361765318381155,-0.22361765318381155,0
7076,0.8662045089595793,0.8662045089595793,0.8662045089595793,0
7077,-2.350002959541241,-2.350002959541241,-2.350002959541241,0
7078,-0.005954198907840475,-0.005954198907840475,-0.005954198907840475,0
7079,2.3957122332446126,2.3957122332446126,2.3957122332446126,0
7080,0.8704102528081337,0.8704102528081337,0.8704102528081337,0
7081,-0.9146861728292547,-0.9146861728292547,-0.9146861728292547,0
7082,-0.4447679102017311,-0.4447679102017311,-0.4447679102017311,0
7083,0.705098658505097,,-0.45364667529822994,1
7084,0.5916142255007849,,-0.46252544039472876,1
7085,-0.8963449303514494,,-0.4714042054912276,1
7086,0.4098899680343784,,-0.4802829705877264,1
7087,0.4324041182842965,,-0.48916173568422516,1
7088,0.6737309982491864,,-0.49804050078072404,1
7089,-1.4785442165713403,,-0.5069192658772228,1
7090,0.10737219418991026,,-0.5157980309737217,1
7091,-0.04873896780539565,,-0.5246767960702204,1
7092,-1.4628884783205258,,-0.5335555611667193,1
7093,-0.5424343262632181,-0.5424343262632181,-0.5424343262632181,0
7094,-0.14892167307227513,,-0.5614737161602907,1
7095,0.09070097486264501,,-0.5805131060573634,1
7096,-0.7202055258988539,,-0.599552495954436,1
7097,-0.13455804983120115,,-0.6185918858515087,1
7098,-1.050544786701694,,-0.6376312757485814,1
7099,0.3147297493124943,,-0.656670665645654,1
7100,1.2681450489958301,,-0.6757100555427266,1
7101,-0.37595554049249874,,-0.6947494454397992,1
7102,-0.5175204848380315,,-0.7137888353368719,1
7103,-0.1254631581103262,,-0.7328282252339445,1
7104,-0.7518676151310172,-0.7518676151310172,-0.7518676151310172,0
7105,0.49004590601244663,0.49004590601244663,0.49004590601244663,0
7106,0.8075082792635541,0.8075082792635541,0.8075082792635541,0
7107,0.027745090860412856,0.027745090860412856,0.027745090860412856,0
7108,0.7782514460252531,0.7782514460252531,0.7782514460252531,0
7109,0.6456711807823782,,0.7390992095642231,1
7110,0.8184869969085957,,0.6999469731031932,1
7111,0.39508031074804184,,0.6607947366421631,1
7112,-0.2494966083724419,,0.6216425001811332,1
7113,2.4530943268004672,,0.5824902637201033,1
7114,1.8244058095479974,,0.5433380272590733,1
7115,-1.2030816935042712,,0.5041857907980434,1
7116,-1.8787212482042503,,0.4650335543370134,1
7117,1.0968359159680303,,0.42588131787598343,1
7118,0.42517240611480517,,0.38672908141495344,1
7119,0.8044679249705896,,0.3475768449539235,1
7120,0.670277701285097,,0.30842460849289355,1
7121,-0.040394370138308495,,0.2692723720318636,1
7122,-0.5280090586769008,,0.23012013557083355,1
7123,0.09369128422601773,,0.1909678991098036,1
7124,0.20096016576129316,,0.15181566264877366,1
7125,1.2976872759264417,,0.11266342618774372,1
7126,0.23314752895247876,,0.07351118972671378,1
7127,-0.6115467182524732,,0.03435895326568372,1
7128,-0.9341661184579155,,-0.004793283195346221,1
7129,-0.04394551965637615,-0.04394551965637615,-0.04394551965637615,0
7130,-0.8730733557924084,-0.8730733557924084,-0.8730733557924084,0
7131,-0.6957085022087941,-0.6957085022087941,-0.6957085022087941,0
7132,0.8236989031660152,0.8236989031660152,0.8236989031660152,0
7133,-1.5012939724251846,-1.5012939724251846,-1.5012939724251846,0
7134,-1.214700922235491,-1.214700922235491,-1.214700922235491,0
7135,-0.7064002548977515,-0.7064002548977515,-0.7064002548977515,0
7136,0.6553992864949504,0.6553992864949504,0.6553992864949504,0
7137,0.17690847503099225,0.17690847503099225,0.17690847503099225,0
7138,-1.7473755083357376,-1.7473755083357376,-1.7473755083357376,0
7139,0.4755724448029804,0.4755724448029804,0.4755724448029804,0
7140,0.00010858166221467189,0.00010858166221467189,0.00010858166221467189,0
7141,0.1656411772285931,0.1656411772285931,0.1656411772285931,0
7142,-2.947299496646271,-2.947299496646271,-2.947299496646271,0
7143,1.2446839873392777,1.2446839873392777,1.2446839873392777,0
7144,0.45296410611936216,,1.0378279690131944,1
7145,0.23032546513795105,,0.8309719506871113,1
7146,0.1106783137960361,,0.6241159323610281,1
7147,-0.33564174935678504,,0.4172599140349449,1
7148,-0.011973191268582593,,0.21040389570886164,1
7149,-0.008970365979673588,,0.003547877382778619,1
7150,0.728137089242788,,-0.20330814094330463,1
7151,1.617301701641196,,-0.4101641592693879,1
7152,-0.09884098000357329,,-0.6170201775954711,1
7153,1.270097431687083,,-0.8238761959215544,1
7154,-1.0307322142476372,-1.0307322142476372,-1.0307322142476372,0
7155,-0.036503682152318986,-0.036503682152318986,-0.036503682152318986,0
7156,0.3328763633277899,0.3328763633277899,0.3328763633277899,0
7157,-0.8746952754896958,-0.8746952754896958,-0.8746952754896958,0
7158,-0.32391663172988955,-0.32391663172988955,-0.32391663172988955,0
7159,2.0557553325751896,2.0557553325751896,2.0557553325751896,0
7160,-0.47339006745686724,-0.47339006745686724,-0.47339006745686724,0
7161,-0.3096417979593395,-0.3096417979593395,-0.3096417979593395,0
7162,1.245053212395187,1.245053212395187,1.245053212395187,0
7163,-1.6082613168075859,-1.6082613168075859,-1.6082613168075859,0
7164,-0.4217359244381341,-0.4217359244381341,-0.4217359244381341,0
7165,-0.5439464484303677,-0.5439464484303677,-0.5439464484303677,0
7166,0.8606383319909205,0.8606383319909205,0.8606383319909205,0
7167,-0.949189697028038,-0.949189697028038,-0.949189697028038,0
7168,-0.10987488422245123,-0.10987488422245123,-0.10987488422245123,0
7169,0.48922405815295594,0.48922405815295594,0.48922405815295594,0
7170,0.8952690837761023,0.8952690837761023,0.8952690837761023,0
7171,0.37176098189250495,,0.6612543944305527,1
7172,0.09384384289722922,,0.4272397050850031,1
7173,-2.5013887393911602,,0.1932250157394535,1
7174,-1.121736493062726,,-0.04078967360609609,1
7175,1.0088045557133543,,-0.2748043629516458,1
7176,-1.7587888121515716,,-0.5088190522971953,1
7177,1.067093537055119,,-0.7428337416427447,1
7178,-0.22383451666234694,,-0.9768484309882944,1
7179,-0.5466074905974447,,-1.210863120333844,1
7180,0.34131620262281703,,-1.4448778096793937,1
7181,-1.6788924990249432,-1.6788924990249432,-1.6788924990249432,0
7182,0.13809263990402246,0.13809263990402246,0.13809263990402246,0
7183,0.2621549906896302,0.2621549906896302,0.2621549906896302,0
7184,1.8098013439093852,1.8098013439093852,1.8098013439093852,0
7185,0.8078877940627125,0.8078877940627125,0.8078877940627125,0
7186,1.2096788353130394,1.2096788353130394,1.2096788353130394,0
7187,1.4780740797885403,1.4780740797885403,1.4780740797885403,0
7188,-0.21895352438289284,-0.21895352438289284,-0.21895352438289284,0
7189,0.8731022378363309,0.8731022378363309,0.8731022378363309,0
7190,-0.3862817629991644,-0.3862817629991644,-0.3862817629991644,0
7191,-0.9241209611802998,-0.9241209611802998,-0.9241209611802998,0
7192,-0.4499485593756264,-0.4499485593756264,-0.4499485593756264,0
7193,0.029935985926007526,0.029935985926007526,0.029935985926007526,0
7194,0.7854906432637995,,0.04386687881124689,1
7195,0.9398376099731057,,0.05779777169648624,1
7196,-0.6637980703932642,,0.07172866458172561,1
7197,-0.14698633580663026,,0.08565955746696496,1
7198,0.4506906951863708,,0.09959045035220432,1
7199,-0.5074521407915698,,0.11352134323744367,1
7200,-0.21165928199772616,,0.12745223612268305,1
7201,-0.8154484536762028,,0.1413831290079224,1
7202,0.33223233058587237,,0.15531402189316176,1
7203,0.8607432053560377,,0.16924491477840112,1
7204,0.18317580766364047,0.18317580766364047,0.18317580766364047,0
7205,1.696234508330704,1.696234508330704,1.696234508330704,0
7206,0.38371613629065,0.38371613629065,0.38371613629065,0
7207,-0.7711473625144153,-0.7711473625144153,-0.7711473625144153,0
7208,0.3349924704092046,0.3349924704092046,0.3349924704092046,0
7209,-1.345087052081153,-1.345087052081153,-1.345087052081153,0
7210,1.7199723440668935,1.7199723440668935,1.7199723440668935,0
7211,-0.5445177077369326,-0.5445177077369326,-0.5445177077369326,0
7212,-0.030712457116740133,-0.030712457116740133,-0.030712457116740133,0
7213,-0.8617347399174363,-0.8617347399174363,-0.8617347399174363,0
7214,-2.0359267169329947,-2.0359267169329947,-2.0359267169329947,0
7215,0.27373510070477425,0.27373510070477425,0.27373510070477425,0
7216,0.6592300694754818,0.6592300694754818,0.6592300694754818,0
7217,-1.1839656849411508,-1.1839656849411508,-1.1839656849411508,0
7218,-1.6150154241460646,-1.6150154241460646,-1.6150154241460646,0
7219,-0.5936553526497634,,-1.4197234384730049,1
7220,-0.6806390531444367,,-1.2244314527999451,1
7221,-0.10280855033207945,,-1.0291394671268854,1
7222,-0.37438004975287226,,-0.8338474814538258,1
7223,0.6161531720813606,,-0.6385554957807661,1
7224,-0.3290229949895391,,-0.4432635101077065,1
7225,-1.0833853820840567,,-0.24797152443464676,1
7226,-1.2943898869153685,,-0.05267953876158704,1
7227,-1.184809540044547,,0.14261244691147268,1
7228,-1.5228105540764574,,0.3379044325845324,1
7229,0.5331964182575919,0.5331964182575919,0.5331964182575919,0
7230,0.4730594895575886,0.4730594895575886,0.4730594895575886,0
7231,-1.76512167103561,-1.76512167103561,-1.76512167103561,0
7232,-1.6568084255963726,,-1.462056034364848,1
7233,-1.973946208332807,,-1.1589903976940863,1
7234,-0.9215366103094306,,-0.8559247610233247,1
7235,0.5414506090273677,,-0.5528591243525629,1
7236,-0.751137494314594,,-0.2497934876818011,1
7237,0.9596196026757804,,0.05327214898896049,1
7238,-2.0513484687163657,,0.3563377856597225,1
7239,-0.2457451276449353,,0.6594034223304841,1
7240,1.6905839147530817,,0.9624690590012457,1
7241,-0.7474909825237405,,1.2655346956720077,1
7242,1.5686003323427693,1.5686003323427693,1.5686003323427693,0
7243,-0.6093636346692616,,1.4473224925864612,1
7244,-0.41463472053325917,,1.326044652830153,1
7245,-0.4383365127030655,,1.204766813073845,1
7246,-0.7256348168064273,,1.0834889733175366,1
7247,1.557338353853576,,0.9622111335612284,1
7248,-0.45436196666160034,,0.8409332938049203,1
7249,-0.8130044103690492,,0.7196554540486121,1
7250,1.2539956194599018,,0.598377614292304,1
7251,0.3494845449298748,,0.4770997745359957,1
7252,-0.7434418872040742,,0.3558219347796876,1
7253,0.23454409502337942,0.23454409502337942,0.23454409502337942,0
7254,-0.9974690871525584,-0.9974690871525584,-0.9974690871525584,0
7255,0.2930040437369264,0.2930040437369264,0.2930040437369264,0
7256,-0.5228450785009706,-0.5228450785009706,-0.5228450785009706,0
7257,-2.0495488833688484,-2.0495488833688484,-2.0495488833688484,0
7258,1.2606745339841061,1.2606745339841061,1.2606745339841061,0
7259,0.15549895728473617,0.15549895728473617,0.15549895728473617,0
7260,1.7436992232389483,1.7436992232389483,1.7436992232389483,0
7261,-0.567227219829385,-0.567227219829385,-0.567227219829385,0
7262,0.4497263100360632,0.4497263100360632,0.4497263100360632,0
7263,-1.1412615034432063,-1.1412615034432063,-1.1412615034432063,0
7264,1.0755647761233516,1.0755647761233516,1.0755647761233516,0
7265,0.023927336683292767,0.023927336683292767,0.023927336683292767,0
7266,-0.13135053598760082,-0.13135053598760082,-0.13135053598760082,0
7267,-1.8512957937255796,-1.8512957937255796,-1.8512957937255796,0
7268,-1.2859955861612278,-1.2859955861612278,-1.2859955861612278,0
7269,0.7178722954021207,0.7178722954021207,0.7178722954021207,0
7270,-0.6063262968130694,-0.6063262968130694,-0.6063262968130694,0
7271,1.0242519503751322,1.0242519503751322,1.0242519503751322,0
7272,0.08973892177440207,0.08973892177440207,0.08973892177440207,0
7273,-0.29811024597998625,-0.29811024597998625,-0.29811024597998625,0
7274,-0.7030194344113162,-0.7030194344113162,-0.7030194344113162,0
7275,0.631113823176776,0.631113823176776,0.631113823176776,0
7276,2.780358592602554,2.780358592602554,2.780358592602554,0
7277,-0.22574964281257767,-0.22574964281257767,-0.22574964281257767,0
7278,-1.1014340505003806,-1.1014340505003806,-1.1014340505003806,0
7279,-0.40277936910377377,-0.40277936910377377,-0.40277936910377377,0
7280,1.3756164676607059,1.3756164676607059,1.3756164676607059,0
7281,1.4271943051698346,1.4271943051698346,1.4271943051698346,0
7282,-0.15384592761347834,-0.15384592761347834,-0.15384592761347834,0
7283,1.3820487065934413,1.3820487065934413,1.3820487065934413,0
7284,0.7464656608467615,0.7464656608467615,0.7464656608467615,0
7285,-0.4460225830876561,-0.4460225830876561,-0.4460225830876561,0
7286,0.9869079039304534,0.9869079039304534,0.9869079039304534,0
7287,-0.9754337129421721,-0.9754337129421721,-0.9754337129421721,0
7288,-1.0248489208190266,-1.0248489208190266,-1.0248489208190266,0
7289,0.7280478071177751,0.7280478071177751,0.7280478071177751,0
7290,-1.6403011362609636,-1.6403011362609636,-1.6403011362609636,0
7291,-0.07991645336352794,,-1.4834849731156496,1
7292,0.1546342195283883,,-1.3266688099703354,1
7293,-0.3519115307555855,,-1.1698526468250212,1
7294,1.9811428903169257,,-1.0130364836797072,1
7295,-1.5888810049262803,,-0.8562203205343931,1
7296,0.2819085651341278,,-0.699404157389079,1
7297,-0.5244103719538116,,-0.542587994243765,1
7298,-0.7692599256555579,,-0.3857718310984508,1
7299,-0.1393010498215946,,-0.2289556679531366,1
7300,-1.1467878516377088,,-0.07213950480782261,1
7301,0.08467665833749143,0.08467665833749143,0.08467665833749143,0
7302,0.5555797787061909,0.5555797787061909,0.5555797787061909,0
7303,-0.5946347079825341,-0.5946347079825341,-0.5946347079825341,0
7304,1.495333349865537,1.495333349865537,1.495333349865537,0
7305,-0.6632618315218411,-0.6632618315218411,-0.6632618315218411,0
7306,0.10508785899425113,0.10508785899425113,0.10508785899425113,0
7307,-1.048841279599645,-1.048841279599645,-1.048841279599645,0
7308,-0.25532542316371437,-0.25532542316371437,-0.25532542316371437,0
7309,0.6872505599147717,,-0.16129423812034493,1
7310,0.8412070006048245,,-0.06726305307697547,1
7311,-0.3025857410818635,,0.026768131966393993,1
7312,0.16744818550100815,,0.12079931700976343,1
7313,0.45587797226911725,,0.21483050205313287,1
7314,-1.0802134183898775,,0.30886168709650236,1
7315,-0.45745178700636613,,0.40289287213987174,1
7316,-0.7753105367429259,,0.49692405718324123,1
7317,1.0824897536309117,,0.5909552422266107,1
7318,-0.22603106780679025,,0.6849864272699802,1
7319,0.7790176123133495,0.7790176123133495,0.7790176123133495,0
7320,-0.9005722444123166,,0.6240765498447924,1
7321,-0.9463561258987925,,0.46913548737623534,1
7322,0.15271269024050227,,0.31419442490767824,1
7323,-0.46282271074980724,,0.15925336243912114,1
7324,-0.9412091940380392,,0.0043122999705640375,1
7325,0.6545307993762316,,-0.15062876249799306,1
7326,0.5253178390649144,,-0.3055698249665503,1
7327,1.0350736865174175,,-0.46051088743510726,1
7328,-0.16476750640872123,,-0.6154519499036643,1
7329,0.3725593565813813,,-0.7703930123722215,1
7330,-0.9253340748407786,-0.9253340748407786,-0.9253340748407786,0
7331,-1.6509655606638183,-1.6509655606638183,-1.6509655606638183,0
7332,-1.1008223011540792,-1.1008223011540792,-1.1008223011540792,0
7333,0.18091688353561863,0.18091688353561863,0.18091688353561863,0
7334,-0.8403534863107561,-0.8403534863107561,-0.8403534863107561,0
7335,-0.06726522026859796,-0.06726522026859796,-0.06726522026859796,0
7336,-0.3202159694046299,-0.3202159694046299,-0.3202159694046299,0
7337,-0.7641414931945679,-0.7641414931945679,-0.7641414931945679,0
7338,-1.3197924648224344,-1.3197924648224344,-1.3197924648224344,0
7339,1.1160886663406255,1.1160886663406255,1.1160886663406255,0
7340,-1.5844866490333196,-1.5844866490333196,-1.5844866490333196,0
7341,-0.013363271351808053,-0.013363271351808053,-0.013363271351808053,0
7342,-0.6884470676296417,,0.04972725940000407,1
7343,-0.4339614140654583,,0.11281779015181619,1
7344,0.5016051715702978,,0.1759083209036283,1
7345,-0.04695956216421575,,0.2389988516554404,1
7346,-0.23824622700050316,,0.3020893824072526,1
7347,0.05042579434250389,,0.3651799131590647,1
7348,-1.3517335106880592,,0.42827044391087676,1
7349,1.1133204005239032,,0.4913609746626889,1
7350,-0.15953349855106716,,0.5544515054145011,1
7351,0.6249818383590222,,0.6175420361663132,1
7352,-0.5247344126995022,,0.6806325669181252,1
7353,-0.7949325375415678,,0.7437230976699374,1
7354,-1.9530425315806335,,0.8068136284217495,1
7355,1.3219636148717264,,0.8699041591735616,1
7356,-0.1856168591299532,,0.9329946899253737,1
7357,1.6869169162126452,,0.9960852206771859,1
7358,0.5602809457871061,,1.059175751428998,1
7359,-1.4932005440210805,,1.12226628218081,1
7360,0.00461892591408984,,1.1853568129326222,1
7361,1.4951448230217321,,1.2484473436844343,1
7362,1.3115378744362465,1.3115378744362465,1.3115378744362465,0
7363,1.0837497801423865,,1.3266752461785383,1
7364,0.9050748626806513,,1.34181261792083,1
7365,-0.26436425541362124,,1.3569499896631219,1
7366,0.17693721150524086,,1.3720873614054137,1
7367,0.8905578458866172,,1.3872247331477054,1
7368,0.2728962613536397,,1.4023621048899975,1
7369,-0.22182398562989764,,1.4174994766322893,1
7370,-1.7884411997759688,,1.432636848374581,1
7371,-0.11131324812939439,,1.4477742201168728,1
7372,1.2921264233527163,,1.4629115918591646,1
7373,1.4780489636014564,1.4780489636014564,1.4780489636014564,0
7374,-1.838059230359259,-1.838059230359259,-1.838059230359259,0
7375,-0.513001891760992,-0.513001891760992,-0.513001891760992,0
7376,-0.26042027192943557,-0.26042027192943557,-0.26042027192943557,0
7377,-2.9105710777648204,-2.9105710777648204,-2.9105710777648204,0
7378,-0.15024767104053086,-0.15024767104053086,-0.15024767104053086,0
7379,0.7419054762052312,0.7419054762052312,0.7419054762052312,0
7380,0.40751120574250826,0.40751120574250826,0.40751120574250826,0
7381,-1.4126973863731376,-1.4126973863731376,-1.4126973863731376,0
7382,1.3396479830163883,1.3396479830163883,1.3396479830163883,0
7383,-1.3601559800242462,-1.3601559800242462,-1.3601559800242462,0
7384,0.9499454078727767,,-1.275785541622223,1
7385,1.2221160014459507,,-1.1914151032201998,1
7386,-0.759415510274798,,-1.1070446648181766,1
7387,1.5862108777636983,,-1.0226742264161532,1
7388,0.2932860751251368,,-0.9383037880141301,1
7389,0.3252584262228928,,-0.8539333496121069,1
7390,-0.28166834258732776,,-0.7695629112100836,1
7391,0.37423679056729164,,-0.6851924728080604,1
7392,0.5733123921017756,,-0.6008220344060372,1
7393,1.3701098468907285,,-0.5164515960040139,1
7394,-0.4320811576019907,-0.4320811576019907,-0.4320811576019907,0
7395,-0.023124099906203344,-0.023124099906203344,-0.023124099906203344,0
7396,-0.2908138135306981,-0.2908138135306981,-0.2908138135306981,0
7397,-0.867364122903042,-0.867364122903042,-0.867364122903042,0
7398,1.654132118390032,1.654132118390032,1.654132118390032,0
7399,-1.4233332304080393,-1.4233332304080393,-1.4233332304080393,0
7400,-0.47718190591927323,-0.47718190591927323,-0.47718190591927323,0
7401,0.16498004087510248,,-0.27663185696685044,1
7402,0.36852921602498356,,-0.07608180801442771,1
7403,-1.2135245608229093,,0.12446824093799502,1
7404,-1.1322226841483578,,0.3250182898904178,1
7405,-0.14876009196430648,,0.5255683388428405,1
7406,-0.7210674330018685,,0.7261183877952633,1
7407,-0.787931655579315,,0.9266684367476861,1
7408,1.3885621848211969,,1.1272184857001089,1
7409,0.7074620824502351,,1.3277685346525316,1
7410,0.4378830627546748,,1.5283185836049542,1
7411,1.7288686325573772,1.7288686325573772,1.7288686325573772,0
7412,-0.37061472226692144,,1.4236185414523663,1
7413,-0.47589245760752524,,1.1183684503473554,1
7414,0.9295035889315485,,0.8131183592423445,1
7415,-0.32151878543414575,,0.5078682681373337,1
7416,0.8130944526928529,,0.20261817703232277,1
7417,-0.4545864268109088,,-0.10263191407268812,1
7418,0.2251195740635677,,-0.40788200517769924,1
7419,0.7857074009918893,,-0.7131320962827099,1
7420,1.4776051789825742,,-1.0183821873877206,1
7421,0.9314816808089605,,-1.3236322784927317,1
7422,-1.6288823695977426,-1.6288823695977426,-1.6288823695977426,0
7423,-0.5775986609007787,-0.5775986609007787,-0.5775986609007787,0
7424,-0.30949634935681053,-0.30949634935681053,-0.30949634935681053,0
7425,0.2083557552644517,0.2083557552644517,0.2083557552644517,0
7426,-1.0042429513982642,-1.0042429513982642,-1.0042429513982642,0
7427,-0.7163402741893695,-0.7163402741893695,-0.7163402741893695,0
7428,-0.29002641912648924,-0.29002641912648924,-0.29002641912648924,0
7429,-1.032842248359204,,-0.20741517622528022,1
7430,-0.7856490552825173,,-0.12480393332407116,1
7431,-1.1155779033645552,,-0.04219269042286211,1
7432,0.014634290152332715,,0.040418552478346914,1
7433,0.29738040945323424,,0.12302979537955594,1
7434,1.2168916941486134,,0.20564103828076502,1
7435,-0.5274161862848628,,0.28825228118197405,1
7436,-1.4138812286492912,,0.37086352408318307,1
7437,-1.0995257663948181,,0.4534747669843921,1
7438,-0.10009091709827632,,0.5360860098856011,1
7439,0.6186972527868102,0.6186972527868102,0.6186972527868102,0
7440,-0.8369704353371462,-0.8369704353371462,-0.8369704353371462,0
7441,-1.3575955402635795,-1.3575955402635795,-1.3575955402635795,0
7442,-0.12415103236375925,-0.12415103236375925,-0.12415103236375925,0
7443,-0.4888923492627956,-0.4888923492627956,-0.4888923492627956,0
7444,0.7617387575988006,0.7617387575988006,0.7617387575988006,0
7445,-1.7944175234718298,-1.7944175234718298,-1.7944175234718298,0
7446,-0.7117328227373433,-0.7117328227373433,-0.7117328227373433,0
7447,-0.7660046316643315,-0.7660046316643315,-0.7660046316643315,0
7448,0.16419261552627004,0.16419261552627004,0.16419261552627004,0
7449,-0.8529963572107037,-0.8529963572107037,-0.8529963572107037,0
7450,-1.275195467358277,-1.275195467358277,-1.275195467358277,0
7451,0.6504543560007239,0.6504543560007239,0.6504543560007239,0
7452,-1.0316231082217981,-1.0316231082217981,-1.0316231082217981,0
7453,1.2573057309763473,1.2573057309763473,1.2573057309763473,0
7454,2.9881215568984,2.9881215568984,2.9881215568984,0
7455,-0.42756617931847235,-0.42756617931847235,-0.42756617931847235,0
7456,-0.5904962114040958,-0.5904962114040958,-0.5904962114040958,0
7457,-0.7477619430794524,-0.7477619430794524,-0.7477619430794524,0
7458,-0.5291790084557112,-0.5291790084557112,-0.5291790084557112,0
7459,0.054901805512781524,0.054901805512781524,0.054901805512781524,0
7460,-1.5084196905130531,-1.5084196905130531,-1.5084196905130531,0
7461,-0.4491875185294818,-0.4491875185294818,-0.4491875185294818,0
7462,-0.6967560615256523,-0.6967560615256523,-0.6967560615256523,0
7463,0.7061131361722847,0.7061131361722847,0.7061131361722847,0
7464,-0.2258099951685556,,0.4766565032187806,1
7465,0.030315072733716714,,0.24719987026527657,1
7466,1.2627816356537103,,0.01774323731177252,1
7467,-0.28471333927663395,,-0.21171339564173153,1
7468,0.21007521128383438,,-0.4411700285952357,1
7469,-0.36381133205942445,,-0.6706266615487396,1
7470,-0.13763853829879705,,-0.9000832945022436,1
7471,-0.40719153481896986,,-1.1295399274557476,1
7472,0.5023191577336091,,-1.3589965604092518,1
7473,1.0023270635406745,,-1.588453193362756,1
7474,-1.8179098263162599,-1.8179098263162599,-1.8179098263162599,0
7475,-0.5080614711487358,-0.5080614711487358,-0.5080614711487358,0
7476,0.8035590799689755,0.8035590799689755,0.8035590799689755,0
7477,-0.46004778396184554,-0.46004778396184554,-0.46004778396184554,0
7478,0.8892345115681752,0.8892345115681752,0.8892345115681752,0
7479,-0.10943255842308765,-0.10943255842308765,-0.10943255842308765,0
7480,-0.48185176734200424,-0.48185176734200424,-0.48185176734200424,0
7481,0.059501754059828646,,-0.5264191822919931,1
7482,0.03737604817627179,,-0.5709865972419821,1
7483,-1.0411672320110632,,-0.615554012191971,1
7484,1.6944030250622062,,-0.66012142714196,1
7485,-0.7931658426648908,,-0.7046888420919489,1
7486,-1.2177466407852517,,-0.7492562570419379,1
7487,-0.47209088746191846,,-0.7938236719919268,1
7488,0.19860351887985767,,-0.8383910869419158,1
7489,-0.023725855051577035,,-0.8829585018919047,1
7490,-1.2987675407152397,,-0.9275259168418937,1
7491,-0.9720933317918826,-0.9720933317918826,-0.9720933317918826,0
7492,-1.3563919815956398,,-0.965493890337063,1
7493,-1.3225056613699346,,-0.9588944488822435,1
7494,1.6993026488415868,,-0.9522950074274239,1
7495,1.2005343468038063,,-0.9456955659726043,1
7496,0.6985817037915586,,-0.9390961245177847,1
7497,0.5195246864393486,,-0.9324966830629652,1
7498,1.202509035425002,,-0.9258972416081456,1
7499,0.012148091613956682,,-0.919297800153326,1
7500,0.7081459730696014,,-0.9126983586985064,1
7501,-0.7012487555145952,,-0.9060989172436869,1
7502,-0.6670456391011298,,-0.8994994757888672,1
7503,-0.7134594170244335,,-0.8929000343340476,1
7504,0.8737949523594932,,-0.886300592879228,1
7505,1.4683461418281818,,-0.8797011514244085,1
7506,-0.42021496693367866,,-0.8731017099695889,1
7507,-1.2619086097024437,,-0.8665022685147693,1
7508,-0.03579824086947921,,-0.8599028270599498,1
7509,0.2376498866528024,,-0.8533033856051302,1
7510,-0.9432198059037731,,-0.8467039441503106,1
7511,-1.8736636732571876,,-0.840104502695491,1
7512,0.22898676474814214,,-0.8335050612406714,1
7513,0.044155156767336834,,-0.8269056197858519,1
7514,-0.48422345692129126,,-0.8203061783310323,1
7515,0.5952466826358493,,-0.8137067368762128,1
7516,-0.5768454126597007,,-0.8071072954213931,1
7517,0.33507005326397465,,-0.8005078539665735,1
7518,-0.8740003020782534,,-0.7939084125117539,1
7519,0.8044999273877217,,-0.7873089710569343,1
7520,0.3996863598641607,,-0.7807095296021148,1
7521,1.3102338411082401,,-0.7741100881472952,1
7522,0.25796149174811644,,-0.7675106466924756,1
7523,0.28598098567831526,,-0.7609112052376561,1
7524,0.4496297017763613,,-0.7543117637828365,1
7525,0.17603077605587256,,-0.7477123223280169,1
7526,0.32625086040945234,,-0.7411128808731973,1
7527,-0.43743453539158267,,-0.7345134394183777,1
7528,0.3630871631351266,,-0.7279139979635582,1
7529,1.7607493729957677,,-0.7213145565087385,1
7530,1.0978474507614915,,-0.714715115053919,1
7531,-1.4069890458558585,,-0.7081156735990994,1
7532,-0.7015162321442798,-0.7015162321442798,-0.7015162321442798,0
7533,0.775430466725958,0.775430466725958,0.775430466725958,0
7534,-0.610748662710075,-0.610748662710075,-0.610748662710075,0
7535,0.613379101800432,0.613379101800432,0.613379101800432,0
7536,0.29439071821706875,0.29439071821706875,0.29439071821706875,0
7537,1.5967599890734716,1.5967599890734716,1.5967599890734716,0
7538,0.6473958887726543,0.6473958887726543,0.6473958887726543,0
7539,0.634048831045811,0.634048831045811,0.634048831045811,0
7540,0.3094306138698583,0.3094306138698583,0.3094306138698583,0
7541,1.0289863518254685,1.0289863518254685,1.0289863518254685,0
7542,1.3887795771307294,1.3887795771307294,1.3887795771307294,0
7543,-0.14845894102449864,-0.14845894102449864,-0.14845894102449864,0
7544,0.8353551546180886,0.8353551546180886,0.8353551546180886,0
7545,0.7102578408306247,0.7102578408306247,0.7102578408306247,0
7546,-0.43729221230580173,-0.43729221230580173,-0.43729221230580173,0
7547,-0.7193877717294505,-0.7193877717294505,-0.7193877717294505,0
7548,1.2875648450122907,1.2875648450122907,1.2875648450122907,0
7549,-2.036552422036778,-2.036552422036778,-2.036552422036778,0
7550,-1.470307357409513,-1.470307357409513,-1.470307357409513,0
7551,0.5495253399529868,0.5495253399529868,0.5495253399529868,0
7552,0.04426564663339964,0.04426564663339964,0.04426564663339964,0
7553,1.324549769824339,1.324549769824339,1.324549769824339,0
7554,0.5114739721585507,,1.4025320158935561,1
7555,0.7891161834987762,,1.4805142619627734,1
7556,-0.4552825713397579,,1.5584965080319906,1
7557,-0.009465710773362944,,1.636478754101208,1
7558,-0.23529886086312068,,1.7144610001704252,1
7559,0.3002578289121543,,1.7924432462396425,1
7560,0.46939516308666285,,1.87042549230886,1
7561,0.8685896811202591,,1.948407738378077,1
7562,0.09161406409199803,,2.0263899844472943,1
7563,1.6837501173494547,,2.1043722305165113,1
7564,2.182354476585729,2.182354476585729,2.182354476585729,0
7565,-0.06948931430814602,-0.06948931430814602,-0.06948931430814602,0
7566,-1.070212707714561,-1.070212707714561,-1.070212707714561,0
7567,0.39637354442971223,0.39637354442971223,0.39637354442971223,0
7568,-0.3275434691486357,-0.3275434691486357,-0.3275434691486357,0
7569,-0.7500950774981486,-0.7500950774981486,-0.7500950774981486,0
7570,0.03289825620055614,0.03289825620055614,0.03289825620055614,0
7571,0.3323460805663691,,0.10306642704541114,1
7572,-0.011988632892178499,,0.17323459789026613,1
7573,-0.6364852407426483,,0.24340276873512112,1
7574,0.3771344973408149,,0.3135709395799761,1
7575,-2.0636164812956883,,0.3837391104248311,1
7576,-1.114042588011301,,0.4539072812696861,1
7577,1.545557589144564,,0.5240754521145411,1
7578,1.1588755465156757,,0.5942436229593961,1
7579,-0.11184319313933089,,0.6644117938042511,1
7580,-1.1985352983826616,,0.734579964649106,1
7581,0.8047481354939612,0.8047481354939612,0.8047481354939612,0
7582,-0.13132862590849873,-0.13132862590849873,-0.13132862590849873,0
7583,0.31533962797469156,0.31533962797469156,0.31533962797469156,0
7584,-0.6251088398689751,-0.6251088398689751,-0.6251088398689751,0
7585,-0.7446622227899902,-0.7446622227899902,-0.7446622227899902,0
7586,-0.9264347043411171,-0.9264347043411171,-0.9264347043411171,0
7587,-0.016095471874720182,-0.016095471874720182,-0.016095471874720182,0
7588,-0.11780341106879444,-0.11780341106879444,-0.11780341106879444,0
7589,0.04360054416648318,0.04360054416648318,0.04360054416648318,0
7590,-1.8967389317134602,-1.8967389317134602,-1.8967389317134602,0
7591,1.9006326249099252,1.9006326249099252,1.9006326249099252,0
7592,0.27947104039888787,0.27947104039888787,0.27947104039888787,0
7593,1.0480970908501446,1.0480970908501446,1.0480970908501446,0
7594,-0.13736218971613626,-0.13736218971613626,-0.13736218971613626,0
7595,-0.09224835628452639,-0.09224835628452639,-0.09224835628452639,0
7596,0.4373022896071588,0.4373022896071588,0.4373022896071588,0
7597,-1.094841463302583,-1.094841463302583,-1.094841463302583,0
7598,0.6376707023460193,0.6376707023460193,0.6376707023460193,0
7599,-0.3325096883817972,-0.3325096883817972,-0.3325096883817972,0
7600,1.0765812109900812,1.0765812109900812,1.0765812109900812,0
7601,-0.3415283239226951,-0.3415283239226951,-0.3415283239226951,0
7602,0.40044804034267506,,-0.3825837638391884,1
7603,0.40488263381890566,,-0.42363920375568165,1
7604,-0.7099034515259034,,-0.46469464367217495,1
7605,-2.254667717160297,,-0.5057500835886682,1
7606,-0.05916389001202063,,-0.5468055235051614,1
7607,0.44847068037169796,,-0.5878609634216547,1
7608,-0.8643793387388086,,-0.628916403338148,1
7609,0.43831002756184884,,-0.6699718432546413,1
7610,0.36252171131855854,,-0.7110272831711346,1
7611,-1.0273977333232687,,-0.7520827230876279,1
7612,1.0067645987175302,,-0.7931381630041212,1
7613,0.6613463605025754,,-0.8341936029206145,1
7614,1.1083378800487516,,-0.8752490428371078,1
7615,0.7940160162033444,,-0.9163044827536009,1
7616,-0.7987924453334739,,-0.9573599226700942,1
7617,-0.5444456309054903,,-0.9984153625865875,1
7618,1.0757719369183236,,-1.0394708025030808,1
7619,1.208207337130778,,-1.080526242419574,1
7620,-0.612096597748691,,-1.1215816823360674,1
7621,-0.8236645149173685,,-1.1626371222525607,1
7622,-1.203692562169054,-1.203692562169054,-1.203692562169054,0
7623,0.7567432528277469,0.7567432528277469,0.7567432528277469,0
7624,-0.6112417230099215,-0.6112417230099215,-0.6112417230099215,0
7625,-0.21501056685076692,-0.21501056685076692,-0.21501056685076692,0
7626,-0.5950007793687481,-0.5950007793687481,-0.5950007793687481,0
7627,-0.8900916042580259,-0.8900916042580259,-0.8900916042580259,0
7628,3.4928663656239207,3.4928663656239207,3.4928663656239207,0
7629,-0.7523696451187011,-0.7523696451187011,-0.7523696451187011,0
7630,1.380369808480951,1.380369808480951,1.380369808480951,0
7631,0.43706480340843473,0.43706480340843473,0.43706480340843473,0
7632,1.228329760631218,1.228329760631218,1.228329760631218,0
7633,0.8592976930236549,0.8592976930236549,0.8592976930236549,0
7634,0.4529326382315673,0.4529326382315673,0.4529326382315673,0
7635,0.9551562274778689,0.9551562274778689,0.9551562274778689,0
7636,-0.1886134926493144,-0.1886134926493144,-0.1886134926493144,0
7637,1.9280254204538028,1.9280254204538028,1.9280254204538028,0
7638,0.9431981580504248,0.9431981580504248,0.9431981580504248,0
7639,-1.2864019130364297,-1.2864019130364297,-1.2864019130364297,0
7640,-0.29303162950172773,-0.29303162950172773,-0.29303162950172773,0
7641,-0.6042574208228669,-0.6042574208228669,-0.6042574208228669,0
7642,0.684532083726711,0.684532083726711,0.684532083726711,0
7643,-0.5710369160552007,-0.5710369160552007,-0.5710369160552007,0
7644,2.0698948671742405,2.0698948671742405,2.0698948671742405,0
7645,0.20935319014492745,0.20935319014492745,0.20935319014492745,0
7646,-0.8568338581004182,-0.8568338581004182,-0.8568338581004182,0
7647,-0.6546323209970315,-0.6546323209970315,-0.6546323209970315,0
7648,0.052824200749613165,0.052824200749613165,0.052824200749613165,0
7649,-0.6676906107278539,-0.6676906107278539,-0.6676906107278539,0
7650,0.3370655712945401,0.3370655712945401,0.3370655712945401,0
7651,0.9539787685782941,0.9539787685782941,0.9539787685782941,0
7652,-1.7740977222350671,-1.7740977222350671,-1.7740977222350671,0
7653,0.5591496596607687,0.5591496596607687,0.5591496596607687,0
7654,-0.35033884894941836,-0.35033884894941836,-0.35033884894941836,0
7655,0.7508789543344271,0.7508789543344271,0.7508789543344271,0
7656,0.11570473251650103,0.11570473251650103,0.11570473251650103,0
7657,0.9724086708264611,0.9724086708264611,0.9724086708264611,0
7658,0.7032052605436153,0.7032052605436153,0.7032052605436153,0
7659,-0.09932826881136975,-0.09932826881136975,-0.09932826881136975,0
7660,0.042878657443905656,0.042878657443905656,0.042878657443905656,0
7661,-0.29909231583387025,,-0.03733547529029422,1
7662,-0.24694168321792834,,-0.1175496080244941,1
7663,-1.1268141301558592,,-0.197763740758694,1
7664,-0.05076649470831945,,-0.2779778734928938,1
7665,-1.831927998475482,,-0.3581920062270937,1
7666,-0.7906798131494484,,-0.4384061389612936,1
7667,0.37415919197634123,,-0.5186202716954935,1
7668,0.36757021370318943,,-0.5988344044296934,1
7669,0.1335946836634447,,-0.6790485371638932,1
7670,-0.7367567834153013,,-0.7592626698980931,1
7671,-0.8394768026322931,-0.8394768026322931,-0.8394768026322931,0
7672,-0.48250356876982237,-0.48250356876982237,-0.48250356876982237,0
7673,-1.627507598427674,,-0.5770806904828154,1
7674,-1.4669416044667976,,-0.6716578121958086,1
7675,-0.07310453932221848,,-0.7662349339088016,1
7676,-1.1452095638870812,,-0.8608120556217946,1
7677,-1.6600751605168107,,-0.9553891773347877,1
7678,-0.19520534117560998,,-1.0499662990477807,1
7679,-0.19057979928075122,,-1.1445434207607739,1
7680,-0.12464419665957067,,-1.239120542473767,1
7681,0.67051404094489,,-1.33369766418676,1
7682,0.29050690138364405,,-1.4282747858997529,1
7683,-1.5228519076127462,-1.5228519076127462,-1.5228519076127462,0
7684,0.4073694367033572,0.4073694367033572,0.4073694367033572,0
7685,1.0648519277579886,1.0648519277579886,1.0648519277579886,0
7686,-0.32999127364158953,-0.32999127364158953,-0.32999127364158953,0
7687,0.2197652810443066,0.2197652810443066,0.2197652810443066,0
7688,-0.8936118111041748,-0.8936118111041748,-0.8936118111041748,0
7689,0.21604495685409328,0.21604495685409328,0.21604495685409328,0
7690,0.8742430447724635,0.8742430447724635,0.8742430447724635,0
7691,0.05007764814555594,0.05007764814555594,0.05007764814555594,0
7692,-2.053615723859153,-2.053615723859153,-2.053615723859153,0
7693,0.37312105142625196,0.37312105142625196,0.37312105142625196,0
7694,-0.19081389897988954,,0.31033434946247884,1
7695,-0.25205292694219117,,0.24754764749870567,1
7696,-0.038956750225577014,,0.18476094553493252,1
7697,1.087001455459835,,0.12197424357115938,1
7698,0.5087864639892817,,0.05918754160738626,1
7699,-0.6878974704007403,,-0.00359916035638691,1
7700,-0.9812217851338223,,-0.06638586232016008,1
7701,-0.0799626169738046,,-0.1291725642839332,1
7702,-0.18055312070569382,,-0.19195926624770632,1
7703,0.05746327385480006,,-0.25474596821147943,1
7704,-0.3867761839148288,,-0.31753267017525266,1
7705,-0.21681056499896573,,-0.3803193721390258,1
7706,0.3227710668682995,,-0.4431060741027989,1
7707,1.3448785339266187,,-0.5058927760665721,1
7708,-0.11607430753722277,,-0.5686794780303452,1
7709,1.1598468678905929,,-0.6314661799941184,1
7710,-0.06775948200935908,,-0.6942528819578915,1
7711,-0.6447864425766817,,-0.7570395839216646,1
7712,1.394190405700591,,-0.8198262858854377,1
7713,-0.7646161539017705,,-0.8826129878492108,1
7714,-0.945399689812984,-0.945399689812984,-0.945399689812984,0
7715,0.12605163091770719,0.12605163091770719,0.12605163091770719,0
7716,-0.9597797980676852,-0.9597797980676852,-0.9597797980676852,0
7717,0.6633606459105899,0.6633606459105899,0.6633606459105899,0
7718,-1.009438533755536,-1.009438533755536,-1.009438533755536,0
7719,0.3327851304723869,0.3327851304723869,0.3327851304723869,0
7720,-0.5910500934966348,-0.5910500934966348,-0.5910500934966348,0
7721,-0.5439420779929354,-0.5439420779929354,-0.5439420779929354,0
7722,0.57954072369199,0.57954072369199,0.57954072369199,0
7723,-1.1337258461112671,-1.1337258461112671,-1.1337258461112671,0
7724,0.1450622609412963,0.1450622609412963,0.1450622609412963,0
7725,0.982015288559008,0.982015288559008,0.982015288559008,0
7726,0.17094062805900212,0.17094062805900212,0.17094062805900212,0
7727,0.22142765341376633,,0.08429400827015282,1
7728,-0.12575798258889767,,-0.002352611518696479,1
7729,-0.5250568199842062,,-0.08899923130754578,1
7730,0.7434594712289121,,-0.17564585109639508,1
7731,-0.13799412950940784,,-0.2622924708852444,1
7732,0.10503714874433802,,-0.3489390906740937,1
7733,0.36939832171460174,,-0.4355857104629429,1
7734,0.9760903143048503,,-0.5222323302517923,1
7735,-0.3809386917010597,,-0.6088789500406416,1
7736,-0.39905050080718596,,-0.6955255698294909,1
7737,-0.7821721896183402,-0.7821721896183402,-0.7821721896183402,0
7738,0.18634392784571313,0.18634392784571313,0.18634392784571313,0
7739,-1.3865352253750176,-1.3865352253750176,-1.3865352253750176,0
7740,-0.334652110412367,-0.334652110412367,-0.334652110412367,0
7741,-0.9425600921061051,-0.9425600921061051,-0.9425600921061051,0
7742,-1.1661446793002042,-1.1661446793002042,-1.1661446793002042,0
7743,-1.6706868459845792,-1.6706868459845792,-1.6706868459845792,0
7744,0.21101340001292374,0.21101340001292374,0.21101340001292374,0
7745,-2.1343998812601988,-2.1343998812601988,-2.1343998812601988,0
7746,0.6634255898567705,0.6634255898567705,0.6634255898567705,0
7747,-0.860302170343893,-0.860302170343893,-0.860302170343893,0
7748,-0.12714225233815718,,-0.7441698611200487,1
7749,0.09953136614534686,,-0.6280375518962044,1
7750,1.7949902244801956,,-0.51190524267236,1
7751,2.0277954349627745,,-0.39577293344851566,1
7752,-1.1736484554648745,,-0.2796406242246713,1
7753,-0.5243236485412566,,-0.16350831500082696,1
7754,0.9511233190423822,,-0.047376005776982644,1
7755,-0.013689614833108175,,0.06875630344686168,1
7756,-0.30187804996502876,,0.184888612670706,1
7757,-0.03553238067663027,,0.30102092189455043,1
7758,0.41715323111839453,0.41715323111839453,0.41715323111839453,0
7759,1.9355369491384378,1.9355369491384378,1.9355369491384378,0
7760,-0.34550250766182533,,1.7619189421168682,1
7761,-0.5090743380597295,,1.5883009350952988,1
7762,-1.3767945325679398,,1.4146829280737294,1
7763,-1.2986905232347996,,1.2410649210521598,1
7764,0.15288844760846637,,1.0674469140305902,1
7765,2.2768196098852767,,0.8938289070090208,1
7766,0.23015929411728828,,0.7202108999874512,1
7767,-0.455574439607078,,0.5465928929658819,1
7768,1.6137172470019217,,0.3729748859443125,1
7769,-0.15992904606354474,,0.1993568789227429,1
7770,0.025738871901173372,0.025738871901173372,0.025738871901173372,0
7771,0.898084635363379,0.898084635363379,0.898084635363379,0
7772,-0.5838182350068031,-0.5838182350068031,-0.5838182350068031,0
7773,0.14366552999461543,0.14366552999461543,0.14366552999461543,0
7774,-0.4880237200094219,-0.4880237200094219,-0.4880237200094219,0
7775,-1.8804148610702829,-1.8804148610702829,-1.8804148610702829,0
7776,-0.9403517516053053,-0.9403517516053053,-0.9403517516053053,0
7777,0.5049513171480842,0.5049513171480842,0.5049513171480842,0
7778,-1.9538362382402266,-1.9538362382402266,-1.9538362382402266,0
7779,2.156646049111908,2.156646049111908,2.156646049111908,0
7780,-0.9644697737260878,-0.9644697737260878,-0.9644697737260878,0
7781,0.5459733073724315,0.5459733073724315,0.5459733073724315,0
7782,0.811602647093962,0.811602647093962,0.811602647093962,0
7783,1.1842257225162967,1.1842257225162967,1.1842257225162967,0
7784,0.17217740096537454,0.17217740096537454,0.17217740096537454,0
7785,-0.3052286152189486,-0.3052286152189486,-0.3052286152189486,0
7786,0.8736243517925878,0.8736243517925878,0.8736243517925878,0
7787,0.5124731666624908,0.5124731666624908,0.5124731666624908,0
7788,-1.1964325344213889,-1.1964325344213889,-1.1964325344213889,0
7789,0.020481558651269695,0.020481558651269695,0.020481558651269695,0
7790,-0.34361077356826325,-0.34361077356826325,-0.34361077356826325,0
7791,1.2733525938650636,1.2733525938650636,1.2733525938650636,0
7792,0.295814593375656,0.295814593375656,0.295814593375656,0
7793,-1.2151845305041336,-1.2151845305041336,-1.2151845305041336,0
7794,1.1410871305303798,1.1410871305303798,1.1410871305303798,0
7795,-1.1124073106731611,-1.1124073106731611,-1.1124073106731611,0
7796,1.257604616297574,1.257604616297574,1.257604616297574,0
7797,0.4126371243349983,0.4126371243349983,0.4126371243349983,0
7798,1.1129144293663158,1.1129144293663158,1.1129144293663158,0
7799,0.5945622982286194,0.5945622982286194,0.5945622982286194,0
7800,0.662502090713418,0.662502090713418,0.662502090713418,0
7801,-0.12010570586369047,-0.12010570586369047,-0.12010570586369047,0
7802,0.696989027026006,0.696989027026006,0.696989027026006,0
7803,-0.243837942706001,-0.243837942706001,-0.243837942706001,0
7804,-1.0847382551495193,-1.0847382551495193,-1.0847382551495193,0
7805,0.592435437721238,0.592435437721238,0.592435437721238,0
7806,1.5740490898708368,1.5740490898708368,1.5740490898708368,0
7807,1.050884366388612,1.050884366388612,1.050884366388612,0
7808,-0.7246237933395145,-0.7246237933395145,-0.7246237933395145,0
7809,0.46282727586439343,0.46282727586439343,0.46282727586439343,0
7810,-0.6207572393659682,-0.6207572393659682,-0.6207572393659682,0
7811,0.3422702929138753,0.3422702929138753,0.3422702929138753,0
7812,-0.14132256485429995,-0.14132256485429995,-0.14132256485429995,0
7813,1.7687075806068582,1.7687075806068582,1.7687075806068582,0
7814,0.9382762692979784,0.9382762692979784,0.9382762692979784,0
7815,-1.3472146905732332,-1.3472146905732332,-1.3472146905732332,0
7816,-0.7521070457624822,,-1.2684466023638223,1
7817,-0.7770911725345713,,-1.1896785141544117,1
7818,-0.07357284590743142,,-1.1109104259450011,1
7819,1.3078543233437407,,-1.0321423377355903,1
7820,-0.036354309334838665,,-0.9533742495261796,1
7821,0.2102385066094866,,-0.8746061613167688,1
7822,-0.9760717530135549,,-0.7958380731073581,1
7823,1.405550510573731,,-0.7170699848979474,1
7824,-0.7886572921181695,,-0.6383018966885367,1
7825,0.8864013689226294,,-0.5595338084791259,1
7826,-0.4807657202697152,-0.4807657202697152,-0.4807657202697152,0
7827,-0.9432215771752518,-0.9432215771752518,-0.9432215771752518,0
7828,0.49692853767771955,0.49692853767771955,0.49692853767771955,0
7829,-0.0726416560625584,-0.0726416560625584,-0.0726416560625584,0
7830,-0.9232272186442172,-0.9232272186442172,-0.9232272186442172,0
7831,0.8716496018214567,0.8716496018214567,0.8716496018214567,0
7832,0.05380918251337142,0.05380918251337142,0.05380918251337142,0
7833,-0.6930719759643598,,0.06654183408017067,1
7834,-0.9542557166114307,,0.07927448564696993,1
7835,-1.435982648527527,,0.09200713721376917,1
7836,-0.7702952792145498,,0.10473978878056842,1
7837,-0.702888464160614,,0.11747244034736767,1
7838,-0.04026856179296148,,0.13020509191416693,1
7839,0.11621005632518369,,0.14293774348096616,1
7840,0.6051755597955454,,0.15567039504776542,1
7841,-0.5460312458761639,,0.16840304661456468,1
7842,0.07680773310579653,,0.18113569818136394,1
7843,0.19386834974816317,0.19386834974816317,0.19386834974816317,0
7844,1.6253508971734778,1.6253508971734778,1.6253508971734778,0
7845,1.3542177768699901,1.3542177768699901,1.3542177768699901,0
7846,1.7516813019579676,1.7516813019579676,1.7516813019579676,0
7847,-0.4783833772623617,-0.4783833772623617,-0.4783833772623617,0
7848,-0.8094040426618656,-0.8094040426618656,-0.8094040426618656,0
7849,1.0856478163553014,1.0856478163553014,1.0856478163553014,0
7850,0.14947339997180642,0.14947339997180642,0.14947339997180642,0
7851,-2.0579541499532175,-2.0579541499532175,-2.0579541499532175,0
7852,0.9303719872574461,,-1.6589141863906196,1
7853,0.7261696912407672,,-1.2598742228280218,1
7854,0.27909565630708366,,-0.8608342592654241,1
7855,-1.7805066062432549,,-0.46179429570282626,1
7856,-0.5976142813759376,,-0.06275433214022841,1
7857,-0.26461685254526907,,0.3362856314223692,1
7858,1.4643124034914223,,0.7353255949849671,1
7859,-2.837438563902435,,1.134365558547565,1
7860,0.1373955208007879,,1.5334055221101628,1
7861,1.3593210813901913,,1.9324454856727606,1
7862,2.3314854492353585,2.3314854492353585,2.3314854492353585,0
7863,-0.4050291611807688,-0.4050291611807688,-0.4050291611807688,0
7864,1.4726535762478574,1.4726535762478574,1.4726535762478574,0
7865,-1.7587553789676906,,1.3214259970360824,1
7866,-1.8180300235253166,,1.1701984178243074,1
7867,-0.870035592087479,,1.0189708386125327,1
7868,-0.4574160041179338,,0.8677432594007576,1
7869,1.2217419024246987,,0.7165156801889826,1
7870,-0.1563211153782312,,0.5652881009772077,1
7871,-0.3556844708556679,,0.41406052176543273,1
7872,0.7825673154794012,,0.26283294255365774,1
7873,0.6329012847639932,,0.11160536334188276,1
7874,0.6608739985619951,,-0.03962221586989223,1
7875,-0.1908497950816669,-0.1908497950816669,-0.1908497950816669,0
7876,0.4204043736331309,0.4204043736331309,0.4204043736331309,0
7877,-0.8708311602624053,-0.8708311602624053,-0.8708311602624053,0
7878,-0.629833195329281,-0.629833195329281,-0.629833195329281,0
7879,0.7214556595534329,0.7214556595534329,0.7214556595534329,0
7880,-0.9512636217803478,-0.9512636217803478,-0.9512636217803478,0
7881,0.7439250878708056,0.7439250878708056,0.7439250878708056,0
7882,-1.1929382014682983,-1.1929382014682983,-1.1929382014682983,0
7883,1.6238231965200598,1.6238231965200598,1.6238231965200598,0
7884,0.6859229119025175,0.6859229119025175,0.6859229119025175,0
7885,-0.20971640338897526,-0.20971640338897526,-0.20971640338897526,0
7886,1.254012740830923,1.254012740830923,1.254012740830923,0
7887,0.04765575991001484,0.04765575991001484,0.04765575991001484,0
7888,0.16388171975580265,0.16388171975580265,0.16388171975580265,0
7889,-0.6127874359171592,-0.6127874359171592,-0.6127874359171592,0
7890,0.23221217011536274,0.23221217011536274,0.23221217011536274,0
7891,-0.8025133529969478,-0.8025133529969478,-0.8025133529969478,0
7892,0.015171010408903434,0.015171010408903434,0.015171010408903434,0
7893,-0.9089184430664667,-0.9089184430664667,-0.9089184430664667,0
7894,-0.33554955493676614,-0.33554955493676614,-0.33554955493676614,0
7895,0.5537528992189601,0.5537528992189601,0.5537528992189601,0
7896,0.6796425973619525,0.6796425973619525,0.6796425973619525,0
7897,0.17129622263715644,0.17129622263715644,0.17129622263715644,0
7898,1.4454081786462887,1.4454081786462887,1.4454081786462887,0
7899,0.35940813912948594,,1.4147322189199123,1
7900,0.012022111227156084,,1.3840562591935361,1
7901,1.2577810566622412,,1.3533802994671598,1
7902,0.7725242467132953,,1.3227043397407834,1
7903,-1.6739099711425867,,1.292028380014407,1
7904,0.11191277480637644,,1.2613524202880309,1
7905,1.3493777182688917,,1.2306764605616545,1
7906,0.1440120771997516,,1.200000500835278,1
7907,-2.646171186169686,,1.1693245411089017,1
7908,0.19673916208720327,,1.1386485813825256,1
7909,1.1079726216561492,1.1079726216561492,1.1079726216561492,0
7910,-0.5238788982487668,-0.5238788982487668,-0.5238788982487668,0
7911,-1.4603673097162586,-1.4603673097162586,-1.4603673097162586,0
7912,0.43210346625970153,0.43210346625970153,0.43210346625970153,0
7913,-1.5674795155666592,-1.5674795155666592,-1.5674795155666592,0
7914,0.7168184518293362,0.7168184518293362,0.7168184518293362,0
7915,0.24025735298593942,0.24025735298593942,0.24025735298593942,0
7916,0.7986923719250512,0.7986923719250512,0.7986923719250512,0
7917,0.686996977498866,0.686996977498866,0.686996977498866,0
7918,-0.6579697071155035,-0.6579697071155035,-0.6579697071155035,0
7919,1.2956725958498825,1.2956725958498825,1.2956725958498825,0
7920,1.129894508172124,1.129894508172124,1.129894508172124,0
7921,-0.40390105533976023,-0.40390105533976023,-0.40390105533976023,0
7922,-0.00013867969848756415,-0.00013867969848756415,-0.00013867969848756415,0
7923,0.5504805149587906,0.5504805149587906,0.5504805149587906,0
7924,-2.470922136530355,-2.470922136530355,-2.470922136530355,0
7925,-1.0846477933156153,-1.0846477933156153,-1.0846477933156153,0
7926,-0.2919970830342404,-0.2919970830342404,-0.2919970830342404,0
7927,-1.204002998802442,-1.204002998802442,-1.204002998802442,0
7928,0.13842527915381156,0.13842527915381156,0.13842527915381156,0
7929,-0.6809152172240605,-0.6809152172240605,-0.6809152172240605,0
7930,0.664459151654971,0.664459151654971,0.664459151654971,0
7931,-0.8768964507826427,-0.8768964507826427,-0.8768964507826427,0
7932,1.9481693315561428,1.9481693315561428,1.9481693315561428,0
7933,-1.4581726982916372,-1.4581726982916372,-1.4581726982916372,0
7934,-0.8773517995586761,-0.8773517995586761,-0.8773517995586761,0
7935,1.8930633494391897,1.8930633494391897,1.8930633494391897,0
7936,0.3714825673324221,0.3714825673324221,0.3714825673324221,0
7937,-1.5319683345013047,-1.5319683345013047,-1.5319683345013047,0
7938,0.6171679645625087,0.6171679645625087,0.6171679645625087,0
7939,0.13678966931038436,0.13678966931038436,0.13678966931038436,0
7940,0.8733735599645291,0.8733735599645291,0.8733735599645291,0
7941,-0.6367976978576193,-0.6367976978576193,-0.6367976978576193,0
7942,2.147166351381103,2.147166351381103,2.147166351381103,0
7943,1.203203117768225,1.203203117768225,1.203203117768225,0
7944,1.1863286832269464,1.1863286832269464,1.1863286832269464,0
7945,1.2268630095766537,1.2268630095766537,1.2268630095766537,0
7946,1.919621307040263,1.919621307040263,1.919621307040263,0
7947,-0.20582353641403112,-0.20582353641403112,-0.20582353641403112,0
7948,-1.9384485213980582,-1.9384485213980582,-1.9384485213980582,0
7949,0.7910478604205116,0.7910478604205116,0.7910478604205116,0
7950,0.021126045897989842,0.021126045897989842,0.021126045897989842,0
7951,1.9879725617280848,1.9879725617280848,1.9879725617280848,0
7952,-0.3979334027762896,-0.3979334027762896,-0.3979334027762896,0
7953,1.6110410502909511,1.6110410502909511,1.6110410502909511,0
7954,1.999522663983615,1.999522663983615,1.999522663983615,0
7955,0.5674056367617534,0.5674056367617534,0.5674056367617534,0
7956,-0.8083390113508451,-0.8083390113508451,-0.8083390113508451,0
7957,-1.3592029621248127,-1.3592029621248127,-1.3592029621248127,0
7958,-0.053614769908648094,-0.053614769908648094,-0.053614769908648094,0
7959,1.604085892763747,1.604085892763747,1.604085892763747,0
7960,0.8247634369678701,0.8247634369678701,0.8247634369678701,0
7961,-0.12071652453683165,-0.12071652453683165,-0.12071652453683165,0
7962,-1.14853306315646,-1.14853306315646,-1.14853306315646,0
7963,-0.15961125951486882,-0.15961125951486882,-0.15961125951486882,0
7964,0.5114969798705499,0.5114969798705499,0.5114969798705499,0
7965,-2.053638630744037,-2.053638630744037,-2.053638630744037,0
7966,-0.46887105900237325,,-1.898483022521894,1
7967,-0.15911250690151663,,-1.7433274142997512,1
7968,1.451812127414596,,-1.5881718060776082,1
7969,-0.6705191497979721,,-1.4330161978554654,1
7970,-1.1005904982719075,,-1.2778605896333226,1
7971,-0.16343653256810986,,-1.1227049814111796,1
7972,1.3566682654317532,,-0.9675493731890368,1
7973,0.4490549080400885,,-0.812393764966894,1
7974,-0.6685625711328671,,-0.6572381567447512,1
7975,1.0263413710964662,,-0.5020825485226084,1
7976,-0.34692694030046534,-0.34692694030046534,-0.34692694030046534,0
7977,-0.6848890648129147,-0.6848890648129147,-0.6848890648129147,0
7978,0.7725986405138946,0.7725986405138946,0.7725986405138946,0
7979,2.1509780609632503,2.1509780609632503,2.1509780609632503,0
7980,0.40133248038897057,0.40133248038897057,0.40133248038897057,0
7981,0.7105354996878275,0.7105354996878275,0.7105354996878275,0
7982,-1.1750897193060106,-1.1750897193060106,-1.1750897193060106,0
7983,0.17719633166921234,0.17719633166921234,0.17719633166921234,0
7984,-0.3687334873249258,-0.3687334873249258,-0.3687334873249258,0
7985,-0.4446208344531066,-0.4446208344531066,-0.4446208344531066,0
7986,-1.02343745405576,-1.02343745405576,-1.02343745405576,0
7987,-0.12718997479925598,-0.12718997479925598,-0.12718997479925598,0
7988,-1.1831671433634523,,-0.18993700576055367,1
7989,-1.2557836913357785,,-0.25268403672185136,1
7990,1.0152775567696144,,-0.31543106768314905,1
7991,-0.4497260860552504,,-0.37817809864444674,1
7992,0.7421481796906518,,-0.4409251296057444,1
7993,2.085925277810155,,-0.5036721605670421,1
7994,1.7897577632277053,,-0.5664191915283399,1
7995,1.1349133974835075,,-0.6291662224896375,1
7996,-0.018479282307883524,,-0.6919132534509351,1
7997,0.47583323766083524,,-0.7546602844122329,1
7998,-0.8174073153735306,-0.8174073153735306,-0.8174073153735306,0
7999,0.16050904535162563,0.16050904535162563,0.16050904535162563,0
8000,-0.9460216849575248,-0.9460216849575248,-0.9460216849575248,0
8001,-1.1589645789956848,-1.1589645789956848,-1.1589645789956848,0
8002,1.042466974354609,1.042466974354609,1.042466974354609,0
8003,-0.4945920691510529,-0.4945920691510529,-0.4945920691510529,0
8004,1.151154055892664,1.151154055892664,1.151154055892664,0
8005,-1.406494410235433,-1.406494410235433,-1.406494410235433,0
8006,0.6156667921401814,0.6156667921401814,0.6156667921401814,0
8007,-0.7631542062646538,-0.7631542062646538,-0.7631542062646538,0
8008,-0.05163005123471597,-0.05163005123471597,-0.05163005123471597,0
8009,0.10714835867043536,0.10714835867043536,0.10714835867043536,0
8010,0.6366167204926362,0.6366167204926362,0.6366167204926362,0
8011,-0.7633945327780336,-0.7633945327780336,-0.7633945327780336,0
8012,-0.2623393387132099,-0.2623393387132099,-0.2623393387132099,0
8013,0.46250188326648994,0.46250188326648994,0.46250188326648994,0
8014,-0.4170663900272242,-0.4170663900272242,-0.4170663900272242,0
8015,-1.5293570725713836,-1.5293570725713836,-1.5293570725713836,0
8016,0.2524610991353058,,-1.3644361213369125,1
8017,0.29622051455557663,,-1.1995151701024416,1
8018,1.248389162883287,,-1.0345942188679704,1
8019,-0.1297994592861978,,-0.8696732676334994,1
8020,0.7006162045943247,,-0.7047523163990284,1
8021,0.2549810475088332,,-0.5398313651645572,1
8022,-1.9794423086125787,,-0.3749104139300863,1
8023,-0.037550349992016625,,-0.20998946269561514,1
8024,-1.368254054435897,,-0.04506851146114399,1
8025,-0.4580679973874677,,0.11985243977332694,1
8026,0.28477339100779814,0.28477339100779814,0.28477339100779814,0
8027,-1.6887093649912972,-1.6887093649912972,-1.6887093649912972,0
8028,-0.3305846393654198,-0.3305846393654198,-0.3305846393654198,0
8029,0.23958453144617575,0.23958453144617575,0.23958453144617575,0
8030,0.05549969192031167,0.05549969192031167,0.05549969192031167,0
8031,0.1336859688973655,0.1336859688973655,0.1336859688973655,0
8032,1.0865906612053948,1.0865906612053948,1.0865906612053948,0
8033,-2.7513186736482846,-2.7513186736482846,-2.7513186736482846,0
8034,-0.32818754931887983,,-2.5584073356898056,1
8035,-0.37121168811861555,,-2.3654959977313266,1
8036,0.44738705774831444,,-2.1725846597728475,1
8037,-0.21913111579869757,,-1.979673321814369,1
8038,0.1407436822693608,,-1.78676198385589,1
8039,0.40940413143904353,,-1.5938506458974109,1
8040,0.04260449718945353,,-1.400939307938932,1
8041,0.39880179355029743,,-1.208027969980453,1
8042,-1.7731126786297091,,-1.015116632021974,1
8043,-0.5792054472196566,,-0.8222052940634952,1
8044,-0.6292939561050162,-0.6292939561050162,-0.6292939561050162,0
8045,0.2162771354054957,0.2162771354054957,0.2162771354054957,0
8046,0.1375013944705001,0.1375013944705001,0.1375013944705001,0
8047,-0.583603054813826,,0.13678229412165563,1
8048,-0.440585182962531,,0.13606319377281112,1
8049,-0.5075676205361696,,0.13534409342396664,1
8050,-0.013721846680855451,,0.13462499307512216,1
8051,2.108538064086529,,0.13390589272627765,1
8052,0.9475514563629271,,0.13318679237743317,1
8053,-1.901093153131991,,0.13246769202858868,1
8054,-0.24877381927900777,,0.1317485916797442,1
8055,-0.30335745131650166,,0.1310294913308997,1
8056,0.31431630023711976,,0.1303103909820552,1
8057,-0.010592063901523294,,0.12959129063321073,1
8058,0.146562989740552,,0.12887219028436622,1
8059,-0.46288210320450607,,0.12815308993552174,1
8060,1.181570916047259,,0.12743398958667726,1
8061,-0.700207065202062,,0.12671488923783275,1
8062,-0.6464721775588528,,0.12599578888898827,1
8063,1.4681278391714683,,0.1252766885401438,1
8064,0.9451818151649687,,0.12455758819129929,1
8065,0.1407633005011589,,0.1238384878424548,1
8066,-0.4825137489719513,,0.12311938749361032,1
8067,0.12240028714476582,0.12240028714476582,0.12240028714476582,0
8068,-0.8549265767891882,-0.8549265767891882,-0.8549265767891882,0
8069,0.0872233413213418,0.0872233413213418,0.0872233413213418,0
8070,-0.6049264855214497,-0.6049264855214497,-0.6049264855214497,0
8071,0.0006452374793944441,0.0006452374793944441,0.0006452374793944441,0
8072,-0.8068342016914969,-0.8068342016914969,-0.8068342016914969,0
8073,1.3301015884819294,1.3301015884819294,1.3301015884819294,0
8074,-1.3408788598290584,,1.183204243525632,1
8075,-1.1434336411710662,,1.0363068985693349,1
8076,0.17371985805721296,,0.8894095536130376,1
8077,-0.03891694034424419,,0.7425122086567404,1
8078,-0.420823258188781,,0.5956148637004431,1
8079,-0.7645601153073139,,0.4487175187441459,1
8080,-2.3680925902330583,,0.30182017378784876,1
8081,0.5440420277889865,,0.1549228288315514,1
8082,0.5558556330322694,,0.008025483875254036,1
8083,1.8053984787664545,,-0.1388718610810431,1
8084,-0.28576920603734046,-0.28576920603734046,-0.28576920603734046,0
8085,0.037735473588866475,0.037735473588866475,0.037735473588866475,0
8086,-0.09760596382345826,,0.10308524754326452,1
8087,-0.11958569764844262,,0.16843502149766257,1
8088,1.6387365061950958,,0.2337847954520606,1
8089,-1.6649738240889278,,0.29913456940645866,1
8090,-1.0010696137595416,,0.3644843433608567,1
8091,-0.32455580008133994,,0.4298341173152547,1
8092,-0.9966421616427712,,0.4951838912696528,1
8093,-1.4214808278700548,,0.5605336652240509,1
8094,1.100362324055085,,0.6258834391784489,1
8095,-1.5375302719816506,,0.6912332131328469,1
8096,0.7565829870872449,0.7565829870872449,0.7565829870872449,0
8097,-1.8059706507473596,-1.8059706507473596,-1.8059706507473596,0
8098,-0.7929186898441569,-0.7929186898441569,-0.7929186898441569,0
8099,0.14751476415958906,0.14751476415958906,0.14751476415958906,0
8100,-1.21477019927581,-1.21477019927581,-1.21477019927581,0
8101,-1.0090967876131496,-1.0090967876131496,-1.0090967876131496,0
8102,0.04006222900222803,0.04006222900222803,0.04006222900222803,0
8103,1.2354731006062722,1.2354731006062722,1.2354731006062722,0
8104,-0.7591991757576833,-0.7591991757576833,-0.7591991757576833,0
8105,-0.11026395289992492,,-0.7149471439008223,1
8106,-0.27218211920669644,,-0.6706951120439613,1
8107,-1.0339037956542165,,-0.6264430801871004,1
8108,1.4014433025119324,,-0.5821910483302394,1
8109,0.3530732377148866,,-0.5379390164733784,1
8110,-0.27664249576868916,,-0.49368698461651744,1
8111,0.7754786451273333,,-0.4494349527596565,1
8112,0.03473342841596252,,-0.4051829209027955,1
8113,0.43271871730548456,,-0.3609308890459345,1
8114,0.14464808985428748,,-0.31667885718907357,1
8115,-0.2724268253322126,-0.2724268253322126,-0.2724268253322126,0
8116,-0.5078169183278546,-0.5078169183278546,-0.5078169183278546,0
8117,0.09701340133500218,0.09701340133500218,0.09701340133500218,0
8118,0.07041153653191119,0.07041153653191119,0.07041153653191119,0
8119,0.6580863224236664,0.6580863224236664,0.6580863224236664,0
8120,0.7903200535378203,,0.6226584287750196,1
8121,0.80022225317001,,0.5872305351263729,1
8122,0.062389726422999614,,0.5518026414777262,1
8123,1.4753684522485877,,0.5163747478290796,1
8124,0.45644165657853286,,0.4809468541804328,1
8125,1.3792350809035905,,0.4455189605317861,1
8126,-0.5142461554842752,,0.41009106688313934,1
8127,-1.7754926948786514,,0.37466317323449266,1
8128,1.7964170323298618,,0.33923527958584593,1
8129,0.838195279822597,,0.30380738593719925,1
8130,0.2683794922885525,0.2683794922885525,0.2683794922885525,0
8131,0.8537628541695783,0.8537628541695783,0.8537628541695783,0
8132,-0.49250192312854446,-0.49250192312854446,-0.49250192312854446,0
8133,-0.20459825667470374,-0.20459825667470374,-0.20459825667470374,0
8134,-1.8829199751149046,,-0.1632179393898581,1
8135,-1.529287630303328,,-0.12183762210501244,1
8136,-0.6770238725192554,,-0.08045730482016678,1
8137,0.8336365790733277,,-0.03907698753532113,1
8138,1.794827558107877,,0.0023033297495245186,1
8139,-0.5034528247978765,,0.04368364703437019,1
8140,0.09708359039267798,,0.08506396431921584,1
8141,-0.08649705756506362,,0.1264442816040615,1
8142,-1.772922904313993,,0.16782459888890713,1
8143,0.5830261732864285,,0.20920491617375278,1
8144,0.2505852334585984,0.2505852334585984,0.2505852334585984,0
8145,0.7249298825176423,0.7249298825176423,0.7249298825176423,0
8146,1.5606808086842403,1.5606808086842403,1.5606808086842403,0
8147,1.9688563559681636,1.9688563559681636,1.9688563559681636,0
8148,-0.5047863653081371,-0.5047863653081371,-0.5047863653081371,0
8149,1.063475638860553,1.063475638860553,1.063475638860553,0
8150,0.17659585506182088,0.17659585506182088,0.17659585506182088,0
8151,-1.4808773971147458,-1.4808773971147458,-1.4808773971147458,0
8152,0.8392568802604171,0.8392568802604171,0.8392568802604171,0
8153,0.11713782857065375,0.11713782857065375,0.11713782857065375,0
8154,-1.7416095164513228,-1.7416095164513228,-1.7416095164513228,0
8155,-1.34611314901507,-1.34611314901507,-1.34611314901507,0
8156,0.12754396149483388,0.12754396149483388,0.12754396149483388,0
8157,0.7337396134588815,0.7337396134588815,0.7337396134588815,0
8158,0.3704099908853833,0.3704099908853833,0.3704099908853833,0
8159,0.011171081973494198,0.011171081973494198,0.011171081973494198,0
8160,-0.8068081455488165,-0.8068081455488165,-0.8068081455488165,0
8161,0.34347387813954283,0.34347387813954283,0.34347387813954283,0
8162,1.1652617106441014,1.1652617106441014,1.1652617106441014,0
8163,-1.3327043246250372,-1.3327043246250372,-1.3327043246250372,0
8164,-1.2586193483891772,-1.2586193483891772,-1.2586193483891772,0
8165,0.15489268645943785,0.15489268645943785,0.15489268645943785,0
8166,1.181129065962062,1.181129065962062,1.181129065962062,0
8167,0.8098614484460661,0.8098614484460661,0.8098614484460661,0
8168,-0.47215237592940806,-0.47215237592940806,-0.47215237592940806,0
8169,-1.7218354002906293,-1.7218354002906293,-1.7218354002906293,0
8170,-0.09706056457981443,-0.09706056457981443,-0.09706056457981443,0
8171,0.33472515916211115,0.33472515916211115,0.33472515916211115,0
8172,-0.1247692748646022,,0.264279636477964,1
8173,-0.2332161060222512,,0.19383411379381685,1
8174,0.4030891733025784,,0.12338859110966971,1
8175,-0.29972194474287683,,0.052943068425522544,1
8176,-0.4401637812174285,,-0.017502454258624622,1
8177,0.6132615645532987,,-0.08794797694277173,1
8178,1.224410804349082,,-0.1583934996269189,1
8179,2.0651497356127577,,-0.22883902231106606,1
8180,1.2487187257474555,,-0.29928454499521323,1
8181,-0.9991226749685526,,-0.3697300676793604,1
8182,-0.44017559036350745,-0.44017559036350745,-0.44017559036350745,0
8183,1.8111808667624298,1.8111808667624298,1.8111808667624298,0
8184,0.4270839159785592,0.4270839159785592,0.4270839159785592,0
8185,-1.184268380562772,-1.184268380562772,-1.184268380562772,0
8186,0.009927470768002402,0.009927470768002402,0.009927470768002402,0
8187,-0.4068118332138526,,-0.007360418945146673,1
8188,-0.13732459728206114,,-0.02464830865829575,1
8189,0.1344119907683286,,-0.04193619837144483,1
8190,-0.1630927743311592,,-0.059224088084593896,1
8191,1.338289124442105,,-0.07651197779774296,1
8192,1.6000552052674113,,-0.09379986751089205,1
8193,-0.1278994741900096,,-0.11108775722404113,1
8194,0.058242964169810535,,-0.1283756469371902,1
8195,-0.04370021956028719,,-0.14566353665033926,1
8196,-1.3997037140923216,,-0.16295142636348833,1
8197,-0.4853007704587361,,-0.18023931607663743,1
8198,-0.38354999608673135,,-0.1975272057897865,1
8199,-2.3162935011375136,,-0.21481509550293557,1
8200,0.8343003185213569,,-0.23210298521608466,1
8201,-1.6134478991419854,,-0.2493908749292337,1
8202,-2.3181452058105103,,-0.2666787646423828,1
8203,-1.169924036131218,,-0.2839666543555319,1
8204,-1.0912129338470624,,-0.30125454406868096,1
8205,0.18184989856901768,,-0.31854243378183006,1
8206,0.9041819643762158,,-0.3358303234949791,1
8207,-0.3531182132081282,-0.3531182132081282,-0.3531182132081282,0
8208,-0.8110250566541495,-0.8110250566541495,-0.8110250566541495,0
8209,0.1532348905276947,0.1532348905276947,0.1532348905276947,0
8210,-0.2933977055270996,-0.2933977055270996,-0.2933977055270996,0
8211,0.03490936849866257,,-0.25865109502138134,1
8212,0.1671712293603283,,-0.22390448451566305,1
8213,0.25900627273459137,,-0.18915787400994477,1
8214,-0.28977697849621514,,-0.15441126350422651,1
8215,-2.781474588173527,,-0.11966465299850826,1
8216,1.8322046231359066,,-0.08491804249278997,1
8217,-1.0953803335203816,,-0.05017143198707169,1
8218,0.8894191824798371,,-0.015424821481353435,1
8219,-1.0947187185737477,,0.01932178902436482,1
8220,1.2869482629499354,,0.05406839953008308,1
8221,0.14250307453292546,,0.08881501003580139,1
8222,-0.010738059424683553,,0.12356162054151965,1
8223,0.7017557402593384,,0.1583082310472379,1
8224,-0.04124909169284289,,0.1930548415529562,1
8225,1.325964865330661,,0.22780145205867447,1
8226,1.4844544303124867,,0.2625480625643927,1
8227,0.18096209277144207,,0.297294673070111,1
8228,-0.2767884438321892,,0.33204128357582924,1
8229,-1.4863936066914996,,0.3667878940815475,1
8230,-0.5307517995983784,,0.40153450458726575,1
8231,0.4362811150929841,0.4362811150929841,0.4362811150929841,0
8232,0.13992443941596555,0.13992443941596555,0.13992443941596555,0
8233,-0.13908862317908513,,0.16260157661176822,1
8234,-0.2977613389552703,,0.1852787138075709,1
8235,1.504140378440443,,0.2079558510033736,1
8236,-0.09989597356804865,,0.23063298819917627,1
8237,1.402619974049852,,0.25331012539497894,1
8238,0.1907572854557866,,0.27598726259078166,1
8239,-1.0301480805197474,,0.2986643997865843,1
8240,-0.06742387146257933,,0.321341536982387,1
8241,0.07574391197764309,,0.34401867417818965,1
8242,-0.7095098536482936,,0.3666958113739923,1
8243,0.38937294856979504,0.38937294856979504,0.38937294856979504,0
8244,-0.2233912991227259,-0.2233912991227259,-0.2233912991227259,0
8245,-0.3405284328468779,-0.3405284328468779,-0.3405284328468779,0
8246,0.09280286276359712,,-0.48456907651950754,1
8247,-0.122966345684573,,-0.6286097201921371,1
8248,0.5775781433752609,,-0.7726503638647668,1
8249,-1.669883102960033,,-0.9166910075373964,1
8250,0.7558006414448308,,-1.060731651210026,1
8251,0.8450328431421037,,-1.2047722948826556,1
8252,0.6951775479416583,,-1.3488129385552852,1
8253,-3.036240898737283,,-1.4928535822279148,1
8254,1.2493912709501789,,-1.6368942259005443,1
8255,-0.47643529448891064,,-1.780934869573174,1
8256,-1.9249755132458035,-1.9249755132458035,-1.9249755132458035,0
8257,-0.17041854104768867,-0.17041854104768867,-0.17041854104768867,0
8258,0.5716717419827811,0.5716717419827811,0.5716717419827811,0
8259,-0.5037429015862386,-0.5037429015862386,-0.5037429015862386,0
8260,-0.5799505243181884,-0.5799505243181884,-0.5799505243181884,0
8261,-1.3505581380376723,-1.3505581380376723,-1.3505581380376723,0
8262,1.532679366874008,1.532679366874008,1.532679366874008,0
8263,-0.37559185341969586,-0.37559185341969586,-0.37559185341969586,0
8264,-1.0879817000416088,-1.0879817000416088,-1.0879817000416088,0
8265,0.10318266270136325,,-0.9197999018347753,1
8266,-0.11412227049701913,,-0.751618103627942,1
8267,0.6683902372487615,,-0.5834363054211087,1
8268,2.0304159106474278,,-0.41525450721427526,1
8269,0.7531876365670042,,-0.24707270900744183,1
8270,1.186217135545759,,-0.07889091080060862,1
8271,0.1268291413717234,,0.08929088740622482,1
8272,-0.4833942436168389,,0.25747268561305825,1
8273,-1.160127544736393,,0.4256544838198917,1
8274,-0.37900210686772845,,0.5938362820267251,1
8275,0.7620180802335582,0.7620180802335582,0.7620180802335582,0
8276,1.667168819936744,1.667168819936744,1.667168819936744,0
8277,0.04494933339000099,0.04494933339000099,0.04494933339000099,0
8278,1.7790916605985492,1.7790916605985492,1.7790916605985492,0
8279,-0.8894022031441365,-0.8894022031441365,-0.8894022031441365,0
8280,0.21574634438563103,0.21574634438563103,0.21574634438563103,0
8281,0.002822854639687162,0.002822854639687162,0.002822854639687162,0
8282,1.4103808026884372,1.4103808026884372,1.4103808026884372,0
8283,-0.7262616383599556,-0.7262616383599556,-0.7262616383599556,0
8284,0.749807850121342,0.749807850121342,0.749807850121342,0
8285,-0.6739312501913689,-0.6739312501913689,-0.6739312501913689,0
8286,-0.41493105862402435,-0.41493105862402435,-0.41493105862402435,0
8287,-0.10592674080141128,-0.10592674080141128,-0.10592674080141128,0
8288,0.47140984156541926,0.47140984156541926,0.47140984156541926,0
8289,-0.7675004858326536,-0.7675004858326536,-0.7675004858326536,0
8290,0.32934049859762626,0.32934049859762626,0.32934049859762626,0
8291,0.4057626374429833,0.4057626374429833,0.4057626374429833,0
8292,-2.178990267352369,-2.178990267352369,-2.178990267352369,0
8293,-0.9016527222673105,,-1.90892342606746,1
8294,-1.2496221978672377,,-1.638856584782551,1
8295,-0.15256253408428727,,-1.3687897434976422,1
8296,1.5412505486676367,,-1.0987229022127332,1
8297,-1.2284705608398656,,-0.8286560609278242,1
8298,-0.5876803113095144,,-0.5585892196429154,1
8299,0.8145443287753252,,-0.2885223783580064,1
8300,-0.8097910033517915,,-0.01845553707309744,1
8301,0.7701344546902282,,0.2516113042118113,1
8302,0.2712570656278879,,0.5216781454967205,1
8303,0.7917449867816293,0.7917449867816293,0.7917449867816293,0
8304,1.776687843566422,1.776687843566422,1.776687843566422,0
8305,0.4294635456125715,0.4294635456125715,0.4294635456125715,0
8306,1.1541946097878448,1.1541946097878448,1.1541946097878448,0
8307,0.4098954534337591,0.4098954534337591,0.4098954534337591,0
8308,0.23994969509082334,0.23994969509082334,0.23994969509082334,0
8309,-0.7643194216264185,-0.7643194216264185,-0.7643194216264185,0
8310,-0.3161554020636876,,-0.682510566171507,1
8311,-0.19994827954999178,,-0.6007017107165953,1
8312,-0.29163027507200595,,-0.5188928552616836,1
8313,-0.19076710967172522,,-0.43708399980677204,1
8314,-0.4925516623004407,,-0.3552751443518604,1
8315,1.9676525855605105,,-0.2734662888969488,1
8316,0.09412090702853797,,-0.19165743344203723,1
8317,-0.4500127137176228,,-0.10984857798712555,1
8318,-1.3123865407476947,,-0.028039722532213873,1
8319,0.009153121133115429,,0.05376913292269769,1
8320,0.13557798837760932,0.13557798837760932,0.13557798837760932,0
8321,-0.843470545971703,-0.843470545971703,-0.843470545971703,0
8322,0.3230032174980041,,-0.8380390529426837,1
8323,0.05722914354254216,,-0.8326075599136643,1
8324,-0.21041180872206333,,-0.8271760668846451,1
8325,0.27988823986800154,,-0.8217445738556257,1
8326,-1.5300916451816355,,-0.8163130808266064,1
8327,-1.0948020145689508,,-0.810881587797587,1
8328,-1.0899598732038813,,-0.8054500947685677,1
8329,1.949462982720179,,-0.8000186017395483,1
8330,0.8222469714532645,,-0.7945871087105291,1
8331,-0.3758424155875994,,-0.7891556156815097,1
8332,-0.7837241226524904,-0.7837241226524904,-0.7837241226524904,0
8333,-0.3271085389733646,-0.3271085389733646,-0.3271085389733646,0
8334,0.1539379816615095,0.1539379816615095,0.1539379816615095,0
8335,0.8524100420233423,0.8524100420233423,0.8524100420233423,0
8336,-1.0383188982482214,-1.0383188982482214,-1.0383188982482214,0
8337,-0.10921749145055958,-0.10921749145055958,-0.10921749145055958,0
8338,0.6929509620742241,0.6929509620742241,0.6929509620742241,0
8339,-0.436134513712958,-0.436134513712958,-0.436134513712958,0
8340,1.7304610717597018,1.7304610717597018,1.7304610717597018,0
8341,0.24314166725789416,0.24314166725789416,0.24314166725789416,0
8342,-0.5877948759855277,-0.5877948759855277,-0.5877948759855277,0
8343,0.9222019450823294,0.9222019450823294,0.9222019450823294,0
8344,-0.8449412486440693,-0.8449412486440693,-0.8449412486440693,0
8345,-0.8134928265969017,,-1.0544946945561526,1
8346,-0.8830565246293565,,-1.264048140468236,1
8347,0.11347035742722336,,-1.4736015863803194,1
8348,-0.5245278021946924,,-1.6831550322924027,1
8349,0.7459399956057249,,-1.892708478204486,1
8350,0.7119021029353125,,-2.1022619241165694,1
8351,-0.8191860421183069,,-2.311815370028653,1
8352,-0.79250100236402,,-2.521368815940736,1
8353,-0.24457944189869155,,-2.7309222618528195,1
8354,0.639124405168044,,-2.940475707764903,1
8355,-3.150029153676986,-3.150029153676986,-3.150029153676986,0
8356,-0.9275973959974884,-0.9275973959974884,-0.9275973959974884,0
8357,1.6235702736095223,1.6235702736095223,1.6235702736095223,0
8358,1.4184170000262726,1.4184170000262726,1.4184170000262726,0
8359,-0.6783264524983786,-0.6783264524983786,-0.6783264524983786,0
8360,-0.26153219453421245,-0.26153219453421245,-0.26153219453421245,0
8361,1.1816421508616166,1.1816421508616166,1.1816421508616166,0
8362,-1.6523323380936112,-1.6523323380936112,-1.6523323380936112,0
8363,-0.9169707193865517,,-1.3752737120699798,1
8364,-1.2169609972249238,,-1.0982150860463484,1
8365,0.8948814280796608,,-0.8211564600227168,1
8366,-2.290327844030533,,-0.5440978339990854,1
8367,0.2509670100948105,,-0.267039207975454,1
8368,-0.9546470008711416,,0.01001941804817763,1
8369,0.5294903613463725,,0.28707804407180904,1
8370,0.7961847572822799,,0.5641366700954404,1
8371,1.2911103481125024,,0.8411952961190718,1
8372,0.09199394026767899,,1.1182539221427032,1
8373,1.395312548166335,1.395312548166335,1.395312548166335,0
8374,-0.8808642029236704,-0.8808642029236704,-0.8808642029236704,0
8375,0.3076570315365206,,-0.8564026374895771,1
8376,0.18753533364829358,,-0.8319410720554838,1
8377,1.7184469708796797,,-0.8074795066213905,1
8378,-0.2876322945742655,,-0.7830179411872972,1
8379,-1.0473624427779613,,-0.7585563757532039,1
8380,-0.8207721406581145,,-0.7340948103191106,1
8381,0.20525316309821964,,-0.7096332448850173,1
8382,-0.2712643725569727,,-0.6851716794509239,1
8383,-1.4474654530839965,,-0.6607101140168307,1
8384,-0.36722524895102654,,-0.6362485485827374,1
8385,-0.6117869831486441,-0.6117869831486441,-0.6117869831486441,0
8386,0.6390017367358041,0.6390017367358041,0.6390017367358041,0
8387,-0.35978782588332514,-0.35978782588332514,-0.35978782588332514,0
8388,1.0084161999469494,1.0084161999469494,1.0084161999469494,0
8389,0.18733906074644735,0.18733906074644735,0.18733906074644735,0
8390,-1.5372689287787238,-1.5372689287787238,-1.5372689287787238,0
8391,0.015805695739119136,0.015805695739119136,0.015805695739119136,0
8392,0.40827118302809184,0.40827118302809184,0.40827118302809184,0
8393,-0.34513459405563274,-0.34513459405563274,-0.34513459405563274,0
8394,-2.211792459617751,-2.211792459617751,-2.211792459617751,0
8395,-0.6701432938182696,-0.6701432938182696,-0.6701432938182696,0
8396,0.8260312836242132,0.8260312836242132,0.8260312836242132,0
8397,0.22308462930561807,0.22308462930561807,0.22308462930561807,0
8398,-0.07985663943845973,-0.07985663943845973,-0.07985663943845973,0
8399,-1.5229536586565002,-1.5229536586565002,-1.5229536586565002,0
8400,-1.989595167592994,-1.989595167592994,-1.989595167592994,0
8401,0.7942754281061336,0.7942754281061336,0.7942754281061336,0
8402,-1.175412905487601,-1.175412905487601,-1.175412905487601,0
8403,0.9873096413001582,0.9873096413001582,0.9873096413001582,0
8404,-0.7794546957032662,-0.7794546957032662,-0.7794546957032662,0
8405,-0.21495731849399846,,-0.7984392168477803,1
8406,-0.390524123077219,,-0.8174237379922944,1
8407,0.5889755377780269,,-0.8364082591368085,1
8408,1.1150253085581956,,-0.8553927802813226,1
8409,0.9899964099439995,,-0.8743773014258367,1
8410,-1.196320294547279,,-0.8933618225703508,1
8411,-0.7778720586508948,,-0.9123463437148648,1
8412,-0.47343158926239975,,-0.9313308648593789,1
8413,0.05692881616508057,,-0.950315386003893,1
8414,1.563748679310696,,-0.9692999071484071,1
8415,-0.9882844282929212,-0.9882844282929212,-0.9882844282929212,0
8416,0.51011177737222,0.51011177737222,0.51011177737222,0
8417,-0.28562544279725605,-0.28562544279725605,-0.28562544279725605,0
8418,-1.4079062532882638,-1.4079062532882638,-1.4079062532882638,0
8419,-0.7053378579265469,-0.7053378579265469,-0.7053378579265469,0
8420,-1.8990582126622524,-1.8990582126622524,-1.8990582126622524,0
8421,0.29282966887841044,0.29282966887841044,0.29282966887841044,0
8422,-1.756769272854151,-1.756769272854151,-1.756769272854151,0
8423,0.8842833581042346,0.8842833581042346,0.8842833581042346,0
8424,0.4913313501265288,0.4913313501265288,0.4913313501265288,0
8425,-0.38696601794815105,-0.38696601794815105,-0.38696601794815105,0
8426,0.31510704365042796,,-0.38872285873137347,1
8427,0.08265812896962582,,-0.3904796995145959,1
8428,0.4183979263095253,,-0.39223654029781824,1
8429,-0.23018461365676335,,-0.39399338108104065,1
8430,-1.061443124912625,,-0.39575022186426306,1
8431,-2.7916937242847744,,-0.3975070626474855,1
8432,1.1466751246095375,,-0.39926390343070783,1
8433,0.3735331241243121,,-0.40102074421393025,1
8434,-1.1790710220436476,,-0.40277758499715266,1
8435,-1.3273087131552945,,-0.4045344257803751,1
8436,0.5137156252724933,,-0.40629126656359743,1
8437,0.851669609435753,,-0.40804810734681984,1
8438,-0.5458895027169358,,-0.40980494813004226,1
8439,-1.0785639605888688,,-0.41156178891326467,1
8440,0.9626975309522237,,-0.413318629696487,1
8441,-0.7519270210864855,,-0.41507547047970944,1
8442,-1.7752977623487354,,-0.41683231126293185,1
8443,-0.7898243541454251,,-0.41858915204615427,1
8444,1.4982125816336611,,-0.4203459928293767,1
8445,-1.152838761343011,,-0.42210283361259904,1
8446,-0.42385967439582145,-0.42385967439582145,-0.42385967439582145,0
8447,0.11635095784748473,0.11635095784748473,0.11635095784748473,0
8448,0.528802166211329,0.528802166211329,0.528802166211329,0
8449,-0.48296574943619613,-0.48296574943619613,-0.48296574943619613,0
8450,-0.4772666125261908,-0.4772666125261908,-0.4772666125261908,0
8451,-1.9884260482459826,-1.9884260482459826,-1.9884260482459826,0
8452,0.04374629107782033,0.04374629107782033,0.04374629107782033,0
8453,0.23444712364076506,0.23444712364076506,0.23444712364076506,0
8454,-0.12811234753778025,-0.12811234753778025,-0.12811234753778025,0
8455,0.20350601495002515,0.20350601495002515,0.20350601495002515,0
8456,0.2736841888606562,0.2736841888606562,0.2736841888606562,0
8457,1.8506318736761784,1.8506318736761784,1.8506318736761784,0
8458,0.2641718228378173,0.2641718228378173,0.2641718228378173,0
8459,0.4333720549909835,0.4333720549909835,0.4333720549909835,0
8460,-0.014899159081184988,-0.014899159081184988,-0.014899159081184988,0
8461,-0.8802076078083688,-0.8802076078083688,-0.8802076078083688,0
8462,0.7811725064942815,0.7811725064942815,0.7811725064942815,0
8463,0.5775746717880634,0.5775746717880634,0.5775746717880634,0
8464,-0.5440348053181181,-0.5440348053181181,-0.5440348053181181,0
8465,0.3922743507937967,0.3922743507937967,0.3922743507937967,0
8466,0.7321532446605834,0.7321532446605834,0.7321532446605834,0
8467,0.9997794985828365,0.9997794985828365,0.9997794985828365,0
8468,-0.5248707560430523,-0.5248707560430523,-0.5248707560430523,0
8469,0.6487857030672558,0.6487857030672558,0.6487857030672558,0
8470,-1.5119741552335844,-1.5119741552335844,-1.5119741552335844,0
8471,0.2704847258004155,0.2704847258004155,0.2704847258004155,0
8472,-0.1486965228852692,-0.1486965228852692,-0.1486965228852692,0
8473,0.11130852214825887,,-0.003942420604190311,1
8474,-0.10592463612689404,,0.14081168167688857,1
8475,-0.4759512476361607,,0.28556578395796745,1
8476,0.5513311442131098,,0.4303198862390463,1
8477,-0.7128783937188299,,0.5750739885201253,1
8478,-1.5496756537801413,,0.719828090801204,1
8479,-0.06570631557854116,,0.8645821930822828,1
8480,-2.2050396250219158,,1.0093362953633618,1
8481,-0.8579291227311836,,1.1540903976444408,1
8482,-1.541965548184232,,1.2988444999255195,1
8483,1.4435986022065983,1.4435986022065983,1.4435986022065983,0
8484,0.007797540425509878,,1.3928424910277737,1
8485,0.2745267836170507,,1.3420863798489489,1
8486,0.9663910919241607,,1.2913302686701242,1
8487,-1.4712583172023987,,1.2405741574912994,1
8488,-0.9425556601689112,,1.1898180463124748,1
8489,-3.088536634062876,,1.13906193513365,1
8490,0.5116169885326757,,1.0883058239548253,1
8491,-1.2548424426027363,,1.0375497127760005,1
8492,-1.9928226347623232,,0.9867936015971759,1
8493,1.0275903070391215,,0.9360374904183512,1
8494,-0.6428953377843837,,0.8852813792395264,1
8495,-0.8020198301833974,,0.8345252680607017,1
8496,-0.13067810877642339,,0.783769156881877,1
8497,-0.3666283966132711,,0.7330130457030523,1
8498,1.0030494786257083,,0.6822569345242275,1
8499,-0.0063025472415134285,,0.6315008233454028,1
8500,-1.2080876177759607,,0.5807447121665781,1
8501,0.9150918943898991,,0.5299886009877534,1
8502,0.25991728441670214,,0.47923248980892863,1
8503,1.1914217500236777,,0.428476378630104,1
8504,0.37772026745127923,0.37772026745127923,0.37772026745127923,0
8505,-0.2778806694921986,-0.2778806694921986,-0.2778806694921986,0
8506,-1.5753796282029024,-1.5753796282029024,-1.5753796282029024,0
8507,-1.018180815404589,-1.018180815404589,-1.018180815404589,0
8508,1.2820297787653114,1.2820297787653114,1.2820297787653114,0
8509,-0.6828606440491067,-0.6828606440491067,-0.6828606440491067,0
8510,-1.1732024280058573,-1.1732024280058573,-1.1732024280058573,0
8511,-1.5589035021342916,-1.5589035021342916,-1.5589035021342916,0
8512,0.96649407722959,0.96649407722959,0.96649407722959,0
8513,2.2125555301736206,2.2125555301736206,2.2125555301736206,0
8514,1.3397961502327416,1.3397961502327416,1.3397961502327416,0
8515,-1.1341044934878861,-1.1341044934878861,-1.1341044934878861,0
8516,-0.6082168771277091,,-0.9309506949118678,1
8517,-0.2821946163361491,,-0.7277968963358494,1
8518,0.3664294754554586,,-0.524643097759831,1
8519,-1.3682481796472414,,-0.32148929918381264,1
8520,1.3636432720763523,,-0.11833550060779419,1
8521,2.0442757217195204,,0.08481829796822415,1
8522,-0.6803094314278396,,0.2879720965442425,1
8523,1.3357823573761591,,0.49112589512026084,1
8524,-1.2786432768562686,,0.6942796936962792,1
8525,-1.5178732395272883,,0.8974334922722977,1
8526,1.1005872908483156,1.1005872908483156,1.1005872908483156,0
8527,1.6113755043144145,1.6113755043144145,1.6113755043144145,0
8528,1.1350802271898577,,1.39283576927427,1
8529,1.4204963330428657,,1.1742960342341258,1
8530,1.7017116017336849,,0.9557562991939813,1
8531,-1.600252142535367,,0.737216564153837,1
8532,-1.1078473926716208,,0.5186768291136925,1
8533,1.2242818904744353,,0.30013709407354816,1
8534,0.5712797003075019,,0.08159735903340382,1
8535,-0.7333925217550958,,-0.13694237600674053,1
8536,0.903279171952868,,-0.3554821110468849,1
8537,0.6186683452879512,,-0.5740218460870294,1
8538,-0.7925615811271733,-0.7925615811271733,-0.7925615811271733,0
8539,0.9515034712252668,0.9515034712252668,0.9515034712252668,0
8540,-0.7875296502973222,-0.7875296502973222,-0.7875296502973222,0
8541,-0.16488885462724565,-0.16488885462724565,-0.16488885462724565,0
8542,0.3184083603711001,0.3184083603711001,0.3184083603711001,0
8543,-0.5690015338621112,-0.5690015338621112,-0.5690015338621112,0
8544,-1.3006237332191137,-1.3006237332191137,-1.3006237332191137,0
8545,0.5832002062363977,0.5832002062363977,0.5832002062363977,0
8546,0.603537484623953,0.603537484623953,0.603537484623953,0
8547,0.15895146924787856,0.15895146924787856,0.15895146924787856,0
8548,-1.5638441925157072,-1.5638441925157072,-1.5638441925157072,0
8549,-0.49859793679381725,-0.49859793679381725,-0.49859793679381725,0
8550,-1.674684228872133,-1.674684228872133,-1.674684228872133,0
8551,1.5747628439295622,1.5747628439295622,1.5747628439295622,0
8552,0.5441628775231567,0.5441628775231567,0.5441628775231567,0
8553,-0.34517391799765507,-0.34517391799765507,-0.34517391799765507,0
8554,-0.8442543809258424,-0.8442543809258424,-0.8442543809258424,0
8555,-1.7969372429256374,-1.7969372429256374,-1.7969372429256374,0
8556,0.7819649027113494,0.7819649027113494,0.7819649027113494,0
8557,2.3557308943283304,2.3557308943283304,2.3557308943283304,0
8558,0.7895377133643118,0.7895377133643118,0.7895377133643118,0
8559,0.40725899666933785,0.40725899666933785,0.40725899666933785,0
8560,1.4439331871415535,,0.43015223468521374,1
8561,1.2721112974508104,,0.45304547270108964,1
8562,1.0937962498195017,,0.4759387107169655,1
8563,0.9463646542615861,,0.49883194873284137,1
8564,0.3688847612563002,,0.5217251867487173,1
8565,-0.4097927973342158,,0.5446184247645931,1
8566,0.9485117467173966,,0.567511662780469,1
8567,1.463047357100577,,0.5904049007963449,1
8568,0.6183185324423499,,0.6132981388122207,1
8569,-0.9029466262343635,,0.6361913768280967,1
8570,0.6590846148439725,0.6590846148439725,0.6590846148439725,0
8571,-1.8233146130034765,-1.8233146130034765,-1.8233146130034765,0
8572,-1.4840990797654705,-1.4840990797654705,-1.4840990797654705,0
8573,0.32156142056968956,0.32156142056968956,0.32156142056968956,0
8574,-0.22801442061759244,-0.22801442061759244,-0.22801442061759244,0
8575,-0.8978257299212031,-0.8978257299212031,-0.8978257299212031,0
8576,-0.623973505366458,-0.623973505366458,-0.623973505366458,0
8577,1.515237263651733,1.515237263651733,1.515237263651733,0
8578,1.7408874569829424,1.7408874569829424,1.7408874569829424,0
8579,-0.03483444801553276,-0.03483444801553276,-0.03483444801553276,0
8580,0.08105620273255978,,-0.10090266370388994,1
8581,0.2610673140793477,,-0.1669708793922471,1
8582,1.0010604532669032,,-0.23303909508060427,1
8583,-0.5458324216295122,,-0.29910731076896147,1
8584,-0.35099697449468986,,-0.36517552645731866,1
8585,0.32974789648267866,,-0.4312437421456758,1
8586,2.0183365970559515,,-0.497311957834033,1
8587,1.0740533168104198,,-0.5633801735223902,1
8588,1.0555657357697832,,-0.6294483892107474,1
8589,0.4515201493663421,,-0.6955166048991046,1
8590,-0.7615848205874617,-0.7615848205874617,-0.7615848205874617,0
8591,1.0879844750011758,1.0879844750011758,1.0879844750011758,0
8592,-0.8902701345713565,-0.8902701345713565,-0.8902701345713565,0
8593,-0.6991569361389385,-0.6991569361389385,-0.6991569361389385,0
8594,0.3347497472536205,0.3347497472536205,0.3347497472536205,0
8595,-0.6792561316609093,-0.6792561316609093,-0.6792561316609093,0
8596,-1.1138639847789051,-1.1138639847789051,-1.1138639847789051,0
8597,2.185191217436738,2.185191217436738,2.185191217436738,0
8598,-0.5320123333134795,-0.5320123333134795,-0.5320123333134795,0
8599,0.7206379885897454,0.7206379885897454,0.7206379885897454,0
8600,0.31220425076636954,0.31220425076636954,0.31220425076636954,0
8601,-1.5468732385063455,-1.5468732385063455,-1.5468732385063455,0
8602,0.4472272182125201,0.4472272182125201,0.4472272182125201,0
8603,-0.4276264185779504,-0.4276264185779504,-0.4276264185779504,0
8604,-1.6392339948466685,-1.6392339948466685,-1.6392339948466685,0
8605,-0.4130995843753784,-0.4130995843753784,-0.4130995843753784,0
8606,1.509509368026,1.509509368026,1.509509368026,0
8607,-0.6859088439682334,-0.6859088439682334,-0.6859088439682334,0
8608,-1.4295837379779988,-1.4295837379779988,-1.4295837379779988,0
8609,-0.9250097769597769,-0.9250097769597769,-0.9250097769597769,0
8610,-0.139148045354309,-0.139148045354309,-0.139148045354309,0
8611,-0.1099623364817996,-0.1099623364817996,-0.1099623364817996,0
8612,0.39356038236386903,0.39356038236386903,0.39356038236386903,0
8613,-1.2371512956668895,-1.2371512956668895,-1.2371512956668895,0
8614,-0.9115208768675442,-0.9115208768675442,-0.9115208768675442,0
8615,0.654974421442081,0.654974421442081,0.654974421442081,0
8616,0.4341556062681266,0.4341556062681266,0.4341556062681266,0
8617,0.06917921668503303,0.06917921668503303,0.06917921668503303,0
8618,-0.6121220420895723,,0.1610915452346524,1
8619,-0.29240289270330816,,0.2530038737842718,1
8620,-0.026271330957823517,,0.34491620233389114,1
8621,0.6981792962096445,,0.43682853088351054,1
8622,1.481610091759847,,0.52874085943313,1
8623,0.3378893703738055,,0.6206531879827493,1
8624,0.765578458612684,,0.7125655165323687,1
8625,0.2102157906319307,,0.804477845081988,1
8626,-0.20815929045974324,,0.8963901736316074,1
8627,0.2640929089122121,,0.9883025021812268,1
8628,1.0802148307308463,1.0802148307308463,1.0802148307308463,0
8629,0.08367319461740454,0.08367319461740454,0.08367319461740454,0
8630,-0.06341600144690976,-0.06341600144690976,-0.06341600144690976,0
8631,1.564270900664202,1.564270900664202,1.564270900664202,0
8632,-0.3374069519281427,-0.3374069519281427,-0.3374069519281427,0
8633,0.3903986493386252,0.3903986493386252,0.3903986493386252,0
8634,-0.9796004121797804,-0.9796004121797804,-0.9796004121797804,0
8635,-0.03678832387288787,-0.03678832387288787,-0.03678832387288787,0
8636,0.9308698635530369,0.9308698635530369,0.9308698635530369,0
8637,-0.2536058092365982,-0.2536058092365982,-0.2536058092365982,0
8638,-0.14762760567211555,-0.14762760567211555,-0.14762760567211555,0
8639,-1.9847143013049429,-1.9847143013049429,-1.9847143013049429,0
8640,-1.053136064773266,-1.053136064773266,-1.053136064773266,0
8641,-0.24517912265376596,-0.24517912265376596,-0.24517912265376596,0
8642,0.05544657624712133,0.05544657624712133,0.05544657624712133,0
8643,0.677770711272496,0.677770711272496,0.677770711272496,0
8644,1.9609011409362738,1.9609011409362738,1.9609011409362738,0
8645,-1.2698777403015054,-1.2698777403015054,-1.2698777403015054,0
8646,-0.9694976248475977,-0.9694976248475977,-0.9694976248475977,0
8647,-0.2708634233706794,,-0.8474004850193677,1
8648,-0.5081939078393021,,-0.7253033451911376,1
8649,-1.2402498374314497,,-0.6032062053629075,1
8650,1.7229382242791726,,-0.48110906553467747,1
8651,-1.9541318378242345,,-0.35901192570644747,1
8652,-1.7908079484778274,,-0.23691478587821735,1
8653,-0.05214542636452405,,-0.11481764604998723,1
8654,-1.3714141062048142,,0.007279493778242774,1
8655,0.665280532759819,,0.12937663360647278,1
8656,1.0883982686670208,,0.2514737734347028,1
8657,0.373570913262933,0.373570913262933,0.373570913262933,0
8658,-0.10095903876300673,-0.10095903876300673,-0.10095903876300673,0
8659,1.4994048005750487,1.4994048005750487,1.4994048005750487,0
8660,0.21456690735962375,,1.2268069460925761,1
8661,0.39798576827126164,,0.9542090916101036,1
8662,1.1977209064823124,,0.681611237127631,1
8663,0.48974806012650873,,0.4090133826451585,1
8664,-1.1556017251469226,,0.13641552816268598,1
8665,0.21087815031100693,,-0.13618232631978655,1
8666,1.3777848130387673,,-0.4087801808022591,1
8667,1.3841343295873774,,-0.6813780352847316,1
8668,0.3092568126256053,,-0.9539758897672042,1
8669,-1.243335831892639,,-1.2265737442496767,1
8670,-1.499171598732149,-1.499171598732149,-1.499171598732149,0
8671,-0.13629446201948123,-0.13629446201948123,-0.13629446201948123,0
8672,-0.6966384498780452,-0.6966384498780452,-0.6966384498780452,0
8673,-1.6758373746520931,-1.6758373746520931,-1.6758373746520931,0
8674,2.5746398034733953,2.5746398034733953,2.5746398034733953,0
8675,-0.7547412358120141,-0.7547412358120141,-0.7547412358120141,0
8676,-1.961342485284274,-1.961342485284274,-1.961342485284274,0
8677,-0.5730564224709959,-0.5730564224709959,-0.5730564224709959,0
8678,-0.982825841306132,-0.982825841306132,-0.982825841306132,0
8679,1.1296344315526827,1.1296344315526827,1.1296344315526827,0
8680,-0.28081859752534494,-0.28081859752534494,-0.28081859752534494,0
8681,1.3833950355713913,1.3833950355713913,1.3833950355713913,0
8682,-0.6734935121431044,,1.3052482289284182,1
8683,-0.4845895734710992,,1.2271014222854448,1
8684,0.5943237737324308,,1.1489546156424717,1
8685,-0.31963111753469614,,1.0708078089994983,1
8686,-2.0385023204647004,,0.9926610023565252,1
8687,1.6630964624119247,,0.9145141957135521,1
8688,0.29731154365030493,,0.8363673890705788,1
8689,0.17554310267487788,,0.7582205824276056,1
8690,0.050199722800169065,,0.6800737757846324,1
8691,0.1899073873033569,,0.6019269691416591,1
8692,-0.3322053764500952,,0.523780162498686,1
8693,0.0021545282677765216,,0.44563335585571273,1
8694,-1.0174855371622122,,0.3674865492127395,1
8695,-1.7744637417058087,,0.28933974256976636,1
8696,-0.5357356964765569,,0.211192935926793,1
8697,-1.303447235741845,,0.13304612928381987,1
8698,1.1086727269882257,,0.05489932264084674,1
8699,-0.5351633574222031,,-0.023247484002126617,1
8700,-0.5400427874047662,,-0.10139429064509975,1
8701,0.05292383094299441,,-0.1795410972880731,1
8702,-0.2576879039310463,-0.2576879039310463,-0.2576879039310463,0
8703,1.5190648031159464,1.5190648031159464,1.5190648031159464,0
8704,0.5234737176442664,0.5234737176442664,0.5234737176442664,0
8705,-0.14548123871037105,-0.14548123871037105,-0.14548123871037105,0
8706,0.3466144552017193,0.3466144552017193,0.3466144552017193,0
8707,0.7578006590111647,0.7578006590111647,0.7578006590111647,0
8708,-0.14944649056763656,-0.14944649056763656,-0.14944649056763656,0
8709,-0.29597267950675565,-0.29597267950675565,-0.29597267950675565,0
8710,1.0100921298200674,1.0100921298200674,1.0100921298200674,0
8711,-0.10473523254783966,-0.10473523254783966,-0.10473523254783966,0
8712,0.3851900816729612,,-0.08929776110282646,1
8713,0.07332819228798035,,-0.07386028965781327,1
8714,-0.33652880484367026,,-0.05842281821280007,1
8715,-0.6566444555019934,,-0.042985346767786876,1
8716,0.36321587946158024,,-0.027547875322773682,1
8717,-1.9422009814619492,,-0.012110403877760481,1
8718,2.0275477346730737,,0.003327067567252706,1
8719,0.35243055274689844,,0.018764539012265907,1
8720,-0.08698443477031258,,0.034202010457279095,1
8721,-0.8112871100823409,,0.049639481902292296,1
8722,0.0650769533473055,0.0650769533473055,0.0650769533473055,0
8723,-1.9807567036309295,-1.9807567036309295,-1.9807567036309295,0
8724,1.934165089091708,1.934165089091708,1.934165089091708,0
8725,-0.028161876234139162,-0.028161876234139162,-0.028161876234139162,0
8726,0.6269821062241456,0.6269821062241456,0.6269821062241456,0
8727,-0.7227396058760975,-0.7227396058760975,-0.7227396058760975,0
8728,1.8651683077738264,1.8651683077738264,1.8651683077738264,0
8729,-0.18158147318455722,-0.18158147318455722,-0.18158147318455722,0
8730,0.21148619619576378,0.21148619619576378,0.21148619619576378,0
8731,0.3355509112791308,0.3355509112791308,0.3355509112791308,0
8732,-0.3139979535104152,-0.3139979535104152,-0.3139979535104152,0
8733,1.5223884789388047,1.5223884789388047,1.5223884789388047,0
8734,1.6335353139970679,1.6335353139970679,1.6335353139970679,0
8735,-0.8581508019322778,-0.8581508019322778,-0.8581508019322778,0
8736,0.06563851970842734,0.06563851970842734,0.06563851970842734,0
8737,0.07285894195845019,,0.01500541905292567,1
8738,0.08339897682096832,,-0.035627681602576,1
8739,0.32599878694741946,,-0.08626078225807766,1
8740,-1.4838355600328148,,-0.13689388291357935,1
8741,-0.6331815430218805,,-0.18752698356908098,1
8742,0.3033367307915324,,-0.23816008422458268,1
8743,0.3637944030708357,,-0.2887931848800844,1
8744,-0.1417307694564089,,-0.339426285535586,1
8745,-0.6971604978543815,,-0.39005938619108765,1
8746,0.28410742338608974,,-0.4406924868465893,1
8747,-0.49132558750209104,-0.49132558750209104,-0.49132558750209104,0
8748,0.8052322978131243,0.8052322978131243,0.8052322978131243,0
8749,0.27370753731774505,,0.6278599720659789,1
8750,0.06392852362250584,,0.45048764631883337,1
8751,0.3271855943378956,,0.27311532057168786,1
8752,-0.7377320116400934,,0.0957429948245424,1
8753,0.7208533759801065,,-0.08162933092260305,1
8754,-2.265464214172822,,-0.2590016566697486,1
8755,1.163247319721262,,-0.43637398241689396,1
8756,-0.6698252146318414,,-0.6137463081640395,1
8757,-0.3325823844213391,,-0.7911186339111851,1
8758,-0.16211463837562282,,-0.9684909596583304,1
8759,-1.145863285405476,-1.145863285405476,-1.145863285405476,0
8760,-0.21052217063144216,,-1.0525347397946851,1
8761,0.0933704528411499,,-0.9592061941838945,1
8762,-0.30115359845240147,,-0.8658776485731037,1
8763,-1.2577689339938583,,-0.7725491029623129,1
8764,0.6283618487212347,,-0.6792205573515222,1
8765,-0.4777520318290053,,-0.5858920117407314,1
8766,2.874022617179143,,-0.4925634661299406,1
8767,-0.9685648769866402,,-0.3992349205191499,1
8768,-0.38529874738482184,,-0.30590637490835915,1
8769,0.11046760023612547,,-0.2125778292975684,1
8770,-0.11924928368677758,-0.11924928368677758,-0.11924928368677758,0
8771,0.3204416976431443,0.3204416976431443,0.3204416976431443,0
8772,1.1769030478347353,1.1769030478347353,1.1769030478347353,0
8773,0.550648440141209,0.550648440141209,0.550648440141209,0
8774,-0.26548706408244793,-0.26548706408244793,-0.26548706408244793,0
8775,-0.9115813588298485,-0.9115813588298485,-0.9115813588298485,0
8776,-0.5119006409229262,-0.5119006409229262,-0.5119006409229262,0
8777,0.044969868351765904,0.044969868351765904,0.044969868351765904,0
8778,0.5170756025720613,,0.04983616688799483,1
8779,0.5018743850039625,,0.05470246542422376,1
8780,0.07842211324174844,,0.059568763960452686,1
8781,0.13286232350343263,,0.06443506249668161,1
8782,-0.8653217492449385,,0.06930136103291054,1
8783,-0.7269793663192913,,0.07416765956913945,1
8784,0.697517747909224,,0.0790339581053684,1
8785,1.3497155388887403,,0.08390025664159731,1
8786,-0.5543305717009346,,0.08876655517782625,1
8787,0.06818826514371062,,0.09363285371405516,1
8788,0.09849915225028409,0.09849915225028409,0.09849915225028409,0
8789,-0.15825600482941543,-0.15825600482941543,-0.15825600482941543,0
8790,-0.16111710868261708,-0.16111710868261708,-0.16111710868261708,0
8791,0.32319448188468763,0.32319448188468763,0.32319448188468763,0
8792,0.6888927226114189,0.6888927226114189,0.6888927226114189,0
8793,-1.2190675289643427,-1.2190675289643427,-1.2190675289643427,0
8794,-1.2373000992182113,-1.2373000992182113,-1.2373000992182113,0
8795,0.737052938598414,,-1.0859669452956564,1
8796,0.9868179941868659,,-0.9346337913731013,1
8797,-0.7304659899813256,,-0.7833006374505463,1
8798,-1.1825411971052406,,-0.6319674835279914,1
8799,1.2451359602496568,,-0.4806343296054364,1
8800,-0.9272935474066101,,-0.3293011756828814,1
8801,-0.37828353636504725,,-0.17796802176032633,1
8802,0.18056267340276064,,-0.02663486783777147,1
8803,-0.11949888003308355,,0.1246982860847834,1
8804,0.8190677975984878,,0.2760314400073385,1
8805,0.4273645939298933,0.4273645939298933,0.4273645939298933,0
8806,0.5057883477518198,0.5057883477518198,0.5057883477518198,0
8807,-0.26888253840293236,-0.26888253840293236,-0.26888253840293236,0
8808,-0.20334308575977522,-0.20334308575977522,-0.20334308575977522,0
8809,-0.02099488760734946,-0.02099488760734946,-0.02099488760734946,0
8810,-0.25371080410961216,-0.25371080410961216,-0.25371080410961216,0
8811,0.1607936165281388,,-0.24765998656213342,1
8812,0.260864200699985,,-0.2416091690146547,1
8813,-0.5214890024338587,,-0.23555835146717596,1
8814,0.9171942334446253,,-0.22950753391969725,1
8815,1.444105360172804,,-0.2234567163722185,1
8816,-0.29736506206718966,,-0.2174058988247398,1
8817,0.32885513054993193,,-0.21135508127726105,1
8818,1.0539534503531203,,-0.20530426372978233,1
8819,-1.880907120959873,,-0.1992534461823036,1
8820,3.04188710612532,,-0.19320262863482487,1
8821,-0.18715181108734613,-0.18715181108734613,-0.18715181108734613,0
8822,1.312681928056303,1.312681928056303,1.312681928056303,0
8823,0.5330745080792032,0.5330745080792032,0.5330745080792032,0
8824,0.43190480641852286,0.43190480641852286,0.43190480641852286,0
8825,0.3036977446915938,0.3036977446915938,0.3036977446915938,0
8826,-0.6475500304873254,,0.2840044129868538,1
8827,-0.4466666116459291,,0.26431108128211384,1
8828,0.11279042020429693,,0.24461774957737387,1
8829,-1.322436582270465,,0.2249244178726339,1
8830,-0.5768746053480919,,0.20523108616789393,1
8831,-0.13010848766823505,,0.185537754463154,1
8832,-1.8287803157776177,,0.16584442275841402,1
8833,0.6252794540304227,,0.14615109105367405,1
8834,0.27103293842915094,,0.12645775934893408,1
8835,-0.001857105850914957,,0.10676442764419411,1
8836,0.08707109593945414,0.08707109593945414,0.08707109593945414,0
8837,0.8558888630412402,0.8558888630412402,0.8558888630412402,0
8838,-0.09109941701761913,-0.09109941701761913,-0.09109941701761913,0
8839,-0.06323190786477548,-0.06323190786477548,-0.06323190786477548,0
8840,0.19690676993998585,0.19690676993998585,0.19690676993998585,0
8841,-0.6035475058603693,-0.6035475058603693,-0.6035475058603693,0
8842,0.259926589249934,0.259926589249934,0.259926589249934,0
8843,-0.9018937286271219,-0.9018937286271219,-0.9018937286271219,0
8844,-0.565609956663297,-0.565609956663297,-0.565609956663297,0
8845,0.39114301615421876,0.39114301615421876,0.39114301615421876,0
8846,-0.7452130168347411,-0.7452130168347411,-0.7452130168347411,0
8847,0.5659285221644056,0.5659285221644056,0.5659285221644056,0
8848,-1.1840436868788178,-1.1840436868788178,-1.1840436868788178,0
8849,0.06598439139150904,0.06598439139150904,0.06598439139150904,0
8850,-0.14641606293039713,-0.14641606293039713,-0.14641606293039713,0
8851,0.44630503336071065,0.44630503336071065,0.44630503336071065,0
8852,0.7210574584299485,0.7210574584299485,0.7210574584299485,0
8853,-2.561085463118617,-2.561085463118617,-2.561085463118617,0
8854,1.1079917165016315,1.1079917165016315,1.1079917165016315,0
8855,-1.1341794571623078,-1.1341794571623078,-1.1341794571623078,0
8856,-0.408781529048022,-0.408781529048022,-0.408781529048022,0
8857,0.7419601430012454,0.7419601430012454,0.7419601430012454,0
8858,0.7195069225883716,,0.6462305805523176,1
8859,0.8188474464322255,,0.55050101810339,1
8860,-0.057142038189387956,,0.4547714556544623,1
8861,0.3050300820088691,,0.3590418932055346,1
8862,0.5032691875669169,,0.26331233075660687,1
8863,-1.342496394646192,,0.16758276830767926,1
8864,0.8248828264895091,,0.07185320585875155,1
8865,1.3546187402197403,,-0.023876356590176173,1
8866,-1.0904034699072687,,-0.11960591903910389,1
8867,0.9457383782457532,,-0.2153354814880316,1
8868,-0.3110650439369592,-0.3110650439369592,-0.3110650439369592,0
8869,1.4059663010636048,1.4059663010636048,1.4059663010636048,0
8870,-1.1231179507564082,-1.1231179507564082,-1.1231179507564082,0
8871,0.9249334408259591,0.9249334408259591,0.9249334408259591,0
8872,-1.489329536820519,-1.489329536820519,-1.489329536820519,0
8873,1.6298309992510192,1.6298309992510192,1.6298309992510192,0
8874,-0.022843222491460858,-0.022843222491460858,-0.022843222491460858,0
8875,0.2917418460208811,,-0.02353399300856545,1
8876,0.4491202052423809,,-0.02422476352567004,1
8877,1.0484741933777568,,-0.02491553404277463,1
8878,0.7991431691156223,,-0.025606304559879223,1
8879,1.9073251483804892,,-0.026297075076983815,1
8880,0.5688174684326118,,-0.026987845594088403,1
8881,0.09390501544645097,,-0.027678616111192995,1
8882,0.6305092000985016,,-0.028369386628297587,1
8883,0.744069329622052,,-0.02906015714540218,1
8884,-1.0779301660166893,,-0.029750927662506768,1
8885,-0.03044169817961136,-0.03044169817961136,-0.03044169817961136,0
8886,0.6128683508617472,0.6128683508617472,0.6128683508617472,0
8887,1.6921344183670777,1.6921344183670777,1.6921344183670777,0
8888,1.0410357081872945,,1.3979578982685186,1
8889,0.8727546319583825,,1.1037813781699595,1
8890,0.36926652775471575,,0.8096048580714006,1
8891,-0.39717991411936276,,0.5154283379728415,1
8892,1.2801373738571962,,0.22125181787428239,1
8893,0.768664216795341,,-0.0729247022242765,1
8894,-0.22495613208851728,,-0.3671012223228356,1
8895,-1.7394723519590736,,-0.6612777424213947,1
8896,-0.2640563515878024,,-0.9554542625199538,1
8897,-1.7377797040509584,,-1.249630782618513,1
8898,-1.5438073027170713,-1.5438073027170713,-1.5438073027170713,0
8899,0.2255127392001259,0.2255127392001259,0.2255127392001259,0
8900,-0.3105240639281297,-0.3105240639281297,-0.3105240639281297,0
8901,-1.1219310597053416,-1.1219310597053416,-1.1219310597053416,0
8902,-1.2529126291714674,-1.2529126291714674,-1.2529126291714674,0
8903,2.0122761652864973,2.0122761652864973,2.0122761652864973,0
8904,-0.5296308528482051,-0.5296308528482051,-0.5296308528482051,0
8905,0.5102814032916692,0.5102814032916692,0.5102814032916692,0
8906,1.2860523888940987,1.2860523888940987,1.2860523888940987,0
8907,-0.7270350805982648,,1.2458835818414513,1
8908,-0.7254768557909659,,1.2057147747888042,1
8909,0.032919634300384484,,1.1655459677361568,1
8910,0.29467572454872804,,1.1253771606835095,1
8911,-2.334042478000773,,1.085208353630862,1
8912,1.1431763007943543,,1.0450395465782147,1
8913,0.2980790886746498,,1.0048707395255676,1
8914,-0.0372919947115411,,0.9647019324729202,1
8915,1.282353446002667,,0.9245331254202729,1
8916,0.7057786450092728,,0.8843643183676256,1
8917,0.45251478535814316,,0.8441955113149784,1
8918,0.328962130457025,,0.804026704262331,1
8919,-0.7489041001274799,,0.7638578972096837,1
8920,-0.3495646747174092,,0.7236890901570364,1
8921,0.9985752500191095,,0.6835202831043892,1
8922,-0.9676715990610728,,0.6433514760517418,1
8923,0.8212439788395989,,0.6031826689990945,1
8924,-1.3152943762984888,,0.5630138619464472,1
8925,-0.13701429927326372,,0.5228450548938,1
8926,0.6902778631401143,,0.4826762478411526,1
8927,0.44250744078850524,0.44250744078850524,0.44250744078850524,0
8928,-1.1345619192822265,,0.46065369085309127,1
8929,-1.0631014987373721,,0.47879994091767725,1
8930,1.548905978853027,,0.4969461909822633,1
8931,0.4790261692858206,,0.5150924410468493,1
8932,-0.13312843493314236,,0.5332386911114353,1
8933,0.420377404400039,,0.5513849411760213,1
8934,0.4015235355236988,,0.5695311912406074,1
8935,0.5350012462408074,,0.5876774413051933,1
8936,0.7731802521019312,,0.6058236913697793,1
8937,0.150612553355956,,0.6239699414343653,1
8938,0.6421161914989514,0.6421161914989514,0.6421161914989514,0
8939,-0.9457977877655357,-0.9457977877655357,-0.9457977877655357,0
8940,0.2533616790587484,,-0.8326253655795378,1
8941,0.46213354928801226,,-0.7194529433935399,1
8942,-0.38177218867704826,,-0.6062805212075422,1
8943,0.3301041215968088,,-0.4931080990215443,1
8944,-1.072908711753603,,-0.3799356768355464,1
8945,-0.2752271388215006,,-0.26676325464954864,1
8946,1.2494431324210098,,-0.15359083246355076,1
8947,0.0954360331435968,,-0.040418410277552885,1
8948,1.8344555300342298,,0.07275401190844488,1
8949,-0.4181269856389821,,0.18592643409444287,1
8950,0.29909885628044075,0.29909885628044075,0.29909885628044075,0
8951,-0.8957750929662665,-0.8957750929662665,-0.8957750929662665,0
8952,-0.44577360799587273,-0.44577360799587273,-0.44577360799587273,0
8953,0.2609834976613275,0.2609834976613275,0.2609834976613275,0
8954,1.37255595046751,1.37255595046751,1.37255595046751,0
8955,-1.6757056712230936,-1.6757056712230936,-1.6757056712230936,0
8956,-0.476248442445004,-0.476248442445004,-0.476248442445004,0
8957,-0.9043557190341276,-0.9043557190341276,-0.9043557190341276,0
8958,0.7873255633465177,0.7873255633465177,0.7873255633465177,0
8959,0.29874058889236693,0.29874058889236693,0.29874058889236693,0
8960,-0.9861890064047233,-0.9861890064047233,-0.9861890064047233,0
8961,-0.050911924385406204,-0.050911924385406204,-0.050911924385406204,0
8962,0.4178521035963786,0.4178521035963786,0.4178521035963786,0
8963,-0.8524334627472893,,0.2704072306517259,1
8964,-0.7836534470911902,,0.12296235770707326,1
8965,1.004898243315246,,-0.024482515237579383,1
8966,0.08370625514075725,,-0.17192738818223208,1
8967,-0.7252484031331816,,-0.31937226112688477,1
8968,0.6204697855243131,,-0.46681713407153735,1
8969,0.2677609917428129,,-0.61426200701619,1
8970,0.8946466858305955,,-0.7617068799608427,1
8971,-1.9257582980921422,,-0.9091517529054954,1
8972,-0.5242926821938113,,-1.056596625850148,1
8973,-1.2040414987948005,-1.2040414987948005,-1.2040414987948005,0
8974,0.4696452585152664,0.4696452585152664,0.4696452585152664,0
8975,0.025959240105201238,0.025959240105201238,0.025959240105201238,0
8976,0.28290905632855873,0.28290905632855873,0.28290905632855873,0
8977,1.654678788148527,1.654678788148527,1.654678788148527,0
8978,-0.8942366658678624,-0.8942366658678624,-0.8942366658678624,0
8979,-1.5165793004457147,-1.5165793004457147,-1.5165793004457147,0
8980,0.17120594110437734,,-1.450574759819909,1
8981,0.2866604683240859,,-1.3845702191941032,1
8982,-0.2323149634629656,,-1.3185656785682975,1
8983,0.4795474962479619,,-1.2525611379424917,1
8984,0.2077371849932506,,-1.186556597316686,1
8985,-0.15944250896990292,,-1.1205520566908804,1
8986,0.03183493342158816,,-1.0545475160650746,1
8987,-0.9627175290345807,,-0.9885429754392688,1
8988,-1.4778688990284456,,-0.9225384348134631,1
8989,-1.7272127726745359,,-0.8565338941876574,1
8990,-0.7905293535618516,-0.7905293535618516,-0.7905293535618516,0
8991,-0.4777608575626131,-0.4777608575626131,-0.4777608575626131,0
8992,0.2804091959639762,0.2804091959639762,0.2804091959639762,0
8993,-1.1738440173004325,-1.1738440173004325,-1.1738440173004325,0
8994,1.1390403253681323,1.1390403253681323,1.1390403253681323,0
8995,0.8637111616521889,0.8637111616521889,0.8637111616521889,0
8996,-0.24725730381122685,-0.24725730381122685,-0.24725730381122685,0
8997,-0.6942292964667736,-0.6942292964667736,-0.6942292964667736,0
8998,1.000455037749426,,-0.5969615385659446,1
8999,1.0795502871039178,,-0.4996937806651157,1
9000,-0.06928224084738172,,-0.40242602276428674,1
9001,0.6556074509546715,,-0.3051582648634578,1
9002,0.605786959321285,,-0.2078905069626289,1
9003,-1.9984703104986874,,-0.11062274906179992,1
9004,-1.5234357149457676,,-0.013354991160971053,1
9005,1.2846546176389906,,0.08391276673985792,1
9006,-0.03141736235534248,,0.1811805246406869,1
9007,1.4865454210560454,,0.27844828254151577,1
9008,0.3757160404423447,0.3757160404423447,0.3757160404423447,0
9009,-0.623605553659957,-0.623605553659957,-0.623605553659957,0
9010,0.4326694902662497,0.4326694902662497,0.4326694902662497,0
9011,-1.5947397082926515,-1.5947397082926515,-1.5947397082926515,0
9012,-0.5122335198357669,-0.5122335198357669,-0.5122335198357669,0
9013,-0.4578733658522266,-0.4578733658522266,-0.4578733658522266,0
9014,-1.821528266648425,-1.821528266648425,-1.821528266648425,0
9015,-0.3066854998053348,,-1.4841214244546277,1
9016,-0.02774904858681112,,-1.1467145822608305,1
9017,1.9207474486787297,,-0.8093077400670332,1
9018,-0.5626849413457834,,-0.47190089787323597,1
9019,1.6010873326828574,,-0.13449405567943873,1
9020,1.4118720053820895,,0.2029127865143585,1
9021,0.24601063034138854,,0.540319628708156,1
9022,-0.49316525056462274,,0.877726470901953,1
9023,0.8585332197397866,,1.21513331309575,1
9024,-0.6669294814764737,,1.5525401552895475,1
9025,1.889946997483345,1.889946997483345,1.889946997483345,0
9026,-0.061150125989366026,-0.061150125989366026,-0.061150125989366026,0
9027,1.001609850420696,1.001609850420696,1.001609850420696,0
9028,-2.11321453567436,-2.11321453567436,-2.11321453567436,0
9029,1.6644357896017576,1.6644357896017576,1.6644357896017576,0
9030,-0.06971992908887381,,1.5439364557612154,1
9031,-0.39107855220366144,,1.4234371219206734,1
9032,0.41675141352739004,,1.3029377880801312,1
9033,-0.29284205561320714,,1.182438454239589,1
9034,0.9315255175515593,,1.0619391203990467,1
9035,0.19760628627524263,,0.9414397865585046,1
9036,0.1555732445504532,,0.8209404527179625,1
9037,-1.4936652088474849,,0.7004411188774202,1
9038,0.2541389026336618,,0.579941785036878,1
9039,0.7923967221488155,,0.45944245119633575,1
9040,0.3389431173557938,0.3389431173557938,0.3389431173557938,0
9041,0.769652132007638,0.769652132007638,0.769652132007638,0
9042,-0.9191710694431269,-0.9191710694431269,-0.9191710694431269,0
9043,-0.6714578913335134,-0.6714578913335134,-0.6714578913335134,0
9044,-0.9006074432100832,-0.9006074432100832,-0.9006074432100832,0
9045,-0.43978599496117066,-0.43978599496117066,-0.43978599496117066,0
9046,0.41896990452412425,0.41896990452412425,0.41896990452412425,0
9047,0.156788168626392,,0.391229347369783,1
9048,0.4260862634134422,,0.3634887902154418,1
9049,1.5229233550256638,,0.3357482330611005,1
9050,0.11197320194130887,,0.30800767590675926,1
9051,-1.8018538673070077,,0.280267118752418,1
9052,-0.05736805494432429,,0.25252656159807674,1
9053,0.1495859625159691,,0.22478600444373553,1
9054,0.2655759364556242,,0.19704544728939427,1
9055,0.17063956366192062,,0.169304890135053,1
9056,0.18781926172455396,,0.14156433298071175,1
9057,0.11382377582637052,0.11382377582637052,0.11382377582637052,0
9058,-0.5401725188960631,-0.5401725188960631,-0.5401725188960631,0
9059,-0.2074966120979159,-0.2074966120979159,-0.2074966120979159,0
9060,-0.6308745136163595,-0.6308745136163595,-0.6308745136163595,0
9061,0.42531991315626066,0.42531991315626066,0.42531991315626066,0
9062,-0.1689798396502801,-0.1689798396502801,-0.1689798396502801,0
9063,-0.8288712717074602,,-0.06778820636433062,1
9064,-0.9843796095616756,,0.03340342692161885,1
9065,-0.9149804395160054,,0.1345950602075683,1
9066,0.5656470551861658,,0.2357866934935178,1
9067,-2.3584018279699395,,0.33697832677946726,1
9068,-0.6541059516502655,,0.43816996006541675,1
9069,0.1514781284271392,,0.5393615933513662,1
9070,0.5687203369351994,,0.6405532266373157,1
9071,-1.1193616711322223,,0.7417448599232652,1
9072,-0.06201475782918128,,0.8429364932092146,1
9073,0.9441281264951641,0.9441281264951641,0.9441281264951641,0
9074,-0.4889077899865362,-0.4889077899865362,-0.4889077899865362,0
9075,1.29316460851687,1.29316460851687,1.29316460851687,0
9076,2.0925275256315454,2.0925275256315454,2.0925275256315454,0
9077,0.48779839764662236,0.48779839764662236,0.48779839764662236,0
9078,0.32656495844879874,0.32656495844879874,0.32656495844879874,0
9079,-0.190252988154444,-0.190252988154444,-0.190252988154444,0
9080,0.40591052539108136,0.40591052539108136,0.40591052539108136,0
9081,-0.9325523192217199,-0.9325523192217199,-0.9325523192217199,0
9082,0.35859831502869316,0.35859831502869316,0.35859831502869316,0
9083,-1.4159973345995958,-1.4159973345995958,-1.4159973345995958,0
9084,-0.383892277438608,-0.383892277438608,-0.383892277438608,0
9085,0.22789311671122853,0.22789311671122853,0.22789311671122853,0
9086,0.106956789659894,0.106956789659894,0.106956789659894,0
9087,-0.0907032234909208,-0.0907032234909208,-0.0907032234909208,0
9088,0.7012471143696556,0.7012471143696556,0.7012471143696556,0
9089,-1.4293243527818986,-1.4293243527818986,-1.4293243527818986,0
9090,2.1923161675765184,2.1923161675765184,2.1923161675765184,0
9091,0.42328156050110716,0.42328156050110716,0.42328156050110716,0
9092,1.1216816399962772,1.1216816399962772,1.1216816399962772,0
9093,0.506405439531728,,1.0062830931856874,1
9094,0.22177652069062054,,0.8908845463750978,1
9095,-0.8589774624531271,,0.775485999564508,1
9096,-0.22115276896475713,,0.6600874527539184,1
9097,-1.5229102094994473,,0.5446889059433286,1
9098,0.3736961426720186,,0.42929035913273894,1
9099,0.10619438760979072,,0.31389181232214924,1
9100,0.2854008001830704,,0.19849326551155955,1
9101,-0.7547327931863199,,0.08309471870096985,1
9102,0.2652936114808313,,-0.03230382810961996,1
9103,-0.14770237492020963,-0.14770237492020963,-0.14770237492020963,0
9104,0.5248921337504208,0.5248921337504208,0.5248921337504208,0
9105,-1.0656319928413747,-1.0656319928413747,-1.0656319928413747,0
9106,1.8765361909042382,1.8765361909042382,1.8765361909042382,0
9107,1.2304072961066161,1.2304072961066161,1.2304072961066161,0
9108,-0.35559674302854105,-0.35559674302854105,-0.35559674302854105,0
9109,1.366789938549272,1.366789938549272,1.366789938549272,0
9110,-2.107407996146694,-2.107407996146694,-2.107407996146694,0
9111,0.976956052654138,0.976956052654138,0.976956052654138,0
9112,-0.6077152010984466,-0.6077152010984466,-0.6077152010984466,0
9113,-1.2353935653059134,-1.2353935653059134,-1.2353935653059134,0
9114,0.00489769336141831,0.00489769336141831,0.00489769336141831,0
9115,-0.421529071755534,-0.421529071755534,-0.421529071755534,0
9116,0.6730558305872936,0.6730558305872936,0.6730558305872936,0
9117,-0.8694547661387027,,0.6343052001490059,1
9118,-0.6949276524034734,,0.5955545697107183,1
9119,0.627756489590762,,0.5568039392724308,1
9120,-0.479296095807119,,0.5180533088341431,1
9121,-1.3038523126481303,,0.4793026783958555,1
9122,0.23507536195279571,,0.4405520479575679,1
9123,-1.6073572618617777,,0.40180141751928034,1
9124,1.2422420844945972,,0.3630507870809927,1
9125,-0.12646594391334084,,0.32430015664270506,1
9126,0.23428605116982562,,0.2855495262044175,1
9127,0.2467988957661299,0.2467988957661299,0.2467988957661299,0
9128,-1.3514204171001036,-1.3514204171001036,-1.3514204171001036,0
9129,0.0987553476764994,,-1.271692255697967,1
9130,0.10365204291113994,,-1.1919640942958305,1
9131,-0.943789088898942,,-1.112235932893694,1
9132,0.6928861220778063,,-1.0325077714915574,1
9133,-0.9047964790442093,,-0.9527796100894208,1
9134,-1.2695792088035922,,-0.8730514486872843,1
9135,-0.002755555968199265,,-0.7933232872851478,1
9136,0.42143771958072745,,-0.7135951258830112,1
9137,1.859872914901518,,-0.6338669644808747,1
9138,0.15845933164770987,,-0.5541388030787381,1
9139,-0.4744106416766017,-0.4744106416766017,-0.4744106416766017,0
9140,-1.2453190329375101,-1.2453190329375101,-1.2453190329375101,0
9141,-0.4796987155306458,-0.4796987155306458,-0.4796987155306458,0
9142,1.2419474936887855,1.2419474936887855,1.2419474936887855,0
9143,0.7858864260913875,0.7858864260913875,0.7858864260913875,0
9144,-0.8401471038099384,-0.8401471038099384,-0.8401471038099384,0
9145,1.9969075041942734,1.9969075041942734,1.9969075041942734,0
9146,0.07275901835098854,0.07275901835098854,0.07275901835098854,0
9147,0.709572851445644,0.709572851445644,0.709572851445644,0
9148,0.603742814816328,0.603742814816328,0.603742814816328,0
9149,-0.09537836333049822,-0.09537836333049822,-0.09537836333049822,0
9150,-0.6448181017097243,-0.6448181017097243,-0.6448181017097243,0
9151,-2.5205451148591114,-2.5205451148591114,-2.5205451148591114,0
9152,-1.0310393043615778,-1.0310393043615778,-1.0310393043615778,0
9153,1.4150784665178757,1.4150784665178757,1.4150784665178757,0
9154,-0.49183700420504967,-0.49183700420504967,-0.49183700420504967,0
9155,-1.8645526901059186,-1.8645526901059186,-1.8645526901059186,0
9156,-1.1396208403653978,-1.1396208403653978,-1.1396208403653978,0
9157,-0.3782375411799074,-0.3782375411799074,-0.3782375411799074,0
9158,1.3668971710667548,1.3668971710667548,1.3668971710667548,0
9159,-0.12843860153350858,-0.12843860153350858,-0.12843860153350858,0
9160,-1.6040917940895973,-1.6040917940895973,-1.6040917940895973,0
9161,0.06079211449934059,,-1.5244363286883917,1
9162,-0.0968793847580094,,-1.4447808632871861,1
9163,-1.6897273093112235,,-1.3651253978859805,1
9164,0.23244287880162762,,-1.2854699324847751,1
9165,-0.5462512110710566,,-1.2058144670835693,1
9166,0.19178299116443534,,-1.126159001682364,1
9167,-0.5089799111096471,,-1.0465035362811583,1
9168,0.262458322024328,,-0.9668480708799527,1
9169,-0.3570341580636732,,-0.8871926054787471,1
9170,-0.5984475442469285,,-0.8075371400775415,1
9171,-0.727881674676336,-0.727881674676336,-0.727881674676336,0
9172,-1.9539222556814215,-1.9539222556814215,-1.9539222556814215,0
9173,0.10678667346914669,0.10678667346914669,0.10678667346914669,0
9174,-0.04576214483943915,-0.04576214483943915,-0.04576214483943915,0
9175,-0.009392264323182164,-0.009392264323182164,-0.009392264323182164,0
9176,0.9521187484858813,0.9521187484858813,0.9521187484858813,0
9177,-0.08582269313649994,-0.08582269313649994,-0.08582269313649994,0
9178,2.026951910073542,2.026951910073542,2.026951910073542,0
9179,-0.4745334708820373,-0.4745334708820373,-0.4745334708820373,0
9180,0.3066317430768629,0.3066317430768629,0.3066317430768629,0
9181,0.12722233691549778,0.12722233691549778,0.12722233691549778,0
9182,0.789967080432151,0.789967080432151,0.789967080432151,0
9183,-0.7293306112142361,-0.7293306112142361,-0.7293306112142361,0
9184,-0.904727452879061,-0.904727452879061,-0.904727452879061,0
9185,0.29605976876241286,0.29605976876241286,0.29605976876241286,0
9186,0.14978071927035955,0.14978071927035955,0.14978071927035955,0
9187,1.0988683737732432,,0.2500763521980024,1
9188,1.2711558622108294,,0.35037198512564527,1
9189,0.7566192325137793,,0.45066761805328814,1
9190,0.8466937219595972,,0.550963250980931,1
9191,-2.4312380985648914,,0.6512588839085738,1
9192,-0.5006081169819733,,0.7515545168362167,1
9193,1.736772516195449,,0.8518501497638595,1
9194,0.8071909385297004,,0.9521457826915024,1
9195,0.9064346133590623,,1.0524414156191453,1
9196,2.220925864929337,,1.152737048546788,1
9197,1.253032681474431,1.253032681474431,1.253032681474431,0
9198,-1.1161071155909532,-1.1161071155909532,-1.1161071155909532,0
9199,2.9721206198481482,2.9721206198481482,2.9721206198481482,0
9200,-1.060488864440916,-1.060488864440916,-1.060488864440916,0
9201,-0.07809533046152575,,-1.0498414588176046,1
9202,-0.18027055810093381,,-1.0391940531942931,1
9203,0.8960140211295696,,-1.0285466475709815,1
9204,0.14967780774290293,,-1.01789924194767,1
9205,1.2745017799781244,,-1.0072518363243586,1
9206,-0.8390829388436825,,-0.9966044307010471,1
9207,-1.3474284683237052,,-0.9859570250777356,1
9208,1.1338119580293515,,-0.9753096194544241,1
9209,-0.9688775058365747,,-0.9646622138311126,1
9210,1.1010494469673866,,-0.954014808207801,1
9211,-0.9433674025844896,-0.9433674025844896,-0.9433674025844896,0
9212,-0.006712071433996497,-0.006712071433996497,-0.006712071433996497,0
9213,-0.48986103895569744,-0.48986103895569744,-0.48986103895569744,0
9214,-1.980247651161928,-1.980247651161928,-1.980247651161928,0
9215,0.2308489777795006,0.2308489777795006,0.2308489777795006,0
9216,-0.8551997590730797,-0.8551997590730797,-0.8551997590730797,0
9217,1.798317707290048,1.798317707290048,1.798317707290048,0
9218,1.170614440455384,1.170614440455384,1.170614440455384,0
9219,-0.8885119524299435,-0.8885119524299435,-0.8885119524299435,0
9220,0.19490663955309204,0.19490663955309204,0.19490663955309204,0
9221,0.5227568457007035,0.5227568457007035,0.5227568457007035,0
9222,-1.540388364101603,-1.540388364101603,-1.540388364101603,0
9223,-0.545779819996424,,-1.4546463079629328,1
9224,-0.6516359247675766,,-1.3689042518242627,1
9225,-2.888031630157577,,-1.2831621956855925,1
9226,1.1746141121249396,,-1.1974201395469224,1
9227,-0.6981717594272564,,-1.1116780834082522,1
9228,-0.6018183915350241,,-1.0259360272695819,1
9229,0.612628023614985,,-0.9401939711309119,1
9230,-0.09971298397838448,,-0.8544519149922417,1
9231,0.4524383919799117,,-0.7687098588535716,1
9232,-0.5225815643624311,,-0.6829678027149014,1
9233,-0.5972257465762313,-0.5972257465762313,-0.5972257465762313,0
9234,0.508989297544967,0.508989297544967,0.508989297544967,0
9235,-0.4991258454948645,,0.640273451632311,1
9236,-0.7252492744087325,,0.7715576057196549,1
9237,-0.2547877857555532,,0.9028417598069989,1
9238,0.533181547984468,,1.0341259138943428,1
9239,-0.33384284937109165,,1.1654100679816868,1
9240,0.3097031203424024,,1.2966942220690307,1
9241,1.4984626681576487,,1.4279783761563747,1
9242,0.8501189245356361,,1.5592625302437186,1
9243,1.5411479307861509,,1.6905466843310626,1
9244,0.261351206612591,,1.8218308384184065,1
9245,1.9531149925057505,1.9531149925057505,1.9531149925057505,0
9246,0.5497872245537915,0.5497872245537915,0.5497872245537915,0
9247,-0.3032044468508673,-0.3032044468508673,-0.3032044468508673,0
9248,0.5083194400200282,0.5083194400200282,0.5083194400200282,0
9249,-0.8524727703901167,-0.8524727703901167,-0.8524727703901167,0
9250,-1.2457851963790871,-1.2457851963790871,-1.2457851963790871,0
9251,-0.3880813945308447,-0.3880813945308447,-0.3880813945308447,0
9252,0.9502249616241422,0.9502249616241422,0.9502249616241422,0
9253,0.3876966105942644,0.3876966105942644,0.3876966105942644,0
9254,-1.7885701071933444,-1.7885701071933444,-1.7885701071933444,0
9255,0.060903661545351796,0.060903661545351796,0.060903661545351796,0
9256,-1.5028231883134266,-1.5028231883134266,-1.5028231883134266,0
9257,-2.0435436961512043,-2.0435436961512043,-2.0435436961512043,0
9258,0.01266847116102485,0.01266847116102485,0.01266847116102485,0
9259,1.5583660755847957,1.5583660755847957,1.5583660755847957,0
9260,0.3165935596566972,0.3165935596566972,0.3165935596566972,0
9261,-0.7989064260066258,-0.7989064260066258,-0.7989064260066258,0
9262,0.26947192642750556,0.26947192642750556,0.26947192642750556,0
9263,0.625107097954806,0.625107097954806,0.625107097954806,0
9264,0.6555848676874172,0.6555848676874172,0.6555848676874172,0
9265,-2.6828135218473315,-2.6828135218473315,-2.6828135218473315,0
9266,0.840908037678452,,-2.600649971700762,1
9267,1.0297929179276488,,-2.5184864215541922,1
9268,0.23924431627699308,,-2.436322871407623,1
9269,-0.0427289480341534,,-2.3541593212610534,1
9270,-1.6587976172155579,,-2.271995771114484,1
9271,0.6770887981243963,,-2.189832220967914,1
9272,-0.7179108233725826,,-2.1076686708213446,1
9273,1.0559825836000793,,-2.0255051206747754,1
9274,1.8526644204847356,,-1.9433415705282058,1
9275,-0.033656606000313304,,-1.8611780203816362,1
9276,-1.7790144702350668,-1.7790144702350668,-1.7790144702350668,0
9277,0.4475868553158756,0.4475868553158756,0.4475868553158756,0
9278,-0.7053661613345884,-0.7053661613345884,-0.7053661613345884,0
9279,0.21800391965486005,0.21800391965486005,0.21800391965486005,0
9280,1.042872142645647,1.042872142645647,1.042872142645647,0
9281,0.31420199785110103,0.31420199785110103,0.31420199785110103,0
9282,0.24699051228897034,0.24699051228897034,0.24699051228897034,0
9283,0.608984677322613,0.608984677322613,0.608984677322613,0
9284,1.132710696084654,1.132710696084654,1.132710696084654,0
9285,-1.957107813640908,-1.957107813640908,-1.957107813640908,0
9286,0.040285612516351384,0.040285612516351384,0.040285612516351384,0
9287,-0.31592612167783707,-0.31592612167783707,-0.31592612167783707,0
9288,0.8685722768810133,0.8685722768810133,0.8685722768810133,0
9289,-1.7225661065214064,-1.7225661065214064,-1.7225661065214064,0
9290,0.42814605831428104,,-1.5250891925129026,1
9291,0.26638713148156073,,-1.327612278504399,1
9292,0.6271570979575426,,-1.130135364495895,1
9293,0.24536404548376733,,-0.9326584504873913,1
9294,1.6029632572031491,,-0.7351815364788875,1
9295,-1.141103862685405,,-0.5377046224703836,1
9296,-0.258779141898135,,-0.3402277084618799,1
9297,-0.022980397828501177,,-0.14275079445337613,1
9298,0.020088487099960174,,0.05472611955512763,1
9299,1.4788383402153051,,0.2522030335636314,1
9300,0.44967994757213514,0.44967994757213514,0.44967994757213514,0
9301,0.618789666140622,0.618789666140622,0.618789666140622,0
9302,-0.322243015793978,-0.322243015793978,-0.322243015793978,0
9303,-0.11567818744220987,-0.11567818744220987,-0.11567818744220987,0
9304,-0.6213323225377801,-0.6213323225377801,-0.6213323225377801,0
9305,-0.16373641431653163,-0.16373641431653163,-0.16373641431653163,0
9306,-1.495205310396619,-1.495205310396619,-1.495205310396619,0
9307,-0.7503625101603335,-0.7503625101603335,-0.7503625101603335,0
9308,-0.6810517531566427,-0.6810517531566427,-0.6810517531566427,0
9309,0.6148855476915884,,-0.6206442427796749,1
9310,0.3035517099961633,,-0.5602367324027071,1
9311,1.2028981240207635,,-0.4998292220257393,1
9312,-1.2792725206806967,,-0.43942171164877153,1
9313,-0.5350841950941334,,-0.3790142012718037,1
9314,-0.5576363147670466,,-0.3186066908948359,1
9315,-0.8839337707154873,,-0.2581991805178681,1
9316,1.5201944649832417,,-0.19779167014090032,1
9317,-1.418339021277648,,-0.13738415976393248,1
9318,3.085408405060074,,-0.07697664938696469,1
9319,-0.027015736109375688,,-0.016569139009996903,1
9320,0.20705248785210012,,0.043838371366970885,1
9321,-0.5362978728199751,,0.10424588174393867,1
9322,-0.9587646699933632,,0.16465339212090646,1
9323,-0.13892757062011446,,0.22506090249787425,1
9324,1.0685077374605756,,0.28546841287484204,1
9325,0.7391475971617788,,0.3458759232518098,1
9326,-0.49365106995994906,,0.4062834336287777,1
9327,0.7731755757034284,,0.4666909440057454,1
9328,0.8249805372855649,,0.5270984543827133,1
9329,0.587505964759681,0.587505964759681,0.587505964759681,0
9330,-0.2949855532941415,-0.2949855532941415,-0.2949855532941415,0
9331,1.1700853050548499,1.1700853050548499,1.1700853050548499,0
9332,-0.540412427661917,-0.540412427661917,-0.540412427661917,0
9333,0.02133619431882559,0.02133619431882559,0.02133619431882559,0
9334,0.5681435995537945,0.5681435995537945,0.5681435995537945,0
9335,0.533147370110009,0.533147370110009,0.533147370110009,0
9336,0.16098200628240225,0.16098200628240225,0.16098200628240225,0
9337,1.3772661546805505,1.3772661546805505,1.3772661546805505,0
9338,-0.5438437587651059,-0.5438437587651059,-0.5438437587651059,0
9339,0.508250360221556,0.508250360221556,0.508250360221556,0
9340,0.3662817374747207,,0.47108052393571437,1
9341,0.1043785370656423,,0.43391068764987273,1
9342,0.7317314872378811,,0.39674085136403103,1
9343,0.7070628038978938,,0.3595710150781894,1
9344,-0.23224169552942528,,0.32240117879234775,1
9345,1.491886425347558,,0.28523134250650606,1
9346,-0.9727924948550383,,0.24806150622066442,1
9347,-0.5698537792458144,,0.21089166993482278,1
9348,0.6273195851546652,,0.17372183364898114,1
9349,-0.4401569863705708,,0.1365519973631395,1
9350,0.09938216107729778,0.09938216107729778,0.09938216107729778,0
9351,1.152095291342617,1.152095291342617,1.152095291342617,0
9352,0.43414140249667593,0.43414140249667593,0.43414140249667593,0
9353,-0.5972923044471097,-0.5972923044471097,-0.5972923044471097,0
9354,1.4912836881499902,1.4912836881499902,1.4912836881499902,0
9355,0.251878208359193,,1.5622040513293216,1
9356,0.41685188998312117,,1.6331244145086528,1
9357,-0.6269467911532862,,1.7040447776879841,1
9358,1.6485329963197164,,1.7749651408673155,1
9359,0.5177980298615599,,1.8458855040466466,1
9360,-1.3341913639946927,,1.916805867225978,1
9361,-1.0735560907450903,,1.9877262304053094,1
9362,2.1186797241802426,,2.0586465935846405,1
9363,-0.24201824007660486,,2.1295669567639717,1
9364,-0.8535678325459604,,2.200487319943303,1
9365,2.2714076831226344,2.2714076831226344,2.2714076831226344,0
9366,-0.13538955216428614,-0.13538955216428614,-0.13538955216428614,0
9367,-0.056759803886130285,-0.056759803886130285,-0.056759803886130285,0
9368,0.5577160674453802,0.5577160674453802,0.5577160674453802,0
9369,-0.6050709179734154,-0.6050709179734154,-0.6050709179734154,0
9370,1.6364298114810953,1.6364298114810953,1.6364298114810953,0
9371,-1.261972452987888,-1.261972452987888,-1.261972452987888,0
9372,-1.7208854827214892,-1.7208854827214892,-1.7208854827214892,0
9373,0.842816447218625,0.842816447218625,0.842816447218625,0
9374,0.4082101871730103,0.4082101871730103,0.4082101871730103,0
9375,-0.25203970193984715,-0.25203970193984715,-0.25203970193984715,0
9376,-0.8015303858255659,-0.8015303858255659,-0.8015303858255659,0
9377,0.10489919446816567,0.10489919446816567,0.10489919446816567,0
9378,0.8661458976339075,0.8661458976339075,0.8661458976339075,0
9379,-0.9451435971500418,-0.9451435971500418,-0.9451435971500418,0
9380,-1.0527700195448297,-1.0527700195448297,-1.0527700195448297,0
9381,0.5547451099626084,0.5547451099626084,0.5547451099626084,0
9382,1.6630895703136974,1.6630895703136974,1.6630895703136974,0
9383,-0.297999615013159,-0.297999615013159,-0.297999615013159,0
9384,0.3145149017952498,0.3145149017952498,0.3145149017952498,0
9385,0.7292803256448888,0.7292803256448888,0.7292803256448888,0
9386,-0.2439048436337227,-0.2439048436337227,-0.2439048436337227,0
9387,1.0585491335650434,1.0585491335650434,1.0585491335650434,0
9388,0.45108801861307113,0.45108801861307113,0.45108801861307113,0
9389,-0.4469123977878526,-0.4469123977878526,-0.4469123977878526,0
9390,-0.19995290316487896,-0.19995290316487896,-0.19995290316487896,0
9391,-0.5866026064665985,-0.5866026064665985,-0.5866026064665985,0
9392,1.132939292301639,,-0.656753215945047,1
9393,0.9860938496849118,,-0.7269038254234955,1
9394,-0.12894042047610707,,-0.7970544349019439,1
9395,0.33930820033468256,,-0.8672050443803925,1
9396,1.2972922834281062,,-0.937355653858841,1
9397,1.034950956916787,,-1.0075062633372895,1
9398,-0.521078531441896,,-1.077656872815738,1
9399,-0.5356365724292989,,-1.1478074822941866,1
9400,0.8486189416134047,,-1.2179580917726351,1
9401,0.9039517513227464,,-1.2881087012510837,1
9402,-1.3582593107295322,-1.3582593107295322,-1.3582593107295322,0
9403,-0.010815531384471895,-0.010815531384471895,-0.010815531384471895,0
9404,0.9994302236031937,0.9994302236031937,0.9994302236031937,0
9405,-0.32867779350340104,,0.9099502943204779,1
9406,-0.09261373434975827,,0.8204703650377622,1
9407,-1.0258200888718925,,0.7309904357550464,1
9408,1.3743221471563873,,0.6415105064723307,1
9409,-0.22034689774427227,,0.5520305771896149,1
9410,0.1342988130698731,,0.46255064790689915,1
9411,-0.16495694010259834,,0.3730707186241834,1
9412,-0.0682620717560616,,0.28359078934146764,1
9413,-0.74055651737224,,0.1941108600587519,1
9414,0.7669552789258722,,0.10463093077603614,1
9415,0.015151001493320368,0.015151001493320368,0.015151001493320368,0
9416,0.7624766943829824,0.7624766943829824,0.7624766943829824,0
9417,-0.053413337670664036,-0.053413337670664036,-0.053413337670664036,0
9418,-0.5220022167208903,,-0.18329110045855568,1
9419,-0.6487899997490638,,-0.3131688632464473,1
9420,0.5155104431227876,,-0.443046626034339,1
9421,0.5147258530870094,,-0.5729243888222306,1
9422,1.1740136467743583,,-0.7028021516101223,1
9423,0.002845863853274249,,-0.8326799143980139,1
9424,0.5503960516379411,,-0.9625576771859056,1
9425,1.3422519835116393,,-1.0924354399737972,1
9426,-0.3890877606218078,,-1.2223132027616888,1
9427,-1.172008251410341,,-1.3521909655495805,1
9428,-1.4820687283374723,-1.4820687283374723,-1.4820687283374723,0
9429,0.8651459609271525,0.8651459609271525,0.8651459609271525,0
9430,0.361396724693419,0.361396724693419,0.361396724693419,0
9431,-0.9674846735116411,-0.9674846735116411,-0.9674846735116411,0
9432,1.2435120253757457,1.2435120253757457,1.2435120253757457,0
9433,0.8481184680880173,0.8481184680880173,0.8481184680880173,0
9434,1.1303419593371,1.1303419593371,1.1303419593371,0
9435,-0.9999926661640812,,0.9207142251100823,1
9436,-1.1905336917512117,,0.7110864908830645,1
9437,1.1856212208882417,,0.5014587566560469,1
9438,-1.5674462244584428,,0.29183102242902914,1
9439,0.3421304613772867,,0.0822032882020114,1
9440,0.17268855161199087,,-0.12742444602500624,1
9441,-1.335279027001113,,-0.3370521802520241,1
9442,0.7588188443561542,,-0.5466799144790417,1
9443,-1.9450867498126538,,-0.7563076487060594,1
9444,-1.1593008620444802,,-0.9659353829330772,1
9445,-1.1755631171600949,-1.1755631171600949,-1.1755631171600949,0
9446,1.5027535686009303,1.5027535686009303,1.5027535686009303,0
9447,-0.30243188482049393,,1.3988947446309228,1
9448,-0.04213782935774788,,1.2950359206609154,1
9449,1.9220356531064378,,1.1911770966909079,1
9450,1.4235296676560465,,1.0873182727209003,1
9451,-0.14107817637470282,,0.983459448750893,1
9452,0.9726438815629135,,0.8796006247808854,1
9453,0.3162974234726315,,0.775741800810878,1
9454,-0.884269716263792,,0.6718829768408705,1
9455,0.8814026908919943,,0.568024152870863,1
9456,0.9028025006262328,,0.4641653289008556,1
9457,0.3603065049308479,0.3603065049308479,0.3603065049308479,0
9458,0.406302900536054,0.406302900536054,0.406302900536054,0
9459,0.9778577030290864,0.9778577030290864,0.9778577030290864,0
9460,2.386411204122139,2.386411204122139,2.386411204122139,0
9461,-1.052275468779578,-1.052275468779578,-1.052275468779578,0
9462,0.19965344778364463,0.19965344778364463,0.19965344778364463,0
9463,1.822112910591084,1.822112910591084,1.822112910591084,0
9464,0.6139206393286293,0.6139206393286293,0.6139206393286293,0
9465,0.11150325940946171,0.11150325940946171,0.11150325940946171,0
9466,0.6563904322763512,0.6563904322763512,0.6563904322763512,0
9467,-0.6841193279382878,,0.5023828912872677,1
9468,-0.6871448484306001,,0.3483753502981842,1
9469,-0.4874855605036123,,0.19436780930910075,1
9470,-1.0675169566907765,,0.04036026832001727,1
9471,-1.0110804928731134,,-0.11364727266906627,1
9472,-0.8037242448185654,,-0.2676548136581497,1
9473,-0.6137485106266051,,-0.4216623546472331,1
9474,-2.245931438317732,,-0.5756698956363167,1
9475,-2.2044763827515665,,-0.7296774366254002,1
9476,1.2563667752497407,,-0.8836849776144837,1
9477,-1.037692518603567,-1.037692518603567,-1.037692518603567,0
9478,-0.11229861280013449,-0.11229861280013449,-0.11229861280013449,0
9479,0.5330855355623418,,-0.04152135011597037,1
9480,0.5169545036287496,,0.02925591256819375,1
9481,0.9563792876019777,,0.10003317525235787,1
9482,0.7734298950051165,,0.170810437936522,1
9483,-0.42736539319842665,,0.24158770062068613,1
9484,-1.1161826656110154,,0.31236496330485025,1
9485,0.5343743368586574,,0.3831422259890144,1
9486,0.3594898243639469,,0.4539194886731785,1
9487,-0.5432972431338917,,0.5246967513573425,1
9488,0.07136978761736443,,0.5954740140415067,1
9489,0.6662512767256707,0.6662512767256707,0.6662512767256707,0
9490,-0.38877813625064744,-0.38877813625064744,-0.38877813625064744,0
9491,0.013034297647952926,0.013034297647952926,0.013034297647952926,0
9492,-0.44335572010557156,-0.44335572010557156,-0.44335572010557156,0
9493,0.2591064243926339,0.2591064243926339,0.2591064243926339,0
9494,-1.8827680201724672,-1.8827680201724672,-1.8827680201724672,0
9495,-0.19972917678276875,-0.19972917678276875,-0.19972917678276875,0
9496,1.8600668182699167,1.8600668182699167,1.8600668182699167,0
9497,2.2441179142638665,2.2441179142638665,2.2441179142638665,0
9498,0.9325949362244732,0.9325949362244732,0.9325949362244732,0
9499,1.6900251175029328,1.6900251175029328,1.6900251175029328,0
9500,-0.13510881017240273,-0.13510881017240273,-0.13510881017240273,0
9501,-0.5195210057270687,-0.5195210057270687,-0.5195210057270687,0
9502,-0.8590056434106058,-0.8590056434106058,-0.8590056434106058,0
9503,-0.09670766225239362,-0.09670766225239362,-0.09670766225239362,0
9504,0.5816573436853003,0.5816573436853003,0.5816573436853003,0
9505,0.8505217532390202,0.8505217532390202,0.8505217532390202,0
9506,0.6762333874283672,0.6762333874283672,0.6762333874283672,0
9507,-1.1484083270527794,-1.1484083270527794,-1.1484083270527794,0
9508,1.826954097954817,1.826954097954817,1.826954097954817,0
9509,-0.07733362365118272,,1.656828519781942,1
9510,0.05844217150923924,,1.486702941609067,1
9511,-1.5089487874144731,,1.316577363436192,1
9512,0.41152194959944444,,1.146451785263317,1
9513,0.1834874103010769,,0.9763262070904418,1
9514,-1.9888536770963052,,0.8062006289175667,1
9515,-0.6669315702945549,,0.6360750507446917,1
9516,0.7831949328322323,,0.46594947257181674,1
9517,-0.2400721439481984,,0.29582389439894174,1
9518,0.3129149247235622,,0.12569831622606675,1
9519,-0.04442726194680849,-0.04442726194680849,-0.04442726194680849,0
9520,1.5003698169068203,1.5003698169068203,1.5003698169068203,0
9521,0.5587296214093015,0.5587296214093015,0.5587296214093015,0
9522,0.4774986604278762,0.4774986604278762,0.4774986604278762,0
9523,1.1083371808162015,1.1083371808162015,1.1083371808162015,0
9524,-0.48157911498501305,-0.48157911498501305,-0.48157911498501305,0
9525,-0.43967747986637384,-0.43967747986637384,-0.43967747986637384,0
9526,0.7533298562987545,0.7533298562987545,0.7533298562987545,0
9527,0.14995614255038445,0.14995614255038445,0.14995614255038445,0
9528,1.2677918071675323,1.2677918071675323,1.2677918071675323,0
9529,0.2766020055720116,0.2766020055720116,0.2766020055720116,0
9530,0.33841352322496554,0.33841352322496554,0.33841352322496554,0
9531,-0.4065575503646203,-0.4065575503646203,-0.4065575503646203,0
9532,0.5575478719158857,0.5575478719158857,0.5575478719158857,0
9533,-1.295361553467838,-1.295361553467838,-1.295361553467838,0
9534,-0.9796285227429155,-0.9796285227429155,-0.9796285227429155,0
9535,-0.6798490967492921,-0.6798490967492921,-0.6798490967492921,0
9536,1.6136882637111725,1.6136882637111725,1.6136882637111725,0
9537,-0.7226601077937,-0.7226601077937,-0.7226601077937,0
9538,-0.8721602016194969,-0.8721602016194969,-0.8721602016194969,0
9539,0.7017958288266619,0.7017958288266619,0.7017958288266619,0
9540,1.803687041417896,1.803687041417896,1.803687041417896,0
9541,-0.46047958213737694,-0.46047958213737694,-0.46047958213737694,0
9542,0.65859783224372,0.65859783224372,0.65859783224372,0
9543,0.47894703335782957,,0.47722156350575873,1
9544,0.22994224042035005,,0.29584529476779736,1
9545,-3.3128665936934536,,0.114469026029836,1
9546,-1.9820097727346029,,-0.06690724270812531,1
9547,0.9529115678053418,,-0.24828351144608662,1
9548,0.6633602756311913,,-0.42965978018404805,1
9549,0.29744055682487275,,-0.6110360489220092,1
9550,-0.06741804567563132,,-0.7924123176599707,1
9551,0.6566259169036308,,-0.9737885863979321,1
9552,0.4915697099961317,,-1.1551648551358933,1
9553,-1.3365411238738547,-1.3365411238738547,-1.3365411238738547,0
9554,0.6532505622049952,0.6532505622049952,0.6532505622049952,0
9555,-0.014608541282617347,-0.014608541282617347,-0.014608541282617347,0
9556,-0.771792668718172,-0.771792668718172,-0.771792668718172,0
9557,1.1841356342296434,1.1841356342296434,1.1841356342296434,0
9558,-1.984746674111892,-1.984746674111892,-1.984746674111892,0
9559,-0.697428502380618,-0.697428502380618,-0.697428502380618,0
9560,-0.2891574705881832,-0.2891574705881832,-0.2891574705881832,0
9561,-0.783716538959291,-0.783716538959291,-0.783716538959291,0
9562,0.09930540651502538,0.09930540651502538,0.09930540651502538,0
9563,0.6005079158553346,0.6005079158553346,0.6005079158553346,0
9564,-0.3083020904197128,-0.3083020904197128,-0.3083020904197128,0
9565,0.24319045664230776,0.24319045664230776,0.24319045664230776,0
9566,-1.0736310730430774,-1.0736310730430774,-1.0736310730430774,0
9567,-0.3871048892608615,-0.3871048892608615,-0.3871048892608615,0
9568,-2.3336045591766554,-2.3336045591766554,-2.3336045591766554,0
9569,1.4822913387504022,1.4822913387504022,1.4822913387504022,0
9570,2.110234073759185,2.110234073759185,2.110234073759185,0
9571,-0.949649077278974,-0.949649077278974,-0.949649077278974,0
9572,0.5468961956005929,0.5468961956005929,0.5468961956005929,0
9573,-0.6464097958746329,-0.6464097958746329,-0.6464097958746329,0
9574,-1.0404566607573638,-1.0404566607573638,-1.0404566607573638,0
9575,-0.098235049774176,-0.098235049774176,-0.098235049774176,0
9576,0.4119841450097517,0.4119841450097517,0.4119841450097517,0
9577,-0.7976180040053381,-0.7976180040053381,-0.7976180040053381,0
9578,0.3491157534246577,0.3491157534246577,0.3491157534246577,0
9579,0.7265437083763866,0.7265437083763866,0.7265437083763866,0
9580,1.3868469700697508,1.3868469700697508,1.3868469700697508,0
9581,0.1817925060829782,0.1817925060829782,0.1817925060829782,0
9582,0.8261498850649438,0.8261498850649438,0.8261498850649438,0
9583,1.0437099563732286,1.0437099563732286,1.0437099563732286,0
9584,0.2189879731207371,0.2189879731207371,0.2189879731207371,0
9585,2.0457095506194634,2.0457095506194634,2.0457095506194634,0
9586,0.21718870527694797,0.21718870527694797,0.21718870527694797,0
9587,1.7286295738225128,1.7286295738225128,1.7286295738225128,0
9588,-1.1251852113962408,-1.1251852113962408,-1.1251852113962408,0
9589,0.09946337071748906,0.09946337071748906,0.09946337071748906,0
9590,-1.1402889769999394,-1.1402889769999394,-1.1402889769999394,0
9591,0.7870319232448423,0.7870319232448423,0.7870319232448423,0
9592,1.1813893043196093,1.1813893043196093,1.1813893043196093,0
9593,0.044012949900071,0.044012949900071,0.044012949900071,0
9594,-0.12699737139774006,-0.12699737139774006,-0.12699737139774006,0
9595,-0.8622845393459345,-0.8622845393459345,-0.8622845393459345,0
9596,0.4193356787990419,0.4193356787990419,0.4193356787990419,0
9597,-0.5813990981741699,-0.5813990981741699,-0.5813990981741699,0
9598,0.42275201933075346,0.42275201933075346,0.42275201933075346,0
9599,-0.06229267801143987,,0.3853255775767057,1
9600,0.22195399401271748,,0.3478991358226579,1
9601,-1.4597289795540829,,0.31047269406861017,1
9602,0.9970906879793068,,0.27304625231456237,1
9603,0.3633187095995558,,0.23561981056051462,1
9604,0.029891481005394155,,0.19819336880646687,1
9605,2.0685388169609165,,0.16076692705241907,1
9606,-2.0135347039504077,,0.12334048529837133,1
9607,0.6534689856480086,,0.08591404354432358,1
9608,0.4660739559008556,,0.04848760179027578,1
9609,0.011061160036228028,0.011061160036228028,0.011061160036228028,0
9610,-1.655263496930834,-1.655263496930834,-1.655263496930834,0
9611,-0.25329922220831513,-0.25329922220831513,-0.25329922220831513,0
9612,-0.2122162178996319,-0.2122162178996319,-0.2122162178996319,0
9613,-0.8782820575393834,-0.8782820575393834,-0.8782820575393834,0
9614,-0.1433243724220504,-0.1433243724220504,-0.1433243724220504,0
9615,0.10228114043990519,0.10228114043990519,0.10228114043990519,0
9616,-0.33893883414253634,-0.33893883414253634,-0.33893883414253634,0
9617,0.7010070705354206,,-0.12974033054863673,1
9618,0.7991070038682069,,0.07945817304526287,1
9619,-1.0627220948407887,,0.2886566766391625,1
9620,-1.2390392217439865,,0.4978551802330621,1
9621,0.8484641777145957,,0.7070536838269617,1
9622,0.4135977579525156,,0.9162521874208613,1
9623,1.294175071072323,,1.1254506910147608,1
9624,-0.5168134312828996,,1.3346491946086605,1
9625,-0.043912339960353784,,1.5438476982025602,1
9626,0.33295402062344465,,1.7530462017964596,1
9627,1.9622447053903591,1.9622447053903591,1.9622447053903591,0
9628,-2.3958179341642536,-2.3958179341642536,-2.3958179341642536,0
9629,0.15650536539685156,0.15650536539685156,0.15650536539685156,0
9630,-0.6375636559594959,-0.6375636559594959,-0.6375636559594959,0
9631,0.6005030812011982,0.6005030812011982,0.6005030812011982,0
9632,0.0597573145898299,0.0597573145898299,0.0597573145898299,0
9633,-0.956892439121828,-0.956892439121828,-0.956892439121828,0
9634,3.2949941639392732,3.2949941639392732,3.2949941639392732,0
9635,-0.32636096436823436,-0.32636096436823436,-0.32636096436823436,0
9636,-0.05966649980496156,-0.05966649980496156,-0.05966649980496156,0
9637,-0.3675256923619636,-0.3675256923619636,-0.3675256923619636,0
9638,-0.46064896770662017,-0.46064896770662017,-0.46064896770662017,0
9639,1.9623034229596081,1.9623034229596081,1.9623034229596081,0
9640,0.08373781240043772,,1.66324236231248,1
9641,0.3229119928305327,,1.3641813016653517,1
9642,1.0481641121825225,,1.0651202410182234,1
9643,0.8803999184448589,,0.7660591803710952,1
9644,-0.3857939736553791,,0.466998119723967,1
9645,-1.1302627241819485,,0.16793705907683876,1
9646,0.8693307337555025,,-0.13112400157028947,1
9647,1.3910026480674247,,-0.4301850622174177,1
9648,-0.5631615097441615,,-0.7292461228645459,1
9649,-0.8537358132524147,,-1.0283071835116742,1
9650,-1.3273682441588024,-1.3273682441588024,-1.3273682441588024,0
9651,-0.42108569048799754,-0.42108569048799754,-0.42108569048799754,0
9652,-0.7596848463789648,-0.7596848463789648,-0.7596848463789648,0
9653,0.8507064630374914,,-0.8236600618793325,1
9654,1.1119905943552917,,-0.8876352773797002,1
9655,-0.3891771162910572,,-0.9516104928800679,1
9656,1.4868753414303444,,-1.0155857083804356,1
9657,-0.2732561877223174,,-1.0795609238808033,1
9658,0.3296933602209956,,-1.143536139381171,1
9659,-1.9556153447527607,,-1.2075113548815386,1
9660,0.427745572520518,,-1.2714865703819063,1
9661,-0.48424012210363027,,-1.335461785882274,1
9662,-0.6683752573281672,,-1.3994370013826416,1
9663,-1.4634122168830093,-1.4634122168830093,-1.4634122168830093,0
9664,-0.8408962438646911,-0.8408962438646911,-0.8408962438646911,0
9665,0.6912981562279636,0.6912981562279636,0.6912981562279636,0
9666,0.6625494453200097,0.6625494453200097,0.6625494453200097,0
9667,-0.9134498072162945,-0.9134498072162945,-0.9134498072162945,0
9668,-0.24914783614388952,-0.24914783614388952,-0.24914783614388952,0
9669,1.5390550699635677,1.5390550699635677,1.5390550699635677,0
9670,-0.22168042962849832,-0.22168042962849832,-0.22168042962849832,0
9671,-0.8604646707761269,-0.8604646707761269,-0.8604646707761269,0
9672,0.2405265717388272,,-0.8251016654032653,1
9673,0.42643235835532195,,-0.7897386600304037,1
9674,1.2140762516319765,,-0.7543756546575422,1
9675,-0.6674784224620619,,-0.7190126492846806,1
9676,-0.48720705994830765,,-0.683649643911819,1
9677,1.2215523180622545,,-0.6482866385389574,1
9678,0.7676744443276909,,-0.6129236331660959,1
9679,0.28984438250684197,,-0.5775606277932344,1
9680,-0.6169082584046023,,-0.5421976224203727,1
9681,-0.7219263910864886,,-0.5068346170475111,1
9682,-0.4714716116746496,-0.4714716116746496,-0.4714716116746496,0
9683,-0.18906352118902459,-0.18906352118902459,-0.18906352118902459,0
9684,-0.2393600104634049,,-0.13852658792485273,1
9685,-0.393009278893914,,-0.08798965466068087,1
9686,-0.9866316575046058,,-0.037452721396509014,1
9687,1.0319768896977566,,0.013084211867662843,1
9688,0.20448375159820237,,0.0636211451318347,1
9689,-0.006015841864793286,,0.11415807839600656,1
9690,1.5337607770445245,,0.16469501166017841,1
9691,-1.1323087018012714,,0.21523194492435027,1
9692,0.5673580990470185,,0.26576887818852213,1
9693,-0.4897422677383853,,0.316305811452694,1
9694,0.3668427447168659,0.3668427447168659,0.3668427447168659,0
9695,-0.5331385784041854,-0.5331385784041854,-0.5331385784041854,0
9696,0.2215824898241845,0.2215824898241845,0.2215824898241845,0
9697,1.177992190743088,1.177992190743088,1.177992190743088,0
9698,1.9030285008145738,1.9030285008145738,1.9030285008145738,0
9699,-0.7116604735079464,-0.7116604735079464,-0.7116604735079464,0
9700,0.5264602326676372,0.5264602326676372,0.5264602326676372,0
9701,-0.10437704475912754,-0.10437704475912754,-0.10437704475912754,0
9702,0.4897412019116052,0.4897412019116052,0.4897412019116052,0
9703,-0.17773659767659153,-0.17773659767659153,-0.17773659767659153,0
9704,1.414183319218782,1.414183319218782,1.414183319218782,0
9705,-0.48244931797184726,-0.48244931797184726,-0.48244931797184726,0
9706,-1.4326064245016947,-1.4326064245016947,-1.4326064245016947,0
9707,0.16001128167274337,0.16001128167274337,0.16001128167274337,0
9708,0.8260260449838888,0.8260260449838888,0.8260260449838888,0
9709,0.18875684261230366,0.18875684261230366,0.18875684261230366,0
9710,-1.1934845717877973,-1.1934845717877973,-1.1934845717877973,0
9711,2.6602009786434526,2.6602009786434526,2.6602009786434526,0
9712,0.9837681661951062,0.9837681661951062,0.9837681661951062,0
9713,0.9490020223906717,0.9490020223906717,0.9490020223906717,0
9714,-0.6550604506378706,-0.6550604506378706,-0.6550604506378706,0
9715,-0.22917974102240052,-0.22917974102240052,-0.22917974102240052,0
9716,-1.38139103865318,-1.38139103865318,-1.38139103865318,0
9717,-0.9692812127945114,-0.9692812127945114,-0.9692812127945114,0
9718,0.3138226856170479,,-0.8361349409847447,1
9719,0.12323228097708376,,-0.702988669174978,1
9720,-0.5829376793559331,,-0.5698423973652113,1
9721,0.4853864753893684,,-0.43669612555544457,1
9722,-0.3829260892380056,,-0.3035498537456779,1
9723,0.03645639820529304,,-0.1704035819359111,1
9724,0.6368218064077384,,-0.037257310126144416,1
9725,-0.35263217334560887,,0.09588896168362226,1
9726,0.37169803660289474,,0.22903523349338895,1
9727,-0.535028322650904,,0.3621815053031556,1
9728,0.49532777711292253,0.49532777711292253,0.49532777711292253,0
9729,-0.4396327088447584,-0.4396327088447584,-0.4396327088447584,0
9730,0.008284270037182745,0.008284270037182745,0.008284270037182745,0
9731,-1.9902666684371222,-1.9902666684371222,-1.9902666684371222,0
9732,0.7769811488937768,0.7769811488937768,0.7769811488937768,0
9733,0.6812990178402107,0.6812990178402107,0.6812990178402107,0
9734,1.284640499858311,1.284640499858311,1.284640499858311,0
9735,0.9163622025001842,0.9163622025001842,0.9163622025001842,0
9736,-1.4675336143825453,-1.4675336143825453,-1.4675336143825453,0
9737,0.33072673842028244,0.33072673842028244,0.33072673842028244,0
9738,-0.35725768426901733,-0.35725768426901733,-0.35725768426901733,0
9739,-1.0452081847671628,-1.0452081847671628,-1.0452081847671628,0
9740,0.6716400434203056,0.6716400434203056,0.6716400434203056,0
9741,-0.2311022318273493,-0.2311022318273493,-0.2311022318273493,0
9742,-1.1601713668129354,-1.1601713668129354,-1.1601713668129354,0
9743,1.484430780577728,1.484430780577728,1.484430780577728,0
9744,-0.940144463267646,-0.940144463267646,-0.940144463267646,0
9745,-0.7039144856058897,-0.7039144856058897,-0.7039144856058897,0
9746,-0.9047855368343223,-0.9047855368343223,-0.9047855368343223,0
9747,-0.5175547317304772,,-0.901942886849828,1
9748,-0.7237316216661824,,-0.8991002368653337,1
9749,-0.04947026767524537,,-0.8962575868808395,1
9750,-1.6587423695177579,,-0.8934149368963451,1
9751,-0.38128579519978545,,-0.8905722869118509,1
9752,0.7240528099860251,,-0.8877296369273565,1
9753,-0.32776515391782585,,-0.8848869869428623,1
9754,-0.07013383209553128,,-0.8820443369583679,1
9755,-0.09261318356140641,,-0.8792016869738737,1
9756,1.017131308266885,,-0.8763590369893793,1
9757,-0.8735163870048851,-0.8735163870048851,-0.8735163870048851,0
9758,1.7412547113445818,1.7412547113445818,1.7412547113445818,0
9759,-2.3663637242296365,-2.3663637242296365,-2.3663637242296365,0
9760,0.12272154349959591,,-2.3105515840952036,1
9761,-0.17551656783176997,,-2.2547394439607706,1
9762,-0.046043130258593336,,-2.1989273038263377,1
9763,1.6292679944094948,,-2.1431151636919052,1
9764,1.4262162199992907,,-2.0873030235574723,1
9765,0.7721382137231194,,-2.0314908834230394,1
9766,0.03927212818905443,,-1.9756787432886065,1
9767,0.79665372197938,,-1.9198666031541736,1
9768,-1.1027310796777658,,-1.8640544630197406,1
9769,1.8340358545418105,,-1.808242322885308,1
9770,-1.752430182750875,-1.752430182750875,-1.752430182750875,0
9771,0.25598519236789635,,-1.6757921543933265,1
9772,0.3875297990239251,,-1.599154126035778,1
9773,0.9115037434281225,,-1.5225160976782295,1
9774,1.3215699103354541,,-1.4458780693206812,1
9775,-0.05876286055743142,,-1.3692400409631325,1
9776,0.9629596145947855,,-1.2926020126055842,1
9777,-1.289123577985741,,-1.2159639842480356,1
9778,-0.619865281426571,,-1.1393259558904871,1
9779,0.3598123122819463,,-1.0626879275329386,1
9780,0.04855278087870696,,-0.9860498991753901,1
9781,-0.2335592936504012,,-0.9094118708178417,1
9782,-0.5878344316663845,,-0.8327738424602932,1
9783,0.18144596538954405,,-0.7561358141027447,1
9784,-0.29789873447870435,,-0.6794977857451963,1
9785,0.4470597068939321,,-0.6028597573876477,1
9786,-0.5163497008533504,,-0.5262217290300992,1
9787,1.0857258732249964,,-0.4495837006725507,1
9788,-2.090710629047463,,-0.3729456723150022,1
9789,-0.1885384787272647,,-0.2963076439574537,1
9790,-1.5748077255512942,,-0.21966961559990517,1
9791,-0.14303158724235668,-0.14303158724235668,-0.14303158724235668,0
9792,2.241192624881387,2.241192624881387,2.241192624881387,0
9793,1.1252276669465495,1.1252276669465495,1.1252276669465495,0
9794,-1.0832896539822143,-1.0832896539822143,-1.0832896539822143,0
9795,0.1260108471044215,0.1260108471044215,0.1260108471044215,0
9796,1.6866180864732954,1.6866180864732954,1.6866180864732954,0
9797,-2.4087407893287875,-2.4087407893287875,-2.4087407893287875,0
9798,-0.4734987959481112,,-2.302375261729611,1
9799,-0.7937129159829018,,-2.1960097341304348,1
9800,1.5673824009349955,,-2.089644206531258,1
9801,-0.006353428124505226,,-1.9832786789320818,1
9802,-0.3970283178847238,,-1.8769131513329054,1
9803,0.17872817212927483,,-1.7705476237337288,1
9804,0.2753287964202605,,-1.6641820961345524,1
9805,0.0898869188280159,,-1.557816568535376,1
9806,0.43218861902015,,-1.4514510409361996,1
9807,-0.6946580115411571,,-1.3450855133370232,1
9808,-1.2387199857378466,-1.2387199857378466,-1.2387199857378466,0
9809,-0.7605172313032363,-0.7605172313032363,-0.7605172313032363,0
9810,0.06682299205633054,0.06682299205633054,0.06682299205633054,0
9811,-1.2408722559930832,-1.2408722559930832,-1.2408722559930832,0
9812,1.0170262606066083,1.0170262606066083,1.0170262606066083,0
9813,1.5546582145793837,1.5546582145793837,1.5546582145793837,0
9814,-1.6749731680453002,-1.6749731680453002,-1.6749731680453002,0
9815,-0.5884864502845278,-0.5884864502845278,-0.5884864502845278,0
9816,-0.13889487593490252,-0.13889487593490252,-0.13889487593490252,0
9817,-0.910660577824059,-0.910660577824059,-0.910660577824059,0
9818,-0.21618651014152596,-0.21618651014152596,-0.21618651014152596,0
9819,0.05594712598998176,0.05594712598998176,0.05594712598998176,0
9820,2.704783542612145,2.704783542612145,2.704783542612145,0
9821,0.9577391422756348,0.9577391422756348,0.9577391422756348,0
9822,-0.8810769204023463,-0.8810769204023463,-0.8810769204023463,0
9823,-0.711500830350349,-0.711500830350349,-0.711500830350349,0
9824,0.6829796967996729,,-0.6101274889806734,1
9825,0.5222962267108605,,-0.5087541476109979,1
9826,-0.7010866458080154,,-0.4073808062413224,1
9827,-0.15544540558988929,,-0.3060074648716469,1
9828,1.7930987355364554,,-0.2046341235019713,1
9829,0.06509980061706026,,-0.10326078213229584,1
9830,-0.1834906262851231,,-0.0018874407626203737,1
9831,0.7630153772584997,,0.0994859006070552,1
9832,1.483280088074317,,0.20085924197673077,1
9833,-0.41822389083935163,,0.30223258334640635,1
9834,0.40360592471608175,0.40360592471608175,0.40360592471608175,0
9835,-0.4482284972346938,-0.4482284972346938,-0.4482284972346938,0
9836,0.4443406993497433,0.4443406993497433,0.4443406993497433,0
9837,-1.5381251515684173,-1.5381251515684173,-1.5381251515684173,0
9838,-0.2184856147643496,-0.2184856147643496,-0.2184856147643496,0
9839,1.0907163774529889,1.0907163774529889,1.0907163774529889,0
9840,0.04224121676281573,0.04224121676281573,0.04224121676281573,0
9841,-0.38426430661571714,-0.38426430661571714,-0.38426430661571714,0
9842,1.5950539772291599,1.5950539772291599,1.5950539772291599,0
9843,0.026973244527630568,0.026973244527630568,0.026973244527630568,0
9844,0.9612537059419867,0.9612537059419867,0.9612537059419867,0
9845,0.09097749580323639,0.09097749580323639,0.09097749580323639,0
9846,0.5629389157409961,0.5629389157409961,0.5629389157409961,0
9847,-0.6156997131575919,-0.6156997131575919,-0.6156997131575919,0
9848,0.5370516781622084,0.5370516781622084,0.5370516781622084,0
9849,-0.28169957177234,-0.28169957177234,-0.28169957177234,0
9850,-0.8978540341031398,-0.8978540341031398,-0.8978540341031398,0
9851,-0.32315455561064094,-0.32315455561064094,-0.32315455561064094,0
9852,0.9451393688662225,0.9451393688662225,0.9451393688662225,0
9853,-0.08143203560758314,-0.08143203560758314,-0.08143203560758314,0
9854,-0.47803465019690855,-0.47803465019690855,-0.47803465019690855,0
9855,0.6531613447948997,0.6531613447948997,0.6531613447948997,0
9856,-0.9897902229673416,-0.9897902229673416,-0.9897902229673416,0
9857,-0.2654655550431328,-0.2654655550431328,-0.2654655550431328,0
9858,-1.9982846312891336,-1.9982846312891336,-1.9982846312891336,0
9859,-0.33711560450326855,-0.33711560450326855,-0.33711560450326855,0
9860,0.07909123659923645,0.07909123659923645,0.07909123659923645,0
9861,1.695930495381257,1.695930495381257,1.695930495381257,0
9862,-0.4870172795448274,-0.4870172795448274,-0.4870172795448274,0
9863,0.04193342262547908,,-0.5116604881396974,1
9864,0.019792386457883965,,-0.5363036967345676,1
9865,-0.45480508696964717,,-0.5609469053294377,1
9866,1.3467053675490972,,-0.5855901139243078,1
9867,-0.8597622726662687,,-0.6102333225191778,1
9868,-0.8905506155886932,,-0.634876531114048,1
9869,0.3722421144566928,,-0.6595197397089181,1
9870,0.3798594051298338,,-0.6841629483037882,1
9871,-1.7855112722485313,,-0.7088061568986583,1
9872,-0.853400211864558,,-0.7334493654935283,1
9873,-0.7580925740883985,-0.7580925740883985,-0.7580925740883985,0
9874,0.002371274456105235,0.002371274456105235,0.002371274456105235,0
9875,0.08322556010961336,0.08322556010961336,0.08322556010961336,0
9876,-2.457025449917614,-2.457025449917614,-2.457025449917614,0
9877,-0.2460845020245401,-0.2460845020245401,-0.2460845020245401,0
9878,-0.619656596432799,-0.619656596432799,-0.619656596432799,0
9879,0.8491799135416981,0.8491799135416981,0.8491799135416981,0
9880,1.5921972265075872,1.5921972265075872,1.5921972265075872,0
9881,-0.07695096421695759,,1.3666362339417901,1
9882,-0.30272635591653996,,1.1410752413759928,1
9883,-0.12169278095383092,,0.9155142488101957,1
9884,0.10110580996519884,,0.6899532562443986,1
9885,-0.3874281230899679,,0.46439226367860154,1
9886,0.6167476354707817,,0.23883127111280422,1
9887,-0.35659702471896154,,0.01327027854700713,1
9888,0.46471809496030503,,-0.21229071401878996,1
9889,0.7420297989831788,,-0.4378517065845873,1
9890,-1.6987434651645323,,-0.6634126991503841,1
9891,-0.8889736917161815,-0.8889736917161815,-0.8889736917161815,0
9892,-1.169837112069625,-1.169837112069625,-1.169837112069625,0
9893,1.1582099861424933,1.1582099861424933,1.1582099861424933,0
9894,-0.3599756381615546,-0.3599756381615546,-0.3599756381615546,0
9895,0.1402209573084065,,-0.2442084930132554,1
9896,0.05643311186772593,,-0.1284413478649562,1
9897,-2.0954115196595655,,-0.012674202716657035,1
9898,0.8108806422896665,,0.10309294243164219,1
9899,0.27223118057549583,,0.2188600875799414,1
9900,0.8159108584839017,,0.3346272327282405,1
9901,-0.29685424739963595,,0.45039437787653974,1
9902,1.5765061563812568,,0.5661615230248389,1
9903,-0.1229469037842124,,0.681928668173138,1
9904,-0.057983871851578286,,0.7976958133214374,1
9905,0.9134629584697366,0.9134629584697366,0.9134629584697366,0
9906,-0.7033310428705203,-0.7033310428705203,-0.7033310428705203,0
9907,0.9137139222118174,0.9137139222118174,0.9137139222118174,0
9908,0.23377450404579989,0.23377450404579989,0.23377450404579989,0
9909,-0.6773434792765117,-0.6773434792765117,-0.6773434792765117,0
9910,-1.035730814605218,-1.035730814605218,-1.035730814605218,0
9911,-0.04294838874928845,,-0.9852716676036091,1
9912,-0.16038604246041183,,-0.934812520602,1
9913,1.2376527871380174,,-0.8843533736003911,1
9914,-1.0173912637369944,,-0.8338942265987821,1
9915,-1.0459092769296103,,-0.7834350795971732,1
9916,1.453558309556998,,-0.7329759325955643,1
9917,0.11864220544842367,,-0.6825167855939553,1
9918,-0.5398417535071314,,-0.6320576385923463,1
9919,0.40545253281121163,,-0.5815984915907373,1
9920,-1.1504723666824985,,-0.5311393445891284,1
9921,-0.4806801975875195,-0.4806801975875195,-0.4806801975875195,0
9922,-0.06841538624414963,-0.06841538624414963,-0.06841538624414963,0
9923,1.7115926080220305,1.7115926080220305,1.7115926080220305,0
9924,0.5595128493346352,0.5595128493346352,0.5595128493346352,0
9925,-1.1785738655610114,-1.1785738655610114,-1.1785738655610114,0
9926,1.2123689091485612,1.2123689091485612,1.2123689091485612,0
9927,-1.0110435061202905,-1.0110435061202905,-1.0110435061202905,0
9928,1.0234566040880033,1.0234566040880033,1.0234566040880033,0
9929,-0.010431290099845237,-0.010431290099845237,-0.010431290099845237,0
9930,1.085160050625344,1.085160050625344,1.085160050625344,0
9931,0.40577007239441165,0.40577007239441165,0.40577007239441165,0
9932,0.10602565106809611,0.10602565106809611,0.10602565106809611,0
9933,-0.2161708414288544,-0.2161708414288544,-0.2161708414288544,0
9934,-1.8583037927610362,-1.8583037927610362,-1.8583037927610362,0
9935,1.3856731558405415,1.3856731558405415,1.3856731558405415,0
9936,0.6159204316973642,0.6159204316973642,0.6159204316973642,0
9937,0.49609376983785036,0.49609376983785036,0.49609376983785036,0
9938,0.6846672777616691,0.6846672777616691,0.6846672777616691,0
9939,-1.4801732020294123,-1.4801732020294123,-1.4801732020294123,0
9940,-1.3731021381615383,-1.3731021381615383,-1.3731021381615383,0
9941,-1.0044388891834553,,-1.331819196110991,1
9942,-0.9076435053156585,,-1.2905362540604437,1
9943,-0.13846412522280763,,-1.2492533120098965,1
9944,-0.44470116177694624,,-1.2079703699593491,1
9945,-0.0903218287100468,,-1.166687427908802,1
9946,-0.662598349478588,,-1.1254044858582546,1
9947,-0.3484755202306808,,-1.0841215438077074,1
9948,0.9777189170186551,,-1.0428386017571603,1
9949,-0.9350078029988192,,-1.0015556597066129,1
9950,0.5432690077512455,,-0.9602727176560657,1
9951,-0.9189897756055184,-0.9189897756055184,-0.9189897756055184,0
9952,1.1553870912039352,1.1553870912039352,1.1553870912039352,0
9953,-0.8838165077497374,-0.8838165077497374,-0.8838165077497374,0
9954,-0.7907743577523978,,-0.6177911016693977,1
9955,-1.1329045871933736,,-0.3517656955890579,1
9956,-0.5554511053286489,,-0.08574028950871815,1
9957,0.4678191726613001,,0.1802851165716216,1
9958,0.22535952859363553,,0.44631052265196136,1
9959,0.6809049081329498,,0.7123359287323011,1
9960,0.01938486536578596,,0.9783613348126409,1
9961,1.0932476202426606,,1.2443867408929807,1
9962,-0.13139634830586325,,1.5104121469733207,1
9963,-0.5301575398626399,,1.7764375530536602,1
9964,2.042462959134,2.042462959134,2.042462959134,0
9965,1.9494797772656136,1.9494797772656136,1.9494797772656136,0
9966,1.4159725780400203,1.4159725780400203,1.4159725780400203,0
9967,0.8574326825170385,0.8574326825170385,0.8574326825170385,0
9968,0.9345265757363695,0.9345265757363695,0.9345265757363695,0
9969,-1.16233574910706,-1.16233574910706,-1.16233574910706,0
9970,1.0166938067847495,1.0166938067847495,1.0166938067847495,0
9971,0.10704130226213766,0.10704130226213766,0.10704130226213766,0
9972,-0.4343080695297845,-0.4343080695297845,-0.4343080695297845,0
9973,-0.8907673820671129,-0.8907673820671129,-0.8907673820671129,0
9974,1.3154943672365014,1.3154943672365014,1.3154943672365014,0
9975,0.6486030461084582,0.6486030461084582,0.6486030461084582,0
9976,-0.5368211820519132,-0.5368211820519132,-0.5368211820519132,0
9977,-2.172927460740449,-2.172927460740449,-2.172927460740449,0
9978,-1.300237264520725,-1.300237264520725,-1.300237264520725,0
9979,0.737151632865508,0.737151632865508,0.737151632865508,0
9980,1.015105835039838,1.015105835039838,1.015105835039838,0
9981,0.3401311058892994,0.3401311058892994,0.3401311058892994,0
9982,1.6715438651037875,1.6715438651037875,1.6715438651037875,0
9983,-0.7870212035258588,-0.7870212035258588,-0.7870212035258588,0
9984,0.7756166481797047,0.7756166481797047,0.7756166481797047,0
9985,-1.921101187181774,-1.921101187181774,-1.921101187181774,0
9986,0.27142531934233893,0.27142531934233893,0.27142531934233893,0
9987,-0.17309942518448293,-0.17309942518448293,-0.17309942518448293,0
9988,-0.7722399822075263,-0.7722399822075263,-0.7722399822075263,0
9989,0.385215274359571,0.385215274359571,0.385215274359571,0
9990,0.8062633826849903,0.8062633826849903,0.8062633826849903,0
9991,1.2164721820639948,1.2164721820639948,1.2164721820639948,0
9992,-0.13470338117600453,-0.13470338117600453,-0.13470338117600453,0
9993,-0.8061649579101082,-0.8061649579101082,-0.8061649579101082,0
9994,0.22835452714366564,0.22835452714366564,0.22835452714366564,0
9995,0.31268578119691437,,0.19935452393784436,1
9996,0.05025532206835478,,0.17035452073202306,1
9997,-0.10486630967357609,,0.1413545175262018,1
9998,-0.1676580549460467,,0.11235451432038052,1
9999,0.9019251899056031,,0.08335451111455924,1
10000,-0.6573148394718125,,0.05435450790873794,1
10001,1.5770872790542556,,0.02535450470291667,1
10002,-0.8359548864392903,,-0.003645498502904604,1
10003,0.9804815988561675,,-0.032645501708725905,1
10004,1.6555828824032035,,-0.06164550491454715,1
10005,-0.09064550812036845,-0.09064550812036845,-0.09064550812036845,0
10006,-0.4228328441622765,-0.4228328441622765,-0.4228328441622765,0
10007,1.7540244392676811,,-0.3423654096211267,1
10008,1.5524388234988067,,-0.2618979750799769,1
10009,1.3813696224908476,,-0.18143054053882707,1
10010,0.5115962750204562,,-0.10096310599767727,1
10011,-0.9406915291367042,,-0.020495671456527476,1
10012,-0.7525779997462857,,0.059971763084622376,1
10013,0.11880112448396067,,0.14043919762577217,1
10014,0.2602546557027986,,0.22090663216692197,1
10015,-1.4007911437884246,,0.30137406670807176,1
10016,-0.1206569831805525,,0.38184150124922156,1
10017,0.4623089357903715,0.4623089357903715,0.4623089357903715,0
10018,-0.7926250470544933,-0.7926250470544933,-0.7926250470544933,0
10019,1.5022051200988307,1.5022051200988307,1.5022051200988307,0
10020,-0.40569106551540884,,1.335668980498114,1
10021,-0.17751873553268568,,1.169132840897397,1
10022,0.6400090525149518,,1.0025967012966803,1
10023,1.0987460214536646,,0.8360605616959634,1
10024,-0.06690445527968752,,0.6695244220952467,1
10025,-2.3403604963155513,,0.5029882824945298,1
10026,-0.23444058658137829,,0.336452142893813,1
10027,-0.847853743273006,,0.1699160032930962,1
10028,-1.1666934783274716,,0.0033798636923794145,1
10029,0.9175195317773603,,-0.16315627590833737,1
10030,-0.32969241550905426,-0.32969241550905426,-0.32969241550905426,0
10031,0.5818195910535908,0.5818195910535908,0.5818195910535908,0
10032,0.6530272145325647,0.6530272145325647,0.6530272145325647,0
10033,-0.8052286257272014,-0.8052286257272014,-0.8052286257272014,0
10034,-0.6220672169489095,-0.6220672169489095,-0.6220672169489095,0
10035,0.24826755564859931,0.24826755564859931,0.24826755564859931,0
10036,0.3232484909560045,,0.24196356130974583,1
10037,0.4210679439218865,,0.23565956697089233,1
10038,1.3760748659267519,,0.22935557263203885,1
10039,-0.03007360197513605,,0.22305157829318537,1
10040,0.535571140003941,,0.21674758395433186,1
10041,0.7044766677593918,,0.21044358961547838,1
10042,0.33370779522086147,,0.2041395952766249,1
10043,0.278257725672819,,0.19783560093777142,1
10044,0.15625602792670848,,0.19153160659891794,1
10045,-1.999908928213385,,0.18522761226006443,1
10046,0.17892361792121095,0.17892361792121095,0.17892361792121095,0
10047,-1.0176656030088986,-1.0176656030088986,-1.0176656030088986,0
10048,0.8156564433787272,0.8156564433787272,0.8156564433787272,0
10049,-0.25613189288752636,-0.25613189288752636,-0.25613189288752636,0
10050,-1.1339509938575372,-1.1339509938575372,-1.1339509938575372,0
10051,-0.2857630672345215,-0.2857630672345215,-0.2857630672345215,0
10052,-0.23643438298880698,-0.23643438298880698,-0.23643438298880698,0
10053,0.29370265040827315,0.29370265040827315,0.29370265040827315,0
10054,-0.14252060031333574,,0.2401381341841496,1
10055,-0.14033198046458686,,0.18657361796002603,1
10056,-0.03093940343751312,,0.1330091017359025,1
10057,-0.6147259550609337,,0.07944458551177894,1
10058,-0.5918703223699108,,0.025880069287655405,1
10059,-0.5984006808778057,,-0.027684446936468154,1
10060,-1.3773932624767085,,-0.08124896316059171,1
10061,-0.6331704175723774,,-0.13481347938471527,1
10062,1.3463387939275726,,-0.18837799560883883,1
10063,0.42027495350559657,,-0.24194251183296234,1
10064,-0.29550702805708595,-0.29550702805708595,-0.29550702805708595,0
10065,0.18032201856228003,0.18032201856228003,0.18032201856228003,0
10066,-0.654448176942595,,0.2127280210922174,1
10067,-0.6771425656650626,,0.24513402362215478,1
10068,0.7485550330206086,,0.27754002615209217,1
10069,0.37252707953520947,,0.30994602868202953,1
10070,0.8074642161324107,,0.3423520312119669,1
10071,1.0849471825243306,,0.3747580337419043,1
10072,1.2127843188621192,,0.40716403627184167,1
10073,-0.20162005534803773,,0.43957003880177903,1
10074,0.03919074122684632,,0.4719760413317164,1
10075,-0.09230107837261313,,0.5043820438616538,1
10076,0.5367880463915912,0.5367880463915912,0.5367880463915912,0
10077,-0.8040384442831855,-0.8040384442831855,-0.8040384442831855,0
10078,-1.0292737425350287,-1.0292737425350287,-1.0292737425350287,0
10079,-0.05898991424932853,-0.05898991424932853,-0.05898991424932853,0
10080,1.1374012569077137,1.1374012569077137,1.1374012569077137,0
10081,0.08061225462961252,0.08061225462961252,0.08061225462961252,0
10082,-1.278829506501454,-1.278829506501454,-1.278829506501454,0
10083,0.2574174519691565,0.2574174519691565,0.2574174519691565,0
10084,-0.031435666116099124,-0.031435666116099124,-0.031435666116099124,0
10085,-0.21396634648393953,-0.21396634648393953,-0.21396634648393953,0
10086,-0.11697988990135466,-0.11697988990135466,-0.11697988990135466,0
10087,-0.7530087251486591,-0.7530087251486591,-0.7530087251486591,0
10088,1.8835048783958266,1.8835048783958266,1.8835048783958266,0
10089,1.2130087115973542,1.2130087115973542,1.2130087115973542,0
10090,1.3457065301145323,1.3457065301145323,1.3457065301145323,0
10091,-0.6501318910294764,,1.2029129428034384,1
10092,-0.7247307014421658,,1.0601193554923445,1
10093,-1.0840245544548563,,0.9173257681812507,1
10094,0.49630181999517087,,0.7745321808701567,1
10095,-0.7557845602406277,,0.6317385935590628,1
10096,-0.7910553950721211,,0.488945006247969,1
10097,-0.049795727502574286,,0.34615141893687507,1
10098,1.4841578622162648,,0.20335783162578114,1
10099,-1.5693940465339957,,0.06056424431468721,1
10100,-1.082847639837299,,-0.08222934299640672,1
10101,-0.22502293030750037,-0.22502293030750037,-0.22502293030750037,0
10102,-0.6888147896382569,-0.6888147896382569,-0.6888147896382569,0
10103,1.5489557472411581,1.5489557472411581,1.5489557472411581,0
10104,0.9238492428987464,0.9238492428987464,0.9238492428987464,0
10105,1.9093013194008577,1.9093013194008577,1.9093013194008577,0
10106,1.0538465645007526,1.0538465645007526,1.0538465645007526,0
10107,-0.6854558348019449,-0.6854558348019449,-0.6854558348019449,0
10108,0.003540927064129745,0.003540927064129745,0.003540927064129745,0
10109,0.5339121398262549,0.5339121398262549,0.5339121398262549,0
10110,-0.5094391595348139,-0.5094391595348139,-0.5094391595348139,0
10111,0.16084472342144424,0.16084472342144424,0.16084472342144424,0
10112,-0.2820176516452205,-0.2820176516452205,-0.2820176516452205,0
10113,0.41421319676483176,,-0.19134522304908458,1
10114,0.3306499872142197,,-0.10067279445294866,1
10115,1.1201192912868188,,-0.010000365856812743,1
10116,0.2768023544545522,,0.0806720627393232,1
10117,-1.3178512335201955,,0.17134449133545915,1
10118,1.3808846178911913,,0.26201691993159504,1
10119,-0.2643020696207727,,0.35268934852773104,1
10120,-1.123731589044995,,0.44336177712386693,1
10121,-0.8410587863506694,,0.5340342057200028,1
10122,2.537097013498993,,0.6247066343161388,1
10123,0.7153790629122747,0.7153790629122747,0.7153790629122747,0
10124,-0.764737426765806,-0.764737426765806,-0.764737426765806,0
10125,-0.008051686317977699,-0.008051686317977699,-0.008051686317977699,0
10126,0.5157243351373018,0.5157243351373018,0.5157243351373018,0
10127,-1.5060174883988386,-1.5060174883988386,-1.5060174883988386,0
10128,1.0281064573144751,1.0281064573144751,1.0281064573144751,0
10129,0.5479753455094906,0.5479753455094906,0.5479753455094906,0
10130,1.1925343496005623,1.1925343496005623,1.1925343496005623,0
10131,-0.15314779531418363,-0.15314779531418363,-0.15314779531418363,0
10132,0.3231057654137998,0.3231057654137998,0.3231057654137998,0
10133,-0.8134571313745013,-0.8134571313745013,-0.8134571313745013,0
10134,-0.33028357035251216,-0.33028357035251216,-0.33028357035251216,0
10135,0.3150578542746844,0.3150578542746844,0.3150578542746844,0
10136,0.16132752538666525,0.16132752538666525,0.16132752538666525,0
10137,0.28622336827381223,0.28622336827381223,0.28622336827381223,0
10138,2.1480979368502595,2.1480979368502595,2.1480979368502595,0
10139,-0.049242623018228654,-0.049242623018228654,-0.049242623018228654,0
10140,-0.35815277951571206,-0.35815277951571206,-0.35815277951571206,0
10141,0.21490512586012975,0.21490512586012975,0.21490512586012975,0
10142,-0.35717555843207466,-0.35717555843207466,-0.35717555843207466,0
10143,1.310546563293365,1.310546563293365,1.310546563293365,0
10144,0.7683423585079582,,1.1474631514285543,1
10145,0.6046651495381214,,0.9843797395637437,1
10146,-0.6727546017874388,,0.821296327698933,1
10147,0.3259498642870982,,0.6582129158341223,1
10148,1.496581223440961,,0.49512950396931166,1
10149,-0.4399491204083661,,0.332046092104501,1
10150,-1.0836857966258016,,0.1689626802396902,1
10151,1.3381845684816311,,0.00587926837487962,1
10152,-0.37273728249399773,,-0.15720414348993095,1
10153,0.8934422949858906,,-0.32028755535474174,1
10154,-0.4833709672195526,-0.4833709672195526,-0.4833709672195526,0
10155,-1.1318636834256595,-1.1318636834256595,-1.1318636834256595,0
10156,0.004240246275536201,0.004240246275536201,0.004240246275536201,0
10157,1.6612226252300324,1.6612226252300324,1.6612226252300324,0
10158,-0.6892535881051325,-0.6892535881051325,-0.6892535881051325,0
10159,0.15894859223480945,0.15894859223480945,0.15894859223480945,0
10160,-0.43287017353960794,-0.43287017353960794,-0.43287017353960794,0
10161,0.7286736932727582,0.7286736932727582,0.7286736932727582,0
10162,-0.7708721346956869,-0.7708721346956869,-0.7708721346956869,0
10163,0.24535042975286278,0.24535042975286278,0.24535042975286278,0
10164,-0.5260863045528743,-0.5260863045528743,-0.5260863045528743,0
10165,-1.3814181515775128,-1.3814181515775128,-1.3814181515775128,0
10166,-1.0670259110225164,-1.0670259110225164,-1.0670259110225164,0
10167,-0.319426213781045,-0.319426213781045,-0.319426213781045,0
10168,-0.38289568510395333,-0.38289568510395333,-0.38289568510395333,0
10169,-1.608225531792333,-1.608225531792333,-1.608225531792333,0
10170,1.2345233187465783,1.2345233187465783,1.2345233187465783,0
10171,0.7052322855022146,0.7052322855022146,0.7052322855022146,0
10172,-0.37645706728475287,-0.37645706728475287,-0.37645706728475287,0
10173,1.417790359930778,1.417790359930778,1.417790359930778,0
10174,0.4853388725720259,0.4853388725720259,0.4853388725720259,0
10175,0.7910564527922601,0.7910564527922601,0.7910564527922601,0
10176,0.4304230131500682,0.4304230131500682,0.4304230131500682,0
10177,0.16428391798518124,,0.5429395320288581,1
10178,0.1908740002162959,,0.6554560509076481,1
10179,-0.4255250149915111,,0.7679725697864381,1
10180,-0.21167913155913748,,0.880489088665228,1
10181,-0.08541449783143526,,0.9930056075440179,1
10182,0.6204797459770747,,1.105522126422808,1
10183,1.3377383833021463,,1.2180386453015979,1
10184,0.6497795115606475,,1.3305551641803879,1
10185,0.2571373107805247,,1.4430716830591777,1
10186,-0.016490470053295878,,1.5555882019379677,1
10187,1.6681047208167576,1.6681047208167576,1.6681047208167576,0
10188,-0.0894964412314082,-0.0894964412314082,-0.0894964412314082,0
10189,1.7029822830320196,1.7029822830320196,1.7029822830320196,0
10190,-0.7449592918279092,-0.7449592918279092,-0.7449592918279092,0
10191,0.10872351480329957,0.10872351480329957,0.10872351480329957,0
10192,-0.5247383792646844,-0.5247383792646844,-0.5247383792646844,0
10193,-2.2470621920628613,-2.2470621920628613,-2.2470621920628613,0
10194,-1.0517199535795638,-1.0517199535795638,-1.0517199535795638,0
10195,1.0663249498000542,1.0663249498000542,1.0663249498000542,0
10196,-0.8626848724906592,-0.8626848724906592,-0.8626848724906592,0
10197,0.07382790904180998,0.07382790904180998,0.07382790904180998,0
10198,-1.8072768326358157,-1.8072768326358157,-1.8072768326358157,0
10199,-1.5312202473897303,-1.5312202473897303,-1.5312202473897303,0
10200,-0.9633261004518037,,-1.3923340359651348,1
10201,-1.2289517354521025,,-1.2534478245405392,1
10202,-0.12765542241012903,,-1.1145616131159435,1
10203,-0.021520001174919923,,-0.975675401691348,1
10204,0.8311732499669715,,-0.8367891902667525,1
10205,-0.3630226262452604,,-0.6979029788421569,1
10206,-0.1146285000716182,,-0.5590167674175613,1
10207,-0.8010359795236351,,-0.4201305559929658,1
10208,-0.46323643093426975,,-0.28124434456837033,1
10209,0.013475842386117624,,-0.14235813314377466,1
10210,-0.0034719217191792264,-0.0034719217191792264,-0.0034719217191792264,0
10211,2.245814653309781,2.245814653309781,2.245814653309781,0
10212,-1.8641692030341648,-1.8641692030341648,-1.8641692030341648,0
10213,0.592485400822587,0.592485400822587,0.592485400822587,0
10214,3.235477656153774,3.235477656153774,3.235477656153774,0
10215,-0.44614827901664933,,2.9440432492538324,1
10216,-0.6747107168544157,,2.6526088423538905,1
10217,2.151268628478236,,2.3611744354539486,1
10218,0.2124116535575707,,2.069740028554007,1
10219,0.9184550362274401,,1.7783056216540654,1
10220,0.32179574529666544,,1.4868712147541236,1
10221,-0.699147854695632,,1.1954368078541822,1
10222,-0.16532352105245698,,0.9040024009542402,1
10223,-0.4043033412256864,,0.6125679940542983,1
10224,0.05393084303925138,,0.3211335871543568,1
10225,0.029699180254415133,0.029699180254415133,0.029699180254415133,0
10226,-0.04638697768731317,-0.04638697768731317,-0.04638697768731317,0
10227,-0.3472258473114636,-0.3472258473114636,-0.3472258473114636,0
10228,-0.5554401252527744,-0.5554401252527744,-0.5554401252527744,0
10229,-0.8396227260972428,-0.8396227260972428,-0.8396227260972428,0
10230,0.70148845165507,,-0.7408453866917248,1
10231,0.34476952420403967,,-0.6420680472862069,1
10232,-1.9123849716251762,,-0.543290707880689,1
10233,0.1766991342166508,,-0.44451336847517103,1
10234,1.8017760888626937,,-0.3457360290696531,1
10235,0.2751738369790956,,-0.24695868966413514,1
10236,1.348982891912807,,-0.14818135025861723,1
10237,-0.3692169696945652,,-0.04940401085309931,1
10238,-0.4921123263499134,,0.049373328552418605,1
10239,-0.4072628819497557,,0.14815066795793652,1
10240,0.24692800736345447,0.24692800736345447,0.24692800736345447,0
10241,-0.8412485721775721,-0.8412485721775721,-0.8412485721775721,0
10242,0.09401995745502302,0.09401995745502302,0.09401995745502302,0
10243,-0.8835945796840015,-0.8835945796840015,-0.8835945796840015,0
10244,0.852190702960552,0.852190702960552,0.852190702960552,0
10245,0.48222954578748045,0.48222954578748045,0.48222954578748045,0
10246,-0.582542997022332,-0.582542997022332,-0.582542997022332,0
10247,0.509106964683894,0.509106964683894,0.509106964683894,0
10248,1.439436478981817,1.439436478981817,1.439436478981817,0
10249,1.0966912444456873,1.0966912444456873,1.0966912444456873,0
10250,1.616890276291798,1.616890276291798,1.616890276291798,0
10251,-0.4684029634533301,-0.4684029634533301,-0.4684029634533301,0
10252,1.4740590392443096,1.4740590392443096,1.4740590392443096,0
10253,1.6880928267881494,1.6880928267881494,1.6880928267881494,0
10254,-0.24392735747048352,-0.24392735747048352,-0.24392735747048352,0
10255,0.24325718765053964,0.24325718765053964,0.24325718765053964,0
10256,-0.39725316060282806,,0.24056982994608264,1
10257,-0.2596734523667575,,0.23788247224162562,1
10258,1.8763378236352541,,0.23519511453716863,1
10259,1.934979157761487,,0.23250775683271163,1
10260,-1.093503289030318,,0.22982039912825464,1
10261,-1.4281795475766577,,0.22713304142379762,1
10262,0.1026121150981392,,0.22444568371934062,1
10263,-1.5437843879414792,,0.22175832601488363,1
10264,1.3169007024680877,,0.21907096831042663,1
10265,1.1696266959220616,,0.2163836106059696,1
10266,0.21369625290151262,0.21369625290151262,0.21369625290151262,0
10267,-0.5456808936465188,-0.5456808936465188,-0.5456808936465188,0
10268,0.04317774530302363,0.04317774530302363,0.04317774530302363,0
10269,0.3316287050786054,0.3316287050786054,0.3316287050786054,0
10270,-0.10726486836151432,-0.10726486836151432,-0.10726486836151432,0
10271,0.334629053393995,,-0.03031941607300208,1
10272,0.22993464397311855,,0.04662603621551016,1
10273,0.8490974308690248,,0.1235714885040224,1
10274,-1.5669535929989404,,0.20051694079253463,1
10275,0.507949964709214,,0.27746239308104687,1
10276,-0.13770020585218876,,0.3544078453695591,1
10277,-0.7750731687547457,,0.43135329765807134,1
10278,1.8133538981121493,,0.5082987499465836,1
10279,-2.3773794302689026,,0.5852442022350959,1
10280,1.9946572626716093,,0.6621896545236081,1
10281,0.7391351068121204,0.7391351068121204,0.7391351068121204,0
10282,-2.4593502500377076,-2.4593502500377076,-2.4593502500377076,0
10283,1.4981951431081384,1.4981951431081384,1.4981951431081384,0
10284,-0.3736752143420129,-0.3736752143420129,-0.3736752143420129,0
10285,-1.9111113714868402,-1.9111113714868402,-1.9111113714868402,0
10286,0.6365286855645463,0.6365286855645463,0.6365286855645463,0
10287,1.677411005941393,1.677411005941393,1.677411005941393,0
10288,-0.6356307500680677,-0.6356307500680677,-0.6356307500680677,0
10289,0.47440905352144275,0.47440905352144275,0.47440905352144275,0
10290,0.004772951684038956,0.004772951684038956,0.004772951684038956,0
10291,0.7084309691398972,0.7084309691398972,0.7084309691398972,0
10292,0.28327115006089393,0.28327115006089393,0.28327115006089393,0
10293,0.7603425459950581,0.7603425459950581,0.7603425459950581,0
10294,0.9945774609862371,0.9945774609862371,0.9945774609862371,0
10295,-0.8215347032270227,-0.8215347032270227,-0.8215347032270227,0
10296,1.1814592643784154,1.1814592643784154,1.1814592643784154,0
10297,-1.550087499793753,-1.550087499793753,-1.550087499793753,0
10298,-2.5456427506999115,-2.5456427506999115,-2.5456427506999115,0
10299,0.9608180351599459,0.9608180351599459,0.9608180351599459,0
10300,-0.3469644414631858,-0.3469644414631858,-0.3469644414631858,0
10301,0.9908672728087016,0.9908672728087016,0.9908672728087016,0
10302,-0.9557909823415707,-0.9557909823415707,-0.9557909823415707,0
10303,-0.18593274801266155,-0.18593274801266155,-0.18593274801266155,0
10304,-0.10460724873288543,-0.10460724873288543,-0.10460724873288543,0
10305,1.0257830137717427,1.0257830137717427,1.0257830137717427,0
10306,0.27058959797102455,0.27058959797102455,0.27058959797102455,0
10307,1.4000501756303487,1.4000501756303487,1.4000501756303487,0
10308,0.5567950504993986,0.5567950504993986,0.5567950504993986,0
10309,0.41280151426998773,,0.5494165732391126,1
10310,0.13734165745356847,,0.5420380959788267,1
10311,-0.21360108579149392,,0.5346596187185407,1
10312,-0.8047923984717749,,0.5272811414582548,1
10313,1.4190314349089124,,0.5199026641979688,1
10314,-0.1807590974111398,,0.5125241869376829,1
10315,0.5689270992116418,,0.5051457096773969,1
10316,0.38500103536743185,,0.497767232417111,1
10317,0.7919387289240518,,0.49038875515682506,1
10318,-0.15769843693088742,,0.4830102778965391,1
10319,0.47563180063625315,0.47563180063625315,0.47563180063625315,0
10320,0.06513489115934464,0.06513489115934464,0.06513489115934464,0
10321,-0.9507098941070868,-0.9507098941070868,-0.9507098941070868,0
10322,0.06775832209690502,0.06775832209690502,0.06775832209690502,0
10323,-1.130974761154177,-1.130974761154177,-1.130974761154177,0
10324,-0.5555114930911413,-0.5555114930911413,-0.5555114930911413,0
10325,-0.34296622080592837,-0.34296622080592837,-0.34296622080592837,0
10326,1.3867802161513143,1.3867802161513143,1.3867802161513143,0
10327,-0.938858281391134,-0.938858281391134,-0.938858281391134,0
10328,1.064375705683446,1.064375705683446,1.064375705683446,0
10329,0.7940170723574356,0.7940170723574356,0.7940170723574356,0
10330,-1.5161108099098644,-1.5161108099098644,-1.5161108099098644,0
10331,-0.5515684201682188,-0.5515684201682188,-0.5515684201682188,0
10332,0.6876153869195019,0.6876153869195019,0.6876153869195019,0
10333,-0.4316533707874372,-0.4316533707874372,-0.4316533707874372,0
10334,1.4841981131083406,1.4841981131083406,1.4841981131083406,0
10335,0.46426480849081797,0.46426480849081797,0.46426480849081797,0
10336,-0.7478066039398563,-0.7478066039398563,-0.7478066039398563,0
10337,0.13474637650212445,0.13474637650212445,0.13474637650212445,0
10338,1.8629010483505304,1.8629010483505304,1.8629010483505304,0
10339,-1.002684997729391,-1.002684997729391,-1.002684997729391,0
10340,-0.9883755687457609,-0.9883755687457609,-0.9883755687457609,0
10341,1.6941838937351992,1.6941838937351992,1.6941838937351992,0
10342,-1.0717879970592241,-1.0717879970592241,-1.0717879970592241,0
10343,-0.8689363382514708,,-0.9379374029310533,1
10344,-0.7275435320314867,,-0.8040868088028825,1
10345,-0.3714710387021569,,-0.6702362146747116,1
10346,-0.030106316749512436,,-0.5363856205465408,1
10347,-0.7177414578630525,,-0.40253502641837,1
10348,-0.8533653011289933,,-0.2686844322901991,1
10349,-0.19984708776285387,,-0.13483383816202832,1
10350,0.633244361479153,,-0.0009832440338575221,1
10351,1.2652203051997273,,0.13286735009431339,1
10352,0.6719250652632397,,0.26671794422248407,1
10353,0.4005685383506549,0.4005685383506549,0.4005685383506549,0
10354,2.74539697638692,2.74539697638692,2.74539697638692,0
10355,-1.7357810493714936,-1.7357810493714936,-1.7357810493714936,0
10356,-0.030895765315715622,-0.030895765315715622,-0.030895765315715622,0
10357,1.262329082262551,1.262329082262551,1.262329082262551,0
10358,0.8357194427718229,,1.099481810225292,1
10359,0.6960444904603504,,0.9366345381880328,1
10360,1.2725597658857888,,0.7737872661507738,1
10361,-0.3557509088515484,,0.6109399941135146,1
10362,0.12949712309179942,,0.4480927220762555,1
10363,-0.36179776685833487,,0.2852454500389965,1
10364,0.5569210144775572,,0.12239817800173736,1
10365,-1.0681615639054316,,-0.04044909403552177,1
10366,-2.154123426445219,,-0.2032963660727809,1
10367,-1.627914283635303,,-0.36614363811004,1
10368,-0.5289909101472989,-0.5289909101472989,-0.5289909101472989,0
10369,0.7405501979930375,0.7405501979930375,0.7405501979930375,0
10370,0.34727492579727526,0.34727492579727526,0.34727492579727526,0
10371,-0.42362325830763475,-0.42362325830763475,-0.42362325830763475,0
10372,2.716624919524738,2.716624919524738,2.716624919524738,0
10373,1.3013105468229473,1.3013105468229473,1.3013105468229473,0
10374,-0.628560983633892,-0.628560983633892,-0.628560983633892,0
10375,0.522178014436817,0.522178014436817,0.522178014436817,0
10376,-1.7509743790026697,-1.7509743790026697,-1.7509743790026697,0
10377,0.4588516383855009,0.4588516383855009,0.4588516383855009,0
10378,-1.1636379831895143,,0.3672249602196714,1
10379,-1.5180797211053214,,0.27559828205384185,1
10380,0.47825954924667496,,0.18397160388801237,1
10381,-1.7169374854010175,,0.09234492572218284,1
10382,1.389580132889921,,0.000718247556353302,1
10383,-0.8610103604797105,,-0.09090843060947618,1
10384,0.24819265549338482,,-0.18253510877530577,1
10385,-0.19030743155906626,,-0.27416178694113524,1
10386,0.5794292426646732,,-0.3657884651069647,1
10387,-1.365716463235487,,-0.4574151432727943,1
10388,-0.5490418214386238,-0.5490418214386238,-0.5490418214386238,0
10389,0.57494174087151,0.57494174087151,0.57494174087151,0
10390,1.1077060274080388,,0.5109803078775188,1
10391,1.0945446000863197,,0.44701887488352765,1
10392,1.2345352387569895,,0.38305744188953644,1
10393,-0.5392307565861832,,0.3190960088955453,1
10394,0.23538823741993922,,0.25513457590155414,1
10395,1.0095160823872764,,0.19117314290756293,1
10396,-0.7951898288251282,,0.12721170991357178,1
10397,0.707942963845427,,0.06325027691958063,1
10398,0.28502672982842003,,-0.0007111560744105239,1
10399,-0.42638682772696884,,-0.06467258906840168,1
10400,-0.1286340220623928,-0.1286340220623928,-0.1286340220623928,0
10401,-0.25155585532715535,-0.25155585532715535,-0.25155585532715535,0
10402,-1.6065519138055195,-1.6065519138055195,-1.6065519138055195,0
10403,0.06562898441124033,0.06562898441124033,0.06562898441124033,0
10404,0.7623164722986875,0.7623164722986875,0.7623164722986875,0
10405,-0.3415984529172379,-0.3415984529172379,-0.3415984529172379,0
10406,0.18291234508535986,0.18291234508535986,0.18291234508535986,0
10407,0.46590235987321277,0.46590235987321277,0.46590235987321277,0
10408,-1.0380285123504733,,0.4101605567535301,1
10409,-1.2244258942583628,,0.3544187536338474,1
10410,-1.0866303250909881,,0.29867695051416476,1
10411,-0.5943847166295918,,0.24293514739448205,1
10412,-0.24904734301304426,,0.1871933442747994,1
10413,1.675742332739691,,0.1314515411551167,1
10414,1.7293460514089527,,0.07570973803543402,1
10415,-0.056511071202118984,,0.01996793491575133,1
10416,-1.1589400999475479,,-0.0357738682039313,1
10417,0.5139870886925895,,-0.09151567132361399,1
10418,-0.14725747444329668,-0.14725747444329668,-0.14725747444329668,0
10419,-2.465942908625837,-2.465942908625837,-2.465942908625837,0
10420,0.17866407211087787,0.17866407211087787,0.17866407211087787,0
10421,-0.8247778273586498,-0.8247778273586498,-0.8247778273586498,0
10422,0.011756098676541564,0.011756098676541564,0.011756098676541564,0
10423,0.27746608774802617,0.27746608774802617,0.27746608774802617,0
10424,-0.9663393424747053,-0.9663393424747053,-0.9663393424747053,0
10425,-0.01675934314932941,-0.01675934314932941,-0.01675934314932941,0
10426,-0.28638520384694227,-0.28638520384694227,-0.28638520384694227,0
10427,-0.6475671774927289,-0.6475671774927289,-0.6475671774927289,0
10428,-0.18376785668790077,,-0.5610947757169595,1
10429,-0.06428674160261506,,-0.4746223739411901,1
10430,-0.03890916676623201,,-0.38814997216542074,1
10431,-0.28777117679563546,,-0.3016775703896514,1
10432,-0.3032932923098261,,-0.215205168613882,1
10433,1.0987797456923838,,-0.12873276683811263,1
10434,-1.1870603827133788,,-0.04226036506234332,1
10435,0.5905271153298453,,0.044212036713426106,1
10436,0.8082130044547642,,0.13068443848919553,1
10437,-0.2576849262260277,,0.21715684026496485,1
10438,0.3036292420407341,0.3036292420407341,0.3036292420407341,0
10439,-1.043421586121957,-1.043421586121957,-1.043421586121957,0
10440,1.2302761864232066,1.2302761864232066,1.2302761864232066,0
10441,0.7901809974485924,0.7901809974485924,0.7901809974485924,0
10442,-0.3856734224499703,-0.3856734224499703,-0.3856734224499703,0
10443,-0.011055135174719313,-0.011055135174719313,-0.011055135174719313,0
10444,-1.3126491630157384,-1.3126491630157384,-1.3126491630157384,0
10445,2.351287290470304,2.351287290470304,2.351287290470304,0
10446,1.5266896249437973,1.5266896249437973,1.5266896249437973,0
10447,0.7050229368529038,0.7050229368529038,0.7050229368529038,0
10448,0.24981561077511036,0.24981561077511036,0.24981561077511036,0
10449,-0.38670931959352217,-0.38670931959352217,-0.38670931959352217,0
10450,0.5218193571066956,0.5218193571066956,0.5218193571066956,0
10451,-1.8641830092679037,-1.8641830092679037,-1.8641830092679037,0
10452,-2.9094835528947085,-2.9094835528947085,-2.9094835528947085,0
10453,-0.09610386883908896,-0.09610386883908896,-0.09610386883908896,0
10454,0.45409123487645214,0.45409123487645214,0.45409123487645214,0
10455,0.19954106056757565,0.19954106056757565,0.19954106056757565,0
10456,-0.22210935276758334,-0.22210935276758334,-0.22210935276758334,0
10457,0.18236031941661476,0.18236031941661476,0.18236031941661476,0
10458,0.15742137874309375,0.15742137874309375,0.15742137874309375,0
10459,-2.6754926366318164,-2.6754926366318164,-2.6754926366318164,0
10460,0.09873591870689467,0.09873591870689467,0.09873591870689467,0
10461,-0.7379518358786642,-0.7379518358786642,-0.7379518358786642,0
10462,0.5740543884549939,,-0.7116762516560816,1
10463,0.8595940105559745,,-0.685400667433499,1
10464,-1.5221848068388595,,-0.6591250832109166,1
10465,-1.4943491613693407,,-0.632849498988334,1
10466,-1.9441012930000752,,-0.6065739147657514,1
10467,2.00838528586571,,-0.5802983305431688,1
10468,-1.1790104602915168,,-0.5540227463205862,1
10469,1.3952252985770346,,-0.5277471620980037,1
10470,0.9174520757856667,,-0.5014715778754212,1
10471,1.0852553802675935,,-0.4751959936528386,1
10472,-0.448920409430256,-0.448920409430256,-0.448920409430256,0
10473,0.7710844312815066,0.7710844312815066,0.7710844312815066,0
10474,-1.162755038286834,-1.162755038286834,-1.162755038286834,0
10475,2.119436240658355,2.119436240658355,2.119436240658355,0
10476,-0.5700704834904825,-0.5700704834904825,-0.5700704834904825,0
10477,0.628649403822328,0.628649403822328,0.628649403822328,0
10478,-1.8199189646370724,-1.8199189646370724,-1.8199189646370724,0
10479,-0.8311208422062306,-0.8311208422062306,-0.8311208422062306,0
10480,0.15348396144311455,,-0.8722587981119243,1
10481,0.024277842882734588,,-0.913396754017618,1
10482,0.6420918482699859,,-0.9545347099233117,1
10483,-1.1505535087426964,,-0.9956726658290053,1
10484,1.238375198524002,,-1.0368106217346988,1
10485,0.9982465417947958,,-1.0779485776403925,1
10486,-1.2776178635239235,,-1.1190865335460862,1
10487,-0.7257376770117656,,-1.16022448945178,1
10488,0.05277544740142024,,-1.2013624453574736,1
10489,-0.8283119721331725,,-1.2425004012631673,1
10490,-1.283638357168861,-1.283638357168861,-1.283638357168861,0
10491,1.5903484242565056,1.5903484242565056,1.5903484242565056,0
10492,-0.6526881129748706,-0.6526881129748706,-0.6526881129748706,0
10493,0.38287762342377846,0.38287762342377846,0.38287762342377846,0
10494,0.8750666558510306,0.8750666558510306,0.8750666558510306,0
10495,-0.5098745830132405,-0.5098745830132405,-0.5098745830132405,0
10496,0.3801450385054187,0.3801450385054187,0.3801450385054187,0
10497,1.5103740818555564,1.5103740818555564,1.5103740818555564,0
10498,-1.9237599985080667,-1.9237599985080667,-1.9237599985080667,0
10499,0.2782032673601388,0.2782032673601388,0.2782032673601388,0
10500,-1.6291249909558365,-1.6291249909558365,-1.6291249909558365,0
10501,0.7256015980843588,0.7256015980843588,0.7256015980843588,0
10502,0.5227426633256841,0.5227426633256841,0.5227426633256841,0
10503,-2.309392420199039,-2.309392420199039,-2.309392420199039,0
10504,-0.5846368651194848,-0.5846368651194848,-0.5846368651194848,0
10505,0.6303226152365494,0.6303226152365494,0.6303226152365494,0
10506,0.16374471008951202,0.16374471008951202,0.16374471008951202,0
10507,-0.4056794399840982,-0.4056794399840982,-0.4056794399840982,0
10508,0.3835211020163678,0.3835211020163678,0.3835211020163678,0
10509,2.2328291414589194,2.2328291414589194,2.2328291414589194,0
10510,0.12114152269120868,0.12114152269120868,0.12114152269120868,0
10511,-0.8922849963713863,-0.8922849963713863,-0.8922849963713863,0
10512,-2.882261659133209,-2.882261659133209,-2.882261659133209,0
10513,-1.365816121282161,-1.365816121282161,-1.365816121282161,0
10514,-1.0456137124277345,,-1.2412975908655672,1
10515,-0.7096024552137442,,-1.1167790604489736,1
10516,-0.7973905103625138,,-0.9922605300323797,1
10517,2.389665329376633,,-0.867741999615786,1
10518,0.920267138414179,,-0.7432234691991924,1
10519,1.3592782006766537,,-0.6187049387825986,1
10520,-0.1593022510350801,,-0.4941864083660048,1
10521,-1.7117837085440113,,-0.36966787794941114,1
10522,-0.505377691266658,,-0.24514934753281747,1
10523,-1.5295619073739366,,-0.12063081711622381,1
10524,0.003887713300369985,0.003887713300369985,0.003887713300369985,0
10525,2.4922256654985433,2.4922256654985433,2.4922256654985433,0
10526,-0.7469268147998165,-0.7469268147998165,-0.7469268147998165,0
10527,0.6281545834190986,0.6281545834190986,0.6281545834190986,0
10528,-0.20033665952082988,-0.20033665952082988,-0.20033665952082988,0
10529,1.276940923884464,1.276940923884464,1.276940923884464,0
10530,-1.4453726661774888,-1.4453726661774888,-1.4453726661774888,0
10531,1.469568091046297,1.469568091046297,1.469568091046297,0
10532,-0.7415851469333512,-0.7415851469333512,-0.7415851469333512,0
10533,-1.395196486201875,-1.395196486201875,-1.395196486201875,0
10534,-0.4908931096853709,-0.4908931096853709,-0.4908931096853709,0
10535,-1.0855121596304282,-1.0855121596304282,-1.0855121596304282,0
10536,1.01137678948669,1.01137678948669,1.01137678948669,0
10537,-0.4859762479584457,-0.4859762479584457,-0.4859762479584457,0
10538,-0.8597080688488362,-0.8597080688488362,-0.8597080688488362,0
10539,1.2334694387483383,1.2334694387483383,1.2334694387483383,0
10540,1.1456707105536603,1.1456707105536603,1.1456707105536603,0
10541,1.4197704887966494,1.4197704887966494,1.4197704887966494,0
10542,1.1137710360702222,1.1137710360702222,1.1137710360702222,0
10543,-0.7445904229258227,,1.0518788943528068,1
10544,-0.8917297963447356,,0.9899867526353916,1
10545,-0.7220747257108149,,0.9280946109179763,1
10546,2.4239541799503486,,0.866202469200561,1
10547,0.7295993216521128,,0.8043103274831456,1
10548,-0.43786454646503,,0.7424181857657304,1
10549,0.11010562658592958,,0.680526044048315,1
10550,-1.8117136538705094,,0.6186339023308998,1
10551,0.4401178054015996,,0.5567417606134843,1
10552,0.6367584909280097,,0.49484961889606904,1
10553,0.4329574771786538,0.4329574771786538,0.4329574771786538,0
10554,-0.42123569354219625,-0.42123569354219625,-0.42123569354219625,0
10555,-0.83506057173695,-0.83506057173695,-0.83506057173695,0
10556,0.10193346549238923,0.10193346549238923,0.10193346549238923,0
10557,0.427221078422417,0.427221078422417,0.427221078422417,0
10558,-0.5966874673302306,-0.5966874673302306,-0.5966874673302306,0
10559,0.4849780527405593,0.4849780527405593,0.4849780527405593,0
10560,-0.46531456807074156,-0.46531456807074156,-0.46531456807074156,0
10561,-1.0849124937540362,-1.0849124937540362,-1.0849124937540362,0
10562,-0.6207356991705483,-0.6207356991705483,-0.6207356991705483,0
10563,0.0005327973316167533,0.0005327973316167533,0.0005327973316167533,0
10564,-0.9625609159955831,-0.9625609159955831,-0.9625609159955831,0
10565,-1.2330344506555484,-1.2330344506555484,-1.2330344506555484,0
10566,0.052622144890504194,,-1.0958912166494241,1
10567,-0.17267663009418058,,-0.9587479826433001,1
10568,0.5199396062095875,,-0.8216047486371759,1
10569,-0.23995805057616734,,-0.6844615146310518,1
10570,-0.44006055969057833,,-0.5473182806249276,1
10571,-0.7057241687508917,,-0.41017504661880344,1
10572,0.9371098712832356,,-0.2730318126126793,1
10573,-0.00129184335859398,,-0.13588857860655512,1
10574,-0.6934243428729995,,0.001254655399569149,1
10575,2.8463034968448264,,0.1383978894056932,1
10576,0.27554112341181713,0.27554112341181713,0.27554112341181713,0
10577,-1.5876052368814895,-1.5876052368814895,-1.5876052368814895,0
10578,-1.188339402067993,-1.188339402067993,-1.188339402067993,0
10579,0.39258591446648305,0.39258591446648305,0.39258591446648305,0
10580,-0.26344849164500084,-0.26344849164500084,-0.26344849164500084,0
10581,-1.4606077906075614,-1.4606077906075614,-1.4606077906075614,0
10582,-1.5387743258735804,-1.5387743258735804,-1.5387743258735804,0
10583,-0.5552352410716532,-0.5552352410716532,-0.5552352410716532,0
10584,-0.06881205127382123,-0.06881205127382123,-0.06881205127382123,0
10585,0.009990105801571355,0.009990105801571355,0.009990105801571355,0
10586,1.0149800942989433,1.0149800942989433,1.0149800942989433,0
10587,0.12284616446071364,0.12284616446071364,0.12284616446071364,0
10588,-0.6251147637393715,-0.6251147637393715,-0.6251147637393715,0
10589,-0.4068373699994999,,-0.5264164524104571,1
10590,-0.7303520607935229,,-0.4277181410815426,1
10591,-0.6795970606408054,,-0.32901982975262817,1
10592,1.2130480069608474,,-0.23032151842371373,1
10593,-0.716116914566615,,-0.1316232070947993,1
10594,-1.5897528511498424,,-0.032924895765884865,1
10595,-1.0706269914953737,,0.06577341556302962,1
10596,-0.0152705182069619,,0.164471726891944,1
10597,0.1966037642625456,,0.2631700382208584,1
10598,-0.8738314275336428,,0.36186834954977287,1
10599,0.4605666608786874,0.4605666608786874,0.4605666608786874,0
10600,-2.5855173745716815,-2.5855173745716815,-2.5855173745716815,0
10601,-0.4257088690508067,,-2.4592920638612346,1
10602,-0.6572395390389909,,-2.3330667531507876,1
10603,-0.07878396263809753,,-2.2068414424403406,1
10604,-0.10840536948905509,,-2.0806161317298937,1
10605,-0.5550511742643296,,-1.9543908210194467,1
10606,1.2300945370670613,,-1.828165510309,1
10607,0.7844541604019525,,-1.701940199598553,1
10608,0.2577501114395337,,-1.575714888888106,1
10609,-2.8167132158091257,,-1.449489578177659,1
10610,1.7859906638914014,,-1.3232642674672122,1
10611,-1.1970389567567652,-1.1970389567567652,-1.1970389567567652,0
10612,-0.24920612937597159,-0.24920612937597159,-0.24920612937597159,0
10613,-1.2170494724828482,-1.2170494724828482,-1.2170494724828482,0
10614,0.29880567032032906,0.29880567032032906,0.29880567032032906,0
10615,-0.2819559997821726,-0.2819559997821726,-0.2819559997821726,0
10616,0.7287326551175478,0.7287326551175478,0.7287326551175478,0
10617,-1.132738486496207,-1.132738486496207,-1.132738486496207,0
10618,1.3415802187047914,1.3415802187047914,1.3415802187047914,0
10619,-2.0278666362007565,-2.0278666362007565,-2.0278666362007565,0
10620,0.6035000701654071,0.6035000701654071,0.6035000701654071,0
10621,0.21227761687203192,0.21227761687203192,0.21227761687203192,0
10622,-0.366855226384356,,0.2701133458320931,1
10623,-0.25174886152440407,,0.3279490747921543,1
10624,-0.8466671937919039,,0.38578480375221547,1
10625,1.2945474362231626,,0.44362053271227664,1
10626,-1.0679747426657373,,0.5014562616723378,1
10627,2.3757025336636772,,0.559291990632399,1
10628,-1.1085724310752048,,0.6171277195924602,1
10629,0.9199618859493137,,0.6749634485525213,1
10630,0.11237333368656514,,0.7327991775125826,1
10631,-0.03978045573606604,,0.7906349064726438,1
10632,0.848470635432705,0.848470635432705,0.848470635432705,0
10633,-0.6004539278347315,,0.7606936710159283,1
10634,-0.37438786024301984,,0.6729167065991517,1
10635,-0.7686111964956076,,0.585139742182375,1
10636,-0.7732055144067065,,0.4973627777655984,1
10637,-1.0405582602309946,,0.40958581334882177,1
10638,2.6359484413066943,,0.3218088489320451,1
10639,1.3818461723003794,,0.23403188451526846,1
10640,-0.4670075233526673,,0.14625492009849184,1
10641,0.8554454844173505,,0.05847795568171521,1
10642,1.3014578069016933,,-0.029299008735061416,1
10643,-0.11707597315183813,-0.11707597315183813,-0.11707597315183813,0
10644,0.25052023459096223,0.25052023459096223,0.25052023459096223,0
10645,-0.8369956058317889,-0.8369956058317889,-0.8369956058317889,0
10646,-0.5332805324723381,-0.5332805324723381,-0.5332805324723381,0
10647,-1.8394452278396591,-1.8394452278396591,-1.8394452278396591,0
10648,0.8126774678262917,0.8126774678262917,0.8126774678262917,0
10649,-0.027665127112832703,-0.027665127112832703,-0.027665127112832703,0
10650,0.18717714726293735,0.18717714726293735,0.18717714726293735,0
10651,-0.43832765056574063,-0.43832765056574063,-0.43832765056574063,0
10652,-0.5694648736579275,-0.5694648736579275,-0.5694648736579275,0
10653,0.5298882663138686,0.5298882663138686,0.5298882663138686,0
10654,-1.709345294261865,-1.709345294261865,-1.709345294261865,0
10655,0.3491618612812633,,-1.5390786780037098,1
10656,0.6341421629734532,,-1.3688120617455546,1
10657,-1.1825548652185407,,-1.1985454454873996,1
10658,0.5220116972686982,,-1.0282788292292444,1
10659,0.19198942715914535,,-0.8580122129710892,1
10660,-0.1953780845911144,,-0.6877455967129342,1
10661,-0.5249822700092797,,-0.517478980454779,1
10662,0.3128898887539001,,-0.3472123641966238,1
10663,-1.1856405939327352,,-0.17694574793846862,1
10664,-0.05817883299949255,,-0.0066791316803134215,1
10665,0.16358748457784153,0.16358748457784153,0.16358748457784153,0
10666,0.27464453378839293,0.27464453378839293,0.27464453378839293,0
10667,0.962659724818051,0.962659724818051,0.962659724818051,0
10668,-0.24982288766250366,-0.24982288766250366,-0.24982288766250366,0
10669,0.39476889364780904,0.39476889364780904,0.39476889364780904,0
10670,-0.6476572243496278,,0.46830257623775456,1
10671,-0.6252699604514641,,0.5418362588277,1
10672,-0.11904607688807337,,0.6153699414176456,1
10673,-0.21260163798722176,,0.6889036240075911,1
10674,-0.2270066447760426,,0.7624373065975366,1
10675,-0.056950200179643744,,0.835970989187482,1
10676,0.5978188665442904,,0.9095046717774276,1
10677,-0.235013170678776,,0.9830383543673731,1
10678,1.6541434843308052,,1.0565720369573186,1
10679,0.21010914738896966,,1.1301057195472641,1
10680,1.2036394021372097,1.2036394021372097,1.2036394021372097,0
10681,1.173006927680101,,1.0280262469143335,1
10682,1.059166906696295,,0.8524130916914574,1
10683,-0.27975877602576876,,0.6767999364685813,1
10684,-0.6239406137043225,,0.5011867812457051,1
10685,-1.368939390206581,,0.325573626022829,1
10686,-0.2644454802993254,,0.1499604707999529,1
10687,0.2158045676837188,,-0.025652684422923233,1
10688,-1.2427167571814102,,-0.20126583964579936,1
10689,0.08936701580946185,,-0.3768789948686755,1
10690,0.4473469282534395,,-0.5524921500915516,1
10691,-0.7281053053144279,-0.7281053053144279,-0.7281053053144279,0
10692,0.08868205796442204,,-0.6794571206633692,1
10693,0.12776161738886635,,-0.6308089360123105,1
10694,0.40016695394669416,,-0.5821607513612517,1
10695,1.4712120250531249,,-0.533512566710193,1
10696,0.2542015280373361,,-0.4848643820591343,1
10697,0.09529557098464464,,-0.4362161974080756,1
10698,-0.8014722290131296,,-0.38756801275701686,1
10699,-1.8855833537585558,,-0.33891982810595817,1
10700,-1.072129028909529,,-0.2902716434548995,1
10701,0.6665614146606443,,-0.24162345880384073,1
10702,-0.192975274152782,-0.192975274152782,-0.192975274152782,0
10703,1.399828374289859,1.399828374289859,1.399828374289859,0
10704,-1.1904187777455575,-1.1904187777455575,-1.1904187777455575,0
10705,0.7719671653996436,0.7719671653996436,0.7719671653996436,0
10706,-0.3059364968712009,-0.3059364968712009,-0.3059364968712009,0
10707,-0.4561158624692364,-0.4561158624692364,-0.4561158624692364,0
10708,0.6501719010296504,0.6501719010296504,0.6501719010296504,0
10709,-2.290539729776393,-2.290539729776393,-2.290539729776393,0
10710,-0.6471591699787473,-0.6471591699787473,-0.6471591699787473,0
10711,0.014921713721963745,0.014921713721963745,0.014921713721963745,0
10712,-0.37449205806575425,-0.37449205806575425,-0.37449205806575425,0
10713,-1.1036896981250655,,-0.29565792448590494,1
10714,-1.1680659382554583,,-0.21682379090605566,1
10715,-0.009800658236519757,,-0.13798965732620638,1
10716,-0.3802463996362805,,-0.059155523746357075,1
10717,0.6720130403282493,,0.019678609833492233,1
10718,-1.9006677702203794,,0.09851274341334149,1
10719,-1.3826365249662405,,0.17734687699319085,1
10720,0.07220375781924865,,0.2561810105730401,1
10721,0.020075943545577585,,0.33501514415288935,1
10722,-0.8272671945630303,,0.4138492777327387,1
10723,0.492683411312588,0.492683411312588,0.492683411312588,0
10724,0.038976418862917445,,0.5566136367887569,1
10725,-0.28318192784083396,,0.6205438622649257,1
10726,0.062450015928244604,,0.6844740877410946,1
10727,0.7495866047967124,,0.7484043132172635,1
10728,-1.737831827232793,,0.8123345386934324,1
10729,0.14388253091760683,,0.8762647641696013,1
10730,0.8330878226172239,,0.9401949896457702,1
10731,-0.8565158644552123,,1.004125215121939,1
10732,-1.5758369161187191,,1.068055440598108,1
10733,-0.5480152267289581,,1.1319856660742769,1
10734,1.1959158915504455,1.1959158915504455,1.1959158915504455,0
10735,-3.1117120099699087,-3.1117120099699087,-3.1117120099699087,0
10736,2.473168851357886,2.473168851357886,2.473168851357886,0
10737,-0.4601231694849135,-0.4601231694849135,-0.4601231694849135,0
10738,0.41397527454923916,0.41397527454923916,0.41397527454923916,0
10739,0.45217915789188234,0.45217915789188234,0.45217915789188234,0
10740,-1.055869931979666,-1.055869931979666,-1.055869931979666,0
10741,-0.6354052159169357,,-0.9758007578771701,1
10742,-0.47588692162028956,,-0.8957315837746742,1
10743,1.56434049631693,,-0.8156624096721783,1
10744,-1.3638866664339613,,-0.7355932355696824,1
10745,1.7804516373609949,,-0.6555240614671864,1
10746,-0.7720688436580601,,-0.5754548873646905,1
10747,-0.6856124154078822,,-0.4953857132621946,1
10748,-0.5277189106144419,,-0.4153165391596987,1
10749,0.012480308344550408,,-0.33524736505720276,1
10750,-0.5109830851368149,,-0.25517819095470684,1
10751,-0.17510901685221097,-0.17510901685221097,-0.17510901685221097,0
10752,-0.3606985983420401,-0.3606985983420401,-0.3606985983420401,0
10753,-1.8362577753326528,-1.8362577753326528,-1.8362577753326528,0
10754,0.1429686083959949,0.1429686083959949,0.1429686083959949,0
10755,0.5921345199638776,0.5921345199638776,0.5921345199638776,0
10756,-2.283573073154166,-2.283573073154166,-2.283573073154166,0
10757,0.5008736649763268,0.5008736649763268,0.5008736649763268,0
10758,-0.09645297237337254,-0.09645297237337254,-0.09645297237337254,0
10759,0.13549034866592796,,-0.08221969141887076,1
10760,-0.0029921020199625533,,-0.06798641046436897,1
10761,1.6651226587672703,,-0.053753129509867194,1
10762,2.5291652394243607,,-0.03951984855536541,1
10763,0.3555814015209753,,-0.025286567600863633,1
10764,0.07759341732298315,,-0.011053286646361848,1
10765,-0.5863839028521926,,0.0031799943081399357,1
10766,-0.4638736116384347,,0.01741327526264172,1
10767,-1.6730027384753365,,0.031646556217143504,1
10768,0.14881471633163723,,0.045879837171645274,1
10769,0.06011311812614708,0.06011311812614708,0.06011311812614708,0
10770,-1.0521720820147682,-1.0521720820147682,-1.0521720820147682,0
10771,1.714421460828775,1.714421460828775,1.714421460828775,0
10772,-1.8019027820702618,,1.5809866327679412,1
10773,-2.0083033405961843,,1.4475518047071074,1
10774,1.2217960670538204,,1.3141169766462735,1
10775,0.2674137795668664,,1.1806821485854397,1
10776,0.9207332211740852,,1.047247320524606,1
10777,-0.8308611853383755,,0.9138124924637722,1
10778,0.8211414713254408,,0.7803776644029383,1
10779,1.3661874439972044,,0.6469428363421046,1
10780,-1.3251423125069095,,0.5135080082812709,1
10781,-0.29304636630978226,,0.3800731802204371,1
10782,0.2466383521596032,0.2466383521596032,0.2466383521596032,0
10783,-0.42207877868724825,-0.42207877868724825,-0.42207877868724825,0
10784,0.7216487173994508,0.7216487173994508,0.7216487173994508,0
10785,1.2283039034865655,1.2283039034865655,1.2283039034865655,0
10786,-0.3307750818586826,-0.3307750818586826,-0.3307750818586826,0
10787,-0.11623968861401215,-0.11623968861401215,-0.11623968861401215,0
10788,-1.3486721167281601,-1.3486721167281601,-1.3486721167281601,0
10789,-0.616076319004058,-0.616076319004058,-0.616076319004058,0
10790,-1.8435859726369817,-1.8435859726369817,-1.8435859726369817,0
10791,-0.38300825129092114,-0.38300825129092114,-0.38300825129092114,0
10792,1.2731500985070996,1.2731500985070996,1.2731500985070996,0
10793,0.738798245140947,0.738798245140947,0.738798245140947,0
10794,-1.6226953141893794,-1.6226953141893794,-1.6226953141893794,0
10795,0.8404422554446067,0.8404422554446067,0.8404422554446067,0
10796,-0.16572153652904384,-0.16572153652904384,-0.16572153652904384,0
10797,1.500843095028791,1.500843095028791,1.500843095028791,0
10798,-1.388341012214615,-1.388341012214615,-1.388341012214615,0
10799,-0.9706258505477013,,-1.3874773149045108,1
10800,-1.1261205706921087,,-1.3866136175944066,1
10801,0.7613720045126287,,-1.3857499202843024,1
10802,-1.1273374464267583,,-1.3848862229741983,1
10803,0.09130671435029583,,-1.3840225256640941,1
10804,-0.5591381100491135,,-1.3831588283539902,1
10805,-0.7547736577496694,,-1.382295131043886,1
10806,0.6429967677936476,,-1.3814314337337819,1
10807,-0.7894562275912002,,-1.3805677364236777,1
10808,0.6568698334190509,,-1.3797040391135735,1
10809,-1.3788403418034694,-1.3788403418034694,-1.3788403418034694,0
10810,0.4374905227446811,0.4374905227446811,0.4374905227446811,0
10811,-0.6641877994807615,-0.6641877994807615,-0.6641877994807615,0
10812,-0.1741412994074931,-0.1741412994074931,-0.1741412994074931,0
10813,0.30744935034854176,0.30744935034854176,0.30744935034854176,0
10814,-0.66205854414036,-0.66205854414036,-0.66205854414036,0
10815,1.999797058186188,1.999797058186188,1.999797058186188,0
10816,0.9409250605121152,,1.83858797285757,1
10817,0.6903392895675646,,1.677378887528952,1
10818,0.4511465949917145,,1.5161698022003338,1
10819,-0.5621027284957677,,1.354960716871716,1
10820,-0.5794826778637507,,1.193751631543098,1
10821,-1.9170329813883604,,1.03254254621448,1
10822,2.192484599020032,,0.8713334608858618,1
10823,0.5443195618988785,,0.710124375557244,1
10824,-0.7109949679746923,,0.5489152902286261,1
10825,-0.4717686498124223,,0.38770620490000796,1
10826,0.2264971195713898,0.2264971195713898,0.2264971195713898,0
10827,-0.9318364677578145,-0.9318364677578145,-0.9318364677578145,0
10828,-0.5863524849621962,-0.5863524849621962,-0.5863524849621962,0
10829,-0.6450381738988014,-0.6450381738988014,-0.6450381738988014,0
10830,-1.3136720377282105,-1.3136720377282105,-1.3136720377282105,0
10831,0.2519735102611297,0.2519735102611297,0.2519735102611297,0
10832,0.45819215031473953,0.45819215031473953,0.45819215031473953,0
10833,0.4454594665981125,0.4454594665981125,0.4454594665981125,0
10834,1.429201287593317,1.429201287593317,1.429201287593317,0
10835,1.0736431403995617,1.0736431403995617,1.0736431403995617,0
10836,-0.7668712888283654,-0.7668712888283654,-0.7668712888283654,0
10837,0.3956298541967087,0.3956298541967087,0.3956298541967087,0
10838,-1.78596187692779,-1.78596187692779,-1.78596187692779,0
10839,0.23256933593879514,,-1.7816385078999555,1
10840,0.4289744454474991,,-1.7773151388721207,1
10841,1.7338433931579191,,-1.772991769844286,1
10842,-1.4535498650911438,,-1.7686684008164515,1
10843,2.2934871305573186,,-1.7643450317886167,1
10844,0.5270477062897774,,-1.760021662760782,1
10845,-2.3535929755475085,,-1.7556982937329473,1
10846,1.1329892307599279,,-1.7513749247051127,1
10847,-0.411250747578547,,-1.747051555677278,1
10848,-0.2102502543804823,,-1.7427281866494433,1
10849,-1.7384048176216087,-1.7384048176216087,-1.7384048176216087,0
10850,0.8840265248936018,0.8840265248936018,0.8840265248936018,0
10851,-0.1332836402722169,-0.1332836402722169,-0.1332836402722169,0
10852,-1.0161563678282277,-1.0161563678282277,-1.0161563678282277,0
10853,1.8983794740455673,1.8983794740455673,1.8983794740455673,0
10854,-0.948397530940069,-0.948397530940069,-0.948397530940069,0
10855,-0.3099753235900168,-0.3099753235900168,-0.3099753235900168,0
10856,0.9750454837748371,0.9750454837748371,0.9750454837748371,0
10857,-1.2887409483813383,-1.2887409483813383,-1.2887409483813383,0
10858,0.5612778982737626,0.5612778982737626,0.5612778982737626,0
10859,-0.1306316191402073,-0.1306316191402073,-0.1306316191402073,0
10860,0.4000955263772138,,-0.14520479628124952,1
10861,0.4809491291450569,,-0.15977797342229177,1
10862,-0.8511122156588264,,-0.174351150563334,1
10863,0.08680367875644711,,-0.18892432770437623,1
10864,1.3412095850246766,,-0.20349750484541845,1
10865,-1.474277922502534,,-0.21807068198646068,1
10866,0.35511434803396547,,-0.23264385912750293,1
10867,-1.9481695575336577,,-0.24721703626854516,1
10868,0.962151758950859,,-0.2617902134095874,1
10869,1.4496745564280853,,-0.27636339055062964,1
10870,-0.29093656769167187,-0.29093656769167187,-0.29093656769167187,0
10871,0.4412971043680693,,-0.2859299069437319,1
10872,0.3032849726254787,,-0.28092324619579195,1
10873,0.8955198958786927,,-0.27591658544785197,1
10874,-1.2170589271782495,,-0.27090992469991204,1
10875,-0.6545148041701709,,-0.26590326395197206,1
10876,-0.37411055860877795,,-0.26089660320403213,1
10877,-2.3685634735780736,,-0.25588994245609215,1
10878,-0.7239108685041901,,-0.2508832817081522,1
10879,0.8958356457767678,,-0.24587662096021223,1
10880,1.9409143985238515,,-0.24086996021227228,1
10881,-0.23586329946433232,-0.23586329946433232,-0.23586329946433232,0
10882,1.1741988305420004,1.1741988305420004,1.1741988305420004,0
10883,-0.008839757361527301,-0.008839757361527301,-0.008839757361527301,0
10884,-1.1015410915316113,-1.1015410915316113,-1.1015410915316113,0
10885,0.08879946046246004,0.08879946046246004,0.08879946046246004,0
10886,1.3699897668689867,1.3699897668689867,1.3699897668689867,0
10887,-1.5110794903170537,-1.5110794903170537,-1.5110794903170537,0
10888,1.0834161204194133,1.0834161204194133,1.0834161204194133,0
10889,0.12854719452092958,0.12854719452092958,0.12854719452092958,0
10890,-0.32813732913590327,-0.32813732913590327,-0.32813732913590327,0
10891,-0.25229542736360183,,-0.33082519195425475,1
10892,-0.03244820896506379,,-0.3335130547726062,1
10893,-0.7958991149887358,,-0.33620091759095766,1
10894,0.2537497739642332,,-0.3388887804093091,1
10895,-0.6782030457118601,,-0.34157664322766057,1
10896,0.07399172734436121,,-0.344264506046012,1
10897,-1.1736165450899607,,-0.3469523688643635,1
10898,-1.6754102558408765,,-0.3496402316827149,1
10899,-1.7612673310621243,,-0.3523280945010664,1
10900,1.6608357178754487,,-0.3550159573194178,1
10901,-0.3577038201377693,-0.3577038201377693,-0.3577038201377693,0
10902,-0.48067735280649176,-0.48067735280649176,-0.48067735280649176,0
10903,1.7738286739722762,1.7738286739722762,1.7738286739722762,0
10904,-1.260792159619714,-1.260792159619714,-1.260792159619714,0
10905,-0.7767331931151624,-0.7767331931151624,-0.7767331931151624,0
10906,0.956532866838939,0.956532866838939,0.956532866838939,0
10907,0.07933778661686161,0.07933778661686161,0.07933778661686161,0
10908,-0.6986175856261355,-0.6986175856261355,-0.6986175856261355,0
10909,-0.7681107886695261,,-0.8636079094353832,1
10910,-0.7966205903628162,,-1.028598233244631,1
10911,-0.15199495426154014,,-1.1935885570538787,1
10912,0.48989490340300607,,-1.3585788808631265,1
10913,-0.058751053189894084,,-1.5235692046723743,1
10914,0.005425059820506694,,-1.6885595284816222,1
10915,-0.6696448257431,,-1.8535498522908695,1
10916,0.44356624215435475,,-2.0185401761001174,1
10917,1.5565411658558375,,-2.183530499909365,1
10918,0.04409524169540343,,-2.348520823718613,1
10919,-2.513511147527861,-2.513511147527861,-2.513511147527861,0
10920,1.0652184414336379,1.0652184414336379,1.0652184414336379,0
10921,0.29211279578115057,0.29211279578115057,0.29211279578115057,0
10922,1.6994640256634903,1.6994640256634903,1.6994640256634903,0
10923,0.2936334078208443,0.2936334078208443,0.2936334078208443,0
10924,0.580856079423915,0.580856079423915,0.580856079423915,0
10925,0.9978506964056055,0.9978506964056055,0.9978506964056055,0
10926,2.142415388884517,2.142415388884517,2.142415388884517,0
10927,1.4948106315860354,1.4948106315860354,1.4948106315860354,0
10928,-0.6907267061866473,-0.6907267061866473,-0.6907267061866473,0
10929,0.8191374183599885,0.8191374183599885,0.8191374183599885,0
10930,-0.4308421137614186,-0.4308421137614186,-0.4308421137614186,0
10931,-2.1079399584584495,,-0.3260311122812734,1
10932,-2.453817475358895,,-0.22122011080112822,1
10933,-0.051785546467933055,,-0.11640910932098303,1
10934,-0.16625588708564173,,-0.011598107840837812,1
10935,0.019383382187755552,,0.09321289363930735,1
10936,-3.160327226886851,,0.19802389511945256,1
10937,0.6539905221658744,,0.3028348965995978,1
10938,-0.3024766916819303,,0.407645898079743,1
10939,-1.7608082448314215,,0.5124568995598882,1
10940,0.38557785455083776,,0.6172679010400333,1
10941,0.7220789025201786,0.7220789025201786,0.7220789025201786,0
10942,-1.2241283358614494,-1.2241283358614494,-1.2241283358614494,0
10943,0.4782749830345097,0.4782749830345097,0.4782749830345097,0
10944,-0.5586470420032673,-0.5586470420032673,-0.5586470420032673,0
10945,-0.49129803704144315,-0.49129803704144315,-0.49129803704144315,0
10946,-0.9251864987515366,-0.9251864987515366,-0.9251864987515366,0
10947,-0.10153054075228761,,-0.7465860139029521,1
10948,-0.22871459234820565,,-0.5679855290543676,1
10949,-2.0561873541484132,,-0.389385044205783,1
10950,-0.303910264827252,,-0.21078455935719853,1
10951,1.6986089102229953,,-0.03218407450861405,1
10952,1.2412172986952275,,0.14641641033997055,1
10953,-0.034266239729437674,,0.32501689518855503,1
10954,-0.3605801801298593,,0.5036173800371395,1
10955,0.6015617039145974,,0.682217864885724,1
10956,0.7567826183265329,,0.8608183497343085,1
10957,1.0394188345828932,1.0394188345828932,1.0394188345828932,0
10958,-0.7697066909149705,,0.9948865243544207,1
10959,-0.5016652351915829,,0.9503542141259482,1
10960,-0.3455425131913168,,0.9058219038974757,1
10961,-0.3277632047274033,,0.8612895936690034,1
10962,0.7252750726464984,,0.8167572834405309,1
10963,0.43870281499265995,,0.7722249732120584,1
10964,1.209249165742819,,0.727692662983586,1
10965,2.161746004557161,,0.6831603527551136,1
10966,0.18137338462868532,,0.6386280425266411,1
10967,-1.5902030227751587,,0.5940957322981686,1
10968,0.5495634220696961,0.5495634220696961,0.5495634220696961,0
10969,-0.5269614677894583,-0.5269614677894583,-0.5269614677894583,0
10970,-1.2322363128043428,-1.2322363128043428,-1.2322363128043428,0
10971,0.8110475846495345,0.8110475846495345,0.8110475846495345,0
10972,-0.6573779183980174,-0.6573779183980174,-0.6573779183980174,0
10973,-0.9443523769690009,,-0.7270508391839736,1
10974,-0.5870680214197731,,-0.79672375996993,1
10975,-2.0394289793484957,,-0.8663966807558862,1
10976,-1.0994396281465744,,-0.9360696015418424,1
10977,1.118863122768297,,-1.0057425223277987,1
10978,-0.5763423250324488,,-1.075415443113755,1
10979,-0.5883115820035135,,-1.1450883638997111,1
10980,0.3662910619902193,,-1.2147612846856675,1
10981,-0.5981565177896075,,-1.2844342054716238,1
10982,-0.7590018117270643,,-1.35410712625758,1
10983,-1.4237800470435362,-1.4237800470435362,-1.4237800470435362,0
10984,-1.0864930512024904,-1.0864930512024904,-1.0864930512024904,0
10985,0.29850928266901083,0.29850928266901083,0.29850928266901083,0
10986,0.3810093932744824,0.3810093932744824,0.3810093932744824,0
10987,0.513053686113299,0.513053686113299,0.513053686113299,0
10988,-1.0646762289257323,-1.0646762289257323,-1.0646762289257323,0
10989,-0.3211070965132523,-0.3211070965132523,-0.3211070965132523,0
10990,0.8919466482069927,0.8919466482069927,0.8919466482069927,0
10991,0.5469357650800233,0.5469357650800233,0.5469357650800233,0
10992,-0.4229484177282833,-0.4229484177282833,-0.4229484177282833,0
10993,0.4074371476757831,,-0.38279917557512605,1
10994,0.4063904117776864,,-0.3426499334219688,1
10995,-1.1629414821485102,,-0.3025006912688115,1
10996,-0.7400941205855909,,-0.26235144911565433,1
10997,0.5718039999084437,,-0.22220220696249707,1
10998,0.2832416618688472,,-0.1820529648093398,1
10999,-1.3532012219472678,,-0.14190372265618256,1
11000,0.11136169017434461,,-0.10175448050302532,1
11001,-1.5715746819517438,,-0.061605238349868086,1
11002,0.3710932215402544,,-0.021455996196710847,1
11003,0.0186932459564464,0.0186932459564464,0.0186932459564464,0
11004,-2.030939662558577,-2.030939662558577,-2.030939662558577,0
11005,0.3837079272073133,0.3837079272073133,0.3837079272073133,0
11006,-2.214061862687088,-2.214061862687088,-2.214061862687088,0
11007,0.4835908537701196,0.4835908537701196,0.4835908537701196,0
11008,-1.1379585650604083,-1.1379585650604083,-1.1379585650604083,0
11009,-0.10283943271821228,-0.10283943271821228,-0.10283943271821228,0
11010,1.0379498213185332,1.0379498213185332,1.0379498213185332,0
11011,-1.001627350007643,-1.001627350007643,-1.001627350007643,0
11012,0.5361566546673505,0.5361566546673505,0.5361566546673505,0
11013,-1.1225885275588776,-1.1225885275588776,-1.1225885275588776,0
11014,-0.023913746709434157,-0.023913746709434157,-0.023913746709434157,0
11015,-0.09211933160333195,-0.09211933160333195,-0.09211933160333195,0
11016,-2.221239543307565,-2.221239543307565,-2.221239543307565,0
11017,-0.8150010441293879,-0.8150010441293879,-0.8150010441293879,0
11018,-0.16356603362153743,-0.16356603362153743,-0.16356603362153743,0
11019,0.19499429235274066,0.19499429235274066,0.19499429235274066,0
11020,0.779077899496282,,0.1471859291162675,1
11021,0.8526871004659412,,0.09937756587979435,1
11022,0.8967952368760003,,0.05156920264332118,1
11023,-0.28379193189523383,,0.0037608394068480433,1
11024,-0.18593980909816293,,-0.044047523829625096,1
11025,-0.5967526992587756,,-0.09185588706609829,1
11026,-0.30869999393131287,,-0.13966425030257143,1
11027,1.1840264769398305,,-0.18747261353904457,1
11028,-0.013996683815404119,,-0.2352809767755177,1
11029,0.8068442332519528,,-0.2830893400119908,1
11030,-0.330897703248464,-0.330897703248464,-0.330897703248464,0
11031,2.0215685091293034,2.0215685091293034,2.0215685091293034,0
11032,0.44696083115513585,,1.6773151373786321,1
11033,0.6066053276904763,,1.3330617656279609,1
11034,0.004197577580328696,,0.9888083938772894,1
11035,-0.5654665740036631,,0.6445550221266181,1
11036,0.01400489784546301,,0.3003016503759468,1
11037,0.5401311680864497,,-0.043951721374724695,1
11038,1.0034214062783509,,-0.388205093125396,1
11039,1.0892066900349084,,-0.7324584648760673,1
11040,-0.9821675343281858,,-1.0767118366267385,1
11041,-0.2720581691615939,,-1.4209652083774098,1
11042,-1.765218580128081,-1.765218580128081,-1.765218580128081,0
11043,-0.9835828833472223,,-1.6684181985567155,1
11044,-0.8741577559191427,,-1.5716178169853499,1
11045,2.2952692968559716,,-1.474817435413984,1
11046,-0.3353995014232056,,-1.3780170538426184,1
11047,-0.003130888413618042,,-1.2812166722712528,1
11048,0.2938789649393419,,-1.184416290699887,1
11049,0.6689880499356856,,-1.0876159091285214,1
11050,-1.7165418044895817,,-0.9908155275571557,1
11051,-0.04552394992889381,,-0.8940151459857901,1
11052,0.8097078859158368,,-0.7972147644144244,1
11053,-0.7004143828430587,-0.7004143828430587,-0.7004143828430587,0
11054,2.559763651171749,2.559763651171749,2.559763651171749,0
11055,0.32297008619353945,,2.2920955564766103,1
11056,0.1455685900876176,,2.024427461781472,1
11057,-1.8839345320429999,,1.756759367086333,1
11058,-0.7308533918000808,,1.4890912723911942,1
11059,-1.14581922076677,,1.2214231776960554,1
11060,0.32764684490221824,,0.9537550830009167,1
11061,-0.8563624976203486,,0.6860869883057781,1
11062,0.20059765762913753,,0.4184188936106392,1
11063,-0.7868701202972113,,0.15075079891550036,1
11064,0.28855928679769,,-0.1169172957796385,1
11065,-0.38458539047477686,-0.38458539047477686,-0.38458539047477686,0
11066,-0.654896318807928,-0.654896318807928,-0.654896318807928,0
11067,-1.1104794875285775,-1.1104794875285775,-1.1104794875285775,0
11068,0.6649946244694668,0.6649946244694668,0.6649946244694668,0
11069,-1.0571688172667975,-1.0571688172667975,-1.0571688172667975,0
11070,0.5529470979726664,0.5529470979726664,0.5529470979726664,0
11071,1.1888860303968118,1.1888860303968118,1.1888860303968118,0
11072,-0.5356734883596427,-0.5356734883596427,-0.5356734883596427,0
11073,-1.911590090197539,-1.911590090197539,-1.911590090197539,0
11074,1.1845068056372803,1.1845068056372803,1.1845068056372803,0
11075,0.7718843000606922,0.7718843000606922,0.7718843000606922,0
11076,0.3605674712061225,0.3605674712061225,0.3605674712061225,0
11077,2.888528485434993,2.888528485434993,2.888528485434993,0
11078,-0.7172829172614134,-0.7172829172614134,-0.7172829172614134,0
11079,0.1254735452128956,0.1254735452128956,0.1254735452128956,0
11080,-0.8302671405916124,-0.8302671405916124,-0.8302671405916124,0
11081,1.7201005072476212,1.7201005072476212,1.7201005072476212,0
11082,-1.0685179567684648,-1.0685179567684648,-1.0685179567684648,0
11083,-0.1251538658255926,-0.1251538658255926,-0.1251538658255926,0
11084,0.3477283369710131,0.3477283369710131,0.3477283369710131,0
11085,-1.7505079544131865,-1.7505079544131865,-1.7505079544131865,0
11086,0.7381703887643203,0.7381703887643203,0.7381703887643203,0
11087,-1.2012737118465318,-1.2012737118465318,-1.2012737118465318,0
11088,1.9912678302368356,1.9912678302368356,1.9912678302368356,0
11089,-1.071373189235822,-1.071373189235822,-1.071373189235822,0
11090,0.7428169979683555,0.7428169979683555,0.7428169979683555,0
11091,1.259935233980206,1.259935233980206,1.259935233980206,0
11092,0.8716669735024779,0.8716669735024779,0.8716669735024779,0
11093,-0.6312494611990809,,0.8551048547102893,1
11094,-0.9290807314081033,,0.8385427359181007,1
11095,0.38874015158718284,,0.821980617125912,1
11096,-0.3414165750282578,,0.8054184983337234,1
11097,-0.5496418200533307,,0.7888563795415348,1
11098,0.7251008902082315,,0.7722942607493462,1
11099,-0.19103406454026028,,0.7557321419571575,1
11100,0.19050785597857317,,0.7391700231649689,1
11101,0.35091345970424387,,0.7226079043727802,1
11102,0.7621565973541178,,0.7060457855805916,1
11103,0.689483666788403,0.689483666788403,0.689483666788403,0
11104,-1.1245096673450616,-1.1245096673450616,-1.1245096673450616,0
11105,0.5255963839087116,0.5255963839087116,0.5255963839087116,0
11106,0.054342735121667256,0.054342735121667256,0.054342735121667256,0
11107,-0.6309245277371177,-0.6309245277371177,-0.6309245277371177,0
11108,-1.1742230703232261,-1.1742230703232261,-1.1742230703232261,0
11109,0.7936392050808448,0.7936392050808448,0.7936392050808448,0
11110,-1.302590684637068,-1.302590684637068,-1.302590684637068,0
11111,-0.6945903412336957,-0.6945903412336957,-0.6945903412336957,0
11112,0.38877264465702716,0.38877264465702716,0.38877264465702716,0
11113,-1.314813493067922,-1.314813493067922,-1.314813493067922,0
11114,-0.6012332887556009,-0.6012332887556009,-0.6012332887556009,0
11115,-2.9432116454108583,-2.9432116454108583,-2.9432116454108583,0
11116,1.587204429167843,1.587204429167843,1.587204429167843,0
11117,0.14334173268858125,0.14334173268858125,0.14334173268858125,0
11118,1.8832968639619638,1.8832968639619638,1.8832968639619638,0
11119,-1.4263518504876342,-1.4263518504876342,-1.4263518504876342,0
11120,1.0285310285392917,1.0285310285392917,1.0285310285392917,0
11121,-1.0640366305156326,-1.0640366305156326,-1.0640366305156326,0
11122,-0.19024696781976552,-0.19024696781976552,-0.19024696781976552,0
11123,-0.5878109263606848,-0.5878109263606848,-0.5878109263606848,0
11124,-1.2905855454283124,-1.2905855454283124,-1.2905855454283124,0
11125,0.17141982441490225,,-1.0479609261447673,1
11126,0.2774005958646476,,-0.8053363068612225,1
11127,-1.453707195451873,,-0.5627116875776775,1
11128,-0.4507947759031604,,-0.3200870682941326,1
11129,-1.0412989735840463,,-0.07746244901058752,1
11130,-0.31187069523984473,,0.16516217027295732,1
11131,0.48282655988593043,,0.40778678955650216,1
11132,1.3099450100321048,,0.6504114088400472,1
11133,2.0052911120565278,,0.8930360281235923,1
11134,0.49130048937589044,,1.1356606474071373,1
11135,1.3782852666906817,1.3782852666906817,1.3782852666906817,0
11136,0.0149806437557565,0.0149806437557565,0.0149806437557565,0
11137,0.08964661916491579,0.08964661916491579,0.08964661916491579,0
11138,-0.7098664478261766,-0.7098664478261766,-0.7098664478261766,0
11139,-0.6203327680617623,-0.6203327680617623,-0.6203327680617623,0
11140,0.31220284475492066,,-0.646530211863455,1
11141,0.32083694993273415,,-0.6727276556651478,1
11142,-1.477430863714853,,-0.6989250994668406,1
11143,-0.3924647869847615,,-0.7251225432685333,1
11144,0.47633521544032986,,-0.7513199870702261,1
11145,0.007615809866992288,,-0.7775174308719188,1
11146,-1.1127195944799082,,-0.8037148746736115,1
11147,0.1165135743280315,,-0.8299123184753042,1
11148,-0.2635003426253564,,-0.856109762276997,1
11149,0.1548322276294285,,-0.8823072060786897,1
11150,-0.9085046498803825,-0.9085046498803825,-0.9085046498803825,0
11151,-0.6077681609811862,-0.6077681609811862,-0.6077681609811862,0
11152,0.35757076226812917,0.35757076226812917,0.35757076226812917,0
11153,0.9053156754138693,0.9053156754138693,0.9053156754138693,0
11154,0.3140003616410673,0.3140003616410673,0.3140003616410673,0
11155,0.9303167528277629,,0.33370096508150027,1
11156,0.8633044195662286,,0.3534015685219332,1
11157,0.5951774382871328,,0.37310217196236617,1
11158,-0.07884531317291552,,0.39280277540279906,1
11159,-1.4315414985837085,,0.412503378843232,1
11160,0.36841268134269906,,0.43220398228366497,1
11161,-0.5152652278187915,,0.45190458572409786,1
11162,0.5590792934340579,,0.47160518916453087,1
11163,-2.5086742764768424,,0.49130579260496376,1
11164,0.8603812348740775,,0.5110063960453968,1
11165,0.5307069994858297,0.5307069994858297,0.5307069994858297,0
11166,1.2830730769555216,1.2830730769555216,1.2830730769555216,0
11167,-0.24426725035743047,-0.24426725035743047,-0.24426725035743047,0
11168,1.2240817048074282,1.2240817048074282,1.2240817048074282,0
11169,0.23972392283575322,,1.1787351367611236,1
11170,0.19033539989699164,,1.133388568714819,1
11171,0.6749024145736824,,1.0880420006685145,1
11172,-1.363512537612846,,1.04269543262221,1
11173,0.9460901376812111,,0.9973488645759053,1
11174,0.1540418607914215,,0.9520022965296008,1
11175,-0.4538381639751746,,0.9066557284832961,1
11176,2.3028973091700804,,0.8613091604369916,1
11177,0.48341847591949777,,0.815962592390687,1
11178,-1.7724579877255306,,0.7706160243443825,1
11179,0.7252694562980779,0.7252694562980779,0.7252694562980779,0
11180,-0.2588540069404133,-0.2588540069404133,-0.2588540069404133,0
11181,-0.4921216038744447,-0.4921216038744447,-0.4921216038744447,0
11182,-0.9982130219842511,-0.9982130219842511,-0.9982130219842511,0
11183,-1.0799717802896995,-1.0799717802896995,-1.0799717802896995,0
11184,0.8316915428769537,0.8316915428769537,0.8316915428769537,0
11185,-0.16336156824322787,-0.16336156824322787,-0.16336156824322787,0
11186,2.459181348528993,2.459181348528993,2.459181348528993,0
11187,-0.34412245883377557,-0.34412245883377557,-0.34412245883377557,0
11188,0.7500997323988513,0.7500997323988513,0.7500997323988513,0
11189,0.16913994617705563,,0.6926528504784842,1
11190,0.5147609271769524,,0.6352059685581173,1
11191,-0.793875222435262,,0.5777590866377502,1
11192,1.2299389073122862,,0.5203122047173832,1
11193,0.398524156702705,,0.4628653227970162,1
11194,-0.40413302289067493,,0.40541844087664913,1
11195,-2.488070818543509,,0.3479715589562821,1
11196,1.8129105404908399,,0.2905246770359151,1
11197,0.7051906120631537,,0.23307779511554805,1
11198,-0.28744771064165636,,0.1756309131951811,1
11199,0.11818403127481406,0.11818403127481406,0.11818403127481406,0
11200,-1.7627224796197025,-1.7627224796197025,-1.7627224796197025,0
11201,-0.46507528673972154,-0.46507528673972154,-0.46507528673972154,0
11202,-0.354248176769168,-0.354248176769168,-0.354248176769168,0
11203,0.3077674900071557,0.3077674900071557,0.3077674900071557,0
11204,-0.28107521206151476,-0.28107521206151476,-0.28107521206151476,0
11205,0.32928488999247224,0.32928488999247224,0.32928488999247224,0
11206,0.7262156625938525,0.7262156625938525,0.7262156625938525,0
11207,0.49078275906641017,0.49078275906641017,0.49078275906641017,0
11208,0.04420153344263839,,0.5611328599498464,1
11209,-0.1243958822305786,,0.6314829608332826,1
11210,-0.7396670365730182,,0.7018330617167188,1
11211,-0.8000954999144291,,0.772183162600155,1
11212,0.3821562995265464,,0.8425332634835911,1
11213,2.2920589003682577,,0.9128833643670273,1
11214,0.5113827723726365,,0.9832334652504635,1
11215,1.2822208032882643,,1.0535835661338997,1
11216,0.8342647280028496,,1.1239336670173359,1
11217,-0.19920739218354824,,1.194283767900772,1
11218,1.2646338687842085,1.2646338687842085,1.2646338687842085,0
11219,0.03101908943904767,0.03101908943904767,0.03101908943904767,0
11220,0.39201909116470873,0.39201909116470873,0.39201909116470873,0
11221,-0.26816737525906986,-0.26816737525906986,-0.26816737525906986,0
11222,0.32462498262923234,0.32462498262923234,0.32462498262923234,0
11223,0.8937277279759356,0.8937277279759356,0.8937277279759356,0
11224,-1.6482233736113796,-1.6482233736113796,-1.6482233736113796,0
11225,0.6090023526549573,0.6090023526549573,0.6090023526549573,0
11226,0.09799708765646421,0.09799708765646421,0.09799708765646421,0
11227,0.636281439628519,0.636281439628519,0.636281439628519,0
11228,-1.3020038419137525,-1.3020038419137525,-1.3020038419137525,0
11229,-0.4551397694024111,-0.4551397694024111,-0.4551397694024111,0
11230,-0.060953267540802006,,-0.31486203103142907,1
11231,-0.29101779488414337,,-0.17458429266044706,1
11232,0.20971120565643056,,-0.03430655428946505,1
11233,0.9183823978413849,,0.10597118408151696,1
11234,-0.6165271876797167,,0.24624892245249896,1
11235,-0.046048259165454096,,0.38652666082348097,1
11236,-1.5301800944477388,,0.526804399194463,1
11237,0.40578775793456934,,0.667082137565445,1
11238,-1.185281765506044,,0.8073598759364269,1
11239,2.3811450039020507,,0.947637614307409,1
11240,1.087915352678391,1.087915352678391,1.087915352678391,0
11241,0.3079272712395119,0.3079272712395119,0.3079272712395119,0
11242,-0.532502281603754,-0.532502281603754,-0.532502281603754,0
11243,0.7880227173328918,0.7880227173328918,0.7880227173328918,0
11244,0.16497280930149155,0.16497280930149155,0.16497280930149155,0
11245,1.0628141693103605,1.0628141693103605,1.0628141693103605,0
11246,-0.4323665268810156,-0.4323665268810156,-0.4323665268810156,0
11247,-0.7982371947404984,-0.7982371947404984,-0.7982371947404984,0
11248,0.3614115650124761,0.3614115650124761,0.3614115650124761,0
11249,-2.2219762644739207,-2.2219762644739207,-2.2219762644739207,0
11250,0.6453233431618475,0.6453233431618475,0.6453233431618475,0
11251,0.12708034720748318,0.12708034720748318,0.12708034720748318,0
11252,0.9904568558649786,0.9904568558649786,0.9904568558649786,0
11253,-0.6656958787154663,-0.6656958787154663,-0.6656958787154663,0
11254,-0.05712390251770311,-0.05712390251770311,-0.05712390251770311,0
11255,-0.636160280716062,-0.636160280716062,-0.636160280716062,0
11256,1.8947410561289604,1.8947410561289604,1.8947410561289604,0
11257,-0.1542943416925974,-0.1542943416925974,-0.1542943416925974,0
11258,-0.17198963913504917,-0.17198963913504917,-0.17198963913504917,0
11259,-0.7869358652582145,-0.7869358652582145,-0.7869358652582145,0
11260,0.49177583639218314,0.49177583639218314,0.49177583639218314,0
11261,-0.1675197808945866,-0.1675197808945866,-0.1675197808945866,0
11262,1.0452492588169466,1.0452492588169466,1.0452492588169466,0
11263,1.4558345862900872,1.4558345862900872,1.4558345862900872,0
11264,-0.2396749055586148,-0.2396749055586148,-0.2396749055586148,0
11265,0.22640304136894335,0.22640304136894335,0.22640304136894335,0
11266,0.8204823769849231,,0.23517340579236032,1
11267,1.1111055310066542,,0.2439437702157773,1
11268,-0.7762199950206824,,0.25271413463919423,1
11269,0.9262340501485261,,0.26148449906261123,1
11270,-0.1168309380768897,,0.2702548634860282,1
11271,-0.5566052228566091,,0.2790252279094452,1
11272,0.3137986483267922,,0.2877955923328621,1
11273,1.897727463951693,,0.2965659567562791,1
11274,1.4276576676849266,,0.30533632117969606,1
11275,2.2611507967052704,,0.31410668560311306,1
11276,0.32287705002653,0.32287705002653,0.32287705002653,0
11277,-0.760477938110691,,0.4284517618185203,1
11278,-0.880071863540657,,0.5340264736105106,1
11279,0.29500807164063575,,0.6396011854025008,1
11280,-0.1672715188866111,,0.7451758971944911,1
11281,-1.797274369536941,,0.8507506089864814,1
11282,0.3528738294784456,,0.9563253207784717,1
11283,0.34465769137638713,,1.061900032570462,1
11284,-0.2633944522699146,,1.1674747443624522,1
11285,-0.48731976257730114,,1.2730494561544425,1
11286,0.6847986604486402,,1.3786241679464326,1
11287,1.4841988797384231,1.4841988797384231,1.4841988797384231,0
11288,-0.5786077978428691,,1.3977430110676803,1
11289,-0.5055687003444311,,1.3112871423969377,1
11290,0.5006566737291382,,1.2248312737261948,1
11291,0.44929161974638593,,1.138375405055452,1
11292,0.050627153874655856,,1.0519195363847094,1
11293,1.070423040897149,,0.9654636677139665,1
11294,-0.09657936651196383,,0.8790077990432237,1
11295,-1.649541044087484,,0.792551930372481,1
11296,0.07055024380972712,,0.7060960617017382,1
11297,0.912696677467915,,0.6196401930309954,1
11298,-1.165076942517929,,0.5331843243602526,1
11299,-0.8843279379859529,,0.4467284556895099,1
11300,-0.06506460559298728,,0.3602725870187671,1
11301,0.06093296444878714,,0.27381671834802424,1
11302,-0.57969792732478,,0.18736084967728162,1
11303,0.08225866431834783,,0.10090498100653877,1
11304,0.22046221649343983,,0.014449112335795933,1
11305,1.1948186323863426,,-0.07200675633494669,1
11306,0.32654297776173147,,-0.15846262500568953,1
11307,1.6143139602699292,,-0.24491849367643237,1
11308,-0.3313743623471753,-0.3313743623471753,-0.3313743623471753,0
11309,-1.2181199100474982,-1.2181199100474982,-1.2181199100474982,0
11310,1.1804260316309467,1.1804260316309467,1.1804260316309467,0
11311,0.8595101408927757,0.8595101408927757,0.8595101408927757,0
11312,0.6495814725112332,0.6495814725112332,0.6495814725112332,0
11313,-1.787331781355142,-1.787331781355142,-1.787331781355142,0
11314,-0.015343851014025406,-0.015343851014025406,-0.015343851014025406,0
11315,1.166409406808625,1.166409406808625,1.166409406808625,0
11316,-1.2337023024044083,-1.2337023024044083,-1.2337023024044083,0
11317,0.9581472910064718,0.9581472910064718,0.9581472910064718,0
11318,-1.164344614377643,-1.164344614377643,-1.164344614377643,0
11319,-0.5792715394311971,-0.5792715394311971,-0.5792715394311971,0
11320,0.24901995539711078,0.24901995539711078,0.24901995539711078,0
11321,-0.9610489494502602,-0.9610489494502602,-0.9610489494502602,0
11322,-0.3389802026926227,-0.3389802026926227,-0.3389802026926227,0
11323,-1.55764599247741,,-0.38164708905182876,1
11324,-1.2810127534475713,,-0.4243139754110349,1
11325,0.445607701719116,,-0.46698086177024095,1
11326,0.16751031026863125,,-0.509647748129447,1
11327,-0.3940893894877984,,-0.5523146344886531,1
11328,0.3810421071440681,,-0.5949815208478593,1
11329,0.12058124037310453,,-0.6376484072070653,1
11330,-0.47648662225725996,,-0.6803152935662713,1
11331,-0.8250178170363888,,-0.7229821799254774,1
11332,0.7723597245812992,,-0.7656490662846835,1
11333,0.6087612018560997,,-0.8083159526438897,1
11334,0.3269851039804632,,-0.8509828390030958,1
11335,1.1522081882073807,,-0.8936497253623017,1
11336,-0.4261601461740855,,-0.9363166117215078,1
11337,0.058184871628730414,,-0.9789834980807139,1
11338,-0.9118304326881161,,-1.02165038443992,1
11339,1.6847214782996778,,-1.0643172707991262,1
11340,0.30031469904056174,,-1.106984157158332,1
11341,1.246398378157547,,-1.1496510435175382,1
11342,-0.2633208712020193,,-1.1923179298767443,1
11343,-1.2349848162359505,-1.2349848162359505,-1.2349848162359505,0
11344,1.7100330154382632,1.7100330154382632,1.7100330154382632,0
11345,-0.39941826649310147,-0.39941826649310147,-0.39941826649310147,0
11346,0.6509861532967767,0.6509861532967767,0.6509861532967767,0
11347,-0.6841496965890724,-0.6841496965890724,-0.6841496965890724,0
11348,-0.3384140207127615,-0.3384140207127615,-0.3384140207127615,0
11349,0.6861887992715255,,-0.5126258912005655,1
11350,0.333643746401572,,-0.6868377616883695,1
11351,-0.6401440349491521,,-0.8610496321761736,1
11352,1.1343609864106448,,-1.0352615026639775,1
11353,-1.5617250235360816,,-1.2094733731517815,1
11354,-2.431453641083377,,-1.3836852436395857,1
11355,0.9822795433365281,,-1.5578971141273896,1
11356,0.33159551913747404,,-1.7321089846151936,1
11357,-0.5479632097601369,,-1.9063208551029975,1
11358,1.1668182695157896,,-2.0805327255908015,1
11359,-2.2547445960786057,-2.2547445960786057,-2.2547445960786057,0
11360,0.7590873896086698,0.7590873896086698,0.7590873896086698,0
11361,1.1324597563080037,1.1324597563080037,1.1324597563080037,0
11362,-0.5008510787067145,-0.5008510787067145,-0.5008510787067145,0
11363,-1.1376049109748285,-1.1376049109748285,-1.1376049109748285,0
11364,-1.2536242519264735,-1.2536242519264735,-1.2536242519264735,0
11365,-0.508603173747865,-0.508603173747865,-0.508603173747865,0
11366,-0.06262852572424756,-0.06262852572424756,-0.06262852572424756,0
11367,1.5564056917795637,1.5564056917795637,1.5564056917795637,0
11368,1.9548410572898476,1.9548410572898476,1.9548410572898476,0
11369,0.22265902794337675,0.22265902794337675,0.22265902794337675,0
11370,0.15122333645107558,0.15122333645107558,0.15122333645107558,0
11371,-0.030274527614609005,-0.030274527614609005,-0.030274527614609005,0
11372,-0.45727525602039915,-0.45727525602039915,-0.45727525602039915,0
11373,-1.5285091050692936,-1.5285091050692936,-1.5285091050692936,0
11374,1.5805979022437429,1.5805979022437429,1.5805979022437429,0
11375,-0.740543988917657,-0.740543988917657,-0.740543988917657,0
11376,-1.843373591889209,-1.843373591889209,-1.843373591889209,0
11377,-1.2775839471193406,-1.2775839471193406,-1.2775839471193406,0
11378,-0.10530185780027748,-0.10530185780027748,-0.10530185780027748,0
11379,-0.29057050655019007,-0.29057050655019007,-0.29057050655019007,0
11380,0.2578245913884709,0.2578245913884709,0.2578245913884709,0
11381,0.36007432614535345,0.36007432614535345,0.36007432614535345,0
11382,-1.6032537130775983,-1.6032537130775983,-1.6032537130775983,0
11383,-2.0236504488907774,-2.0236504488907774,-2.0236504488907774,0
11384,0.6437010629983566,0.6437010629983566,0.6437010629983566,0
11385,0.15971995284316512,0.15971995284316512,0.15971995284316512,0
11386,0.0282852152152306,0.0282852152152306,0.0282852152152306,0
11387,-1.3016996973555763,-1.3016996973555763,-1.3016996973555763,0
11388,-0.03475953338790295,-0.03475953338790295,-0.03475953338790295,0
11389,-0.5574301501107707,-0.5574301501107707,-0.5574301501107707,0
11390,0.37714763077200164,,-0.527614263255403,1
11391,0.12300772253180664,,-0.4977983764000353,1
11392,-0.004443243237881975,,-0.4679824895446676,1
11393,-0.8420243738741904,,-0.4381666026892999,1
11394,0.0656189409714316,,-0.40835071583393223,1
11395,0.4991619422970203,,-0.3785348289785645,1
11396,0.33809032568951347,,-0.3487189421231968,1
11397,0.42029578488518327,,-0.31890305526782914,1
11398,0.07053829190000555,,-0.28908716841246146,1
11399,-0.9499563499164679,,-0.2592712815570938,1
11400,-0.22945539470172602,-0.22945539470172602,-0.22945539470172602,0
11401,-1.1246729762419114,-1.1246729762419114,-1.1246729762419114,0
11402,-0.6346451563512077,,-1.0991797671369357,1
11403,-0.4660416649532305,,-1.0736865580319601,1
11404,0.3168011048282966,,-1.0481933489269843,1
11405,0.9321048934763675,,-1.0227001398220086,1
11406,0.01378753019735139,,-0.997206930717033,1
11407,0.29485353253906427,,-0.9717137216120573,1
11408,0.3132814546053755,,-0.9462205125070816,1
11409,0.6178672827429885,,-0.920727303402106,1
11410,-0.20085006121178833,,-0.8952340942971303,1
11411,0.5486768541557548,,-0.8697408851921546,1
11412,1.388022566042673,,-0.8442476760871789,1
11413,1.6853822361192141,,-0.8187544669822032,1
11414,-0.1820550827304923,,-0.7932612578772276,1
11415,1.4402238624737043,,-0.7677680487722518,1
11416,-1.828866297704194,,-0.7422748396672761,1
11417,-0.9984259375568013,,-0.7167816305623005,1
11418,-0.49310730927370505,,-0.6912884214573248,1
11419,0.7948644445454406,,-0.6657952123523492,1
11420,-2.2557655557616347,,-0.6403020032473734,1
11421,1.3719265693830032,,-0.6148087941423978,1
11422,-0.5893155850374221,-0.5893155850374221,-0.5893155850374221,0
11423,0.3197981351602464,0.3197981351602464,0.3197981351602464,0
11424,-0.1793329285884719,-0.1793329285884719,-0.1793329285884719,0
11425,-0.6754224731094471,-0.6754224731094471,-0.6754224731094471,0
11426,0.41725737069119384,0.41725737069119384,0.41725737069119384,0
11427,0.29877996601547663,0.29877996601547663,0.29877996601547663,0
11428,-1.5867944236881533,-1.5867944236881533,-1.5867944236881533,0
11429,-1.6186936351236354,-1.6186936351236354,-1.6186936351236354,0
11430,0.031995198994255396,,-1.2931707598421256,1
11431,0.3328679246766478,,-0.9676478845606156,1
11432,-0.4376281961931295,,-0.6421250092791057,1
11433,0.7017072240673846,,-0.31660213399759574,1
11434,0.6432878918520885,,0.008920741283914069,1
11435,-0.9450287751366019,,0.3344436165654241,1
11436,-0.5877376424707271,,0.6599664918469341,1
11437,0.3279235357369247,,0.9854893671284439,1
11438,-1.9146219196398615,,1.3110122424099537,1
11439,0.3365504015152913,,1.6365351176914635,1
11440,1.9620579929729738,1.9620579929729738,1.9620579929729738,0
11441,-2.2299058978802666,-2.2299058978802666,-2.2299058978802666,0
11442,0.22884630460405953,0.22884630460405953,0.22884630460405953,0
11443,1.3587139461307276,1.3587139461307276,1.3587139461307276,0
11444,0.5425726599354075,0.5425726599354075,0.5425726599354075,0
11445,-0.08184389667101696,-0.08184389667101696,-0.08184389667101696,0
11446,-0.34803099167371776,-0.34803099167371776,-0.34803099167371776,0
11447,-0.1392110107643402,-0.1392110107643402,-0.1392110107643402,0
11448,-0.8911451687857033,-0.8911451687857033,-0.8911451687857033,0
11449,0.8060038833292297,0.8060038833292297,0.8060038833292297,0
11450,0.8682386090070604,,0.754729483190806,1
11451,0.6857366040858826,,0.7034550830523824,1
11452,2.1159751742068056,,0.6521806829139587,1
11453,-0.5688175419382057,,0.600906282775535,1
11454,-0.1508389692653367,,0.5496318826371114,1
11455,1.1785424070947847,,0.4983574824986878,1
11456,0.41816308652036505,,0.4470830823602641,1
11457,-1.1894577267731359,,0.39580868222184046,1
11458,-0.817312381157636,,0.3445342820834168,1
11459,1.5025919617665329,,0.2932598819449932,1
11460,0.24198548180656954,0.24198548180656954,0.24198548180656954,0
11461,-1.598843328300108,-1.598843328300108,-1.598843328300108,0
11462,0.35533478601143054,0.35533478601143054,0.35533478601143054,0
11463,-0.43593106619926697,-0.43593106619926697,-0.43593106619926697,0
11464,0.9821691354857465,0.9821691354857465,0.9821691354857465,0
11465,-0.3772994781248838,-0.3772994781248838,-0.3772994781248838,0
11466,0.044971044849051685,0.044971044849051685,0.044971044849051685,0
11467,-0.49782012051848146,-0.49782012051848146,-0.49782012051848146,0
11468,-1.6473083182809936,-1.6473083182809936,-1.6473083182809936,0
11469,1.7182911505293326,1.7182911505293326,1.7182911505293326,0
11470,0.7064262214666047,0.7064262214666047,0.7064262214666047,0
11471,-1.4160469559756685,-1.4160469559756685,-1.4160469559756685,0
11472,-1.2029411999929007,-1.2029411999929007,-1.2029411999929007,0
11473,0.6695222969197356,0.6695222969197356,0.6695222969197356,0
11474,0.9416908092545307,0.9416908092545307,0.9416908092545307,0
11475,-2.7355753984734728,-2.7355753984734728,-2.7355753984734728,0
11476,0.07379839939486946,0.07379839939486946,0.07379839939486946,0
11477,-0.5090217503461679,-0.5090217503461679,-0.5090217503461679,0
11478,-0.791219164493369,-0.791219164493369,-0.791219164493369,0
11479,1.2965074461673192,1.2965074461673192,1.2965074461673192,0
11480,-0.5013722034824782,-0.5013722034824782,-0.5013722034824782,0
11481,1.0166375995132544,1.0166375995132544,1.0166375995132544,0
11482,0.43963256322732575,0.43963256322732575,0.43963256322732575,0
11483,0.9461047913636845,0.9461047913636845,0.9461047913636845,0
11484,0.5441658206841139,0.5441658206841139,0.5441658206841139,0
11485,0.48834914533939655,0.48834914533939655,0.48834914533939655,0
11486,-0.20058349440489626,-0.20058349440489626,-0.20058349440489626,0
11487,0.2100257157856116,0.2100257157856116,0.2100257157856116,0
11488,0.09094618405673947,0.09094618405673947,0.09094618405673947,0
11489,0.41688146019484873,0.41688146019484873,0.41688146019484873,0
11490,-0.5328594992524263,,0.5131337027032636,1
11491,-0.4737046749805027,,0.6093859452116787,1
11492,-0.8423647704633366,,0.7056381877200936,1
11493,2.0505488720436236,,0.8018904302285086,1
11494,1.1242628379618405,,0.8981426727369235,1
11495,1.9912249083639457,,0.9943949152453384,1
11496,-1.522072945263545,,1.0906471577537533,1
11497,0.9805473585072049,,1.1868994002621682,1
11498,0.3653126415787391,,1.2831516427705831,1
11499,-0.26545142341785016,,1.3794038852789983,1
11500,1.4756561277874132,1.4756561277874132,1.4756561277874132,0
11501,-0.15243253622693193,-0.15243253622693193,-0.15243253622693193,0
11502,0.5610889866832243,0.5610889866832243,0.5610889866832243,0
11503,-0.4276926717729563,-0.4276926717729563,-0.4276926717729563,0
11504,0.8423790601036985,0.8423790601036985,0.8423790601036985,0
11505,1.9288728214570015,1.9288728214570015,1.9288728214570015,0
11506,1.0927083344670925,1.0927083344670925,1.0927083344670925,0
11507,-0.49531026080431134,-0.49531026080431134,-0.49531026080431134,0
11508,0.41251308356835237,0.41251308356835237,0.41251308356835237,0
11509,0.45556690197004396,0.45556690197004396,0.45556690197004396,0
11510,-1.2616821267060854,-1.2616821267060854,-1.2616821267060854,0
11511,1.3428947336803538,,-1.2742834158116634,1
11512,1.3177770585557333,,-1.2868847049172412,1
11513,0.5255367321968338,,-1.2994859940228192,1
11514,0.16686708457565272,,-1.3120872831283972,1
11515,0.9978444395258211,,-1.324688572233975,1
11516,-0.46748317877675954,,-1.337289861339553,1
11517,-0.3602628481112287,,-1.3498911504451307,1
11518,0.009592040881993143,,-1.3624924395507088,1
11519,1.107418795430316,,-1.3750937286562868,1
11520,-1.4313235744724724,,-1.3876950177618645,1
11521,-1.4002963068674426,-1.4002963068674426,-1.4002963068674426,0
11522,-0.6393274572743435,-0.6393274572743435,-0.6393274572743435,0
11523,-0.6490423002440417,-0.6490423002440417,-0.6490423002440417,0
11524,1.3696289571633913,1.3696289571633913,1.3696289571633913,0
11525,1.0698962139158563,1.0698962139158563,1.0698962139158563,0
11526,-0.5320573986152346,-0.5320573986152346,-0.5320573986152346,0
11527,0.41345029446065995,,-0.4776530958130528,1
11528,0.31738565303346206,,-0.423248793010871,1
11529,0.1091231021644076,,-0.36884449020868915,1
11530,0.2793645832333959,,-0.31444018740650737,1
11531,-0.4990745740791498,,-0.2600358846043256,1
11532,0.8842370133300912,,-0.20563158180214375,1
11533,0.5083406780377253,,-0.1512272789999619,1
11534,2.3941467353428507,,-0.09682297619778013,1
11535,0.7662498000249541,,-0.04241867339559835,1
11536,-0.5424779458939853,,0.011985629406583431,1
11537,0.06638993220876531,0.06638993220876531,0.06638993220876531,0
11538,1.202544848460673,1.202544848460673,1.202544848460673,0
11539,-0.10614307709068073,-0.10614307709068073,-0.10614307709068073,0
11540,-0.7523270237026736,-0.7523270237026736,-0.7523270237026736,0
11541,1.863697062127339,1.863697062127339,1.863697062127339,0
11542,-0.17807898533582564,-0.17807898533582564,-0.17807898533582564,0
11543,-0.05708444530373492,-0.05708444530373492,-0.05708444530373492,0
11544,-0.012641985005157537,,-0.12156332796784655,1
11545,0.1511608678058328,,-0.1860422106319582,1
11546,-0.8351391858107209,,-0.25052109329606986,1
11547,-0.35194303003712674,,-0.3149999759601815,1
11548,-1.2589615827439906,,-0.3794788586242931,1
11549,-0.3362668573776116,,-0.44395774128840476,1
11550,-0.5779219245671195,,-0.5084366239525164,1
11551,0.376085826875341,,-0.572915506616628,1
11552,-0.095696083252632,,-0.6373943892807397,1
11553,1.0723700983999347,,-0.7018732719448513,1
11554,-0.766352154608963,-0.766352154608963,-0.766352154608963,0
11555,1.0338438327702069,1.0338438327702069,1.0338438327702069,0
11556,-0.24824240916199203,-0.24824240916199203,-0.24824240916199203,0
11557,-0.20762083858159636,-0.20762083858159636,-0.20762083858159636,0
11558,0.38610983707552426,0.38610983707552426,0.38610983707552426,0
11559,-0.9171598396025741,,0.3774863926788947,1
11560,-1.2256873336301688,,0.3688629482822652,1
11561,2.0760632644565913,,0.36023950388563564,1
11562,0.6382834507717722,,0.3516160594890061,1
11563,1.4648106540953933,,0.34299261509237655,1
11564,0.4260059504528697,,0.334369170695747,1
11565,0.23783556060511418,,0.32574572629911747,1
11566,0.1935022092494299,,0.3171222819024879,1
11567,0.9623841601751473,,0.3084988375058584,1
11568,0.2448337890886416,,0.29987539310922884,1
11569,0.2912519487125993,0.2912519487125993,0.2912519487125993,0
11570,-1.3686377224061532,-1.3686377224061532,-1.3686377224061532,0
11571,1.4286318032859948,1.4286318032859948,1.4286318032859948,0
11572,-0.16298232720413036,,1.2524298228949968,1
11573,0.08374904614773629,,1.0762278425039986,1
11574,-0.11172715578737334,,0.9000258621130005,1
11575,-1.0935412755752356,,0.7238238817220024,1
11576,0.27681712542791126,,0.5476219013310043,1
11577,-0.4202870859377089,,0.3714199209400062,1
11578,-0.5126640402655734,,0.19521794054900798,1
11579,0.9129577078126455,,0.019015960158009992,1
11580,-0.3612720761857156,,-0.157186020232988,1
11581,0.3243452721578823,,-0.3333880006239862,1
11582,-0.5095899810149843,-0.5095899810149843,-0.5095899810149843,0
11583,1.0743136300390723,1.0743136300390723,1.0743136300390723,0
11584,-0.7550471644548192,-0.7550471644548192,-0.7550471644548192,0
11585,1.2400137946027792,1.2400137946027792,1.2400137946027792,0
11586,0.45090522859145094,0.45090522859145094,0.45090522859145094,0
11587,-0.37886710838655396,,0.46167605921562926,1
11588,-0.05831221092683068,,0.47244688983980765,1
11589,-0.3120094087883938,,0.483217720463986,1
11590,-0.7175946818017224,,0.4939885510881643,1
11591,0.574208745396506,,0.5047593817123427,1
11592,0.025966269416019944,,0.5155302123365211,1
11593,-0.4690097389671475,,0.5263010429606994,1
11594,-0.1971374474545026,,0.5370718735848777,1
11595,-1.2633344057672622,,0.5478427042090561,1
11596,-2.4520476358129,,0.5586135348332344,1
11597,0.5693843654574128,0.5693843654574128,0.5693843654574128,0
11598,0.962029944377442,0.962029944377442,0.962029944377442,0
11599,0.07472104774865225,0.07472104774865225,0.07472104774865225,0
11600,-1.1221304485700938,-1.1221304485700938,-1.1221304485700938,0
11601,-0.1384045291799142,-0.1384045291799142,-0.1384045291799142,0
11602,1.2400582379547753,1.2400582379547753,1.2400582379547753,0
11603,-0.09083100123096989,-0.09083100123096989,-0.09083100123096989,0
11604,-1.0101372919315708,-1.0101372919315708,-1.0101372919315708,0
11605,0.7395306268573213,0.7395306268573213,0.7395306268573213,0
11606,-0.5359374839145052,-0.5359374839145052,-0.5359374839145052,0
11607,0.30159113986551417,0.30159113986551417,0.30159113986551417,0
11608,-2.565920696697403,-2.565920696697403,-2.565920696697403,0
11609,-0.524606220798125,-0.524606220798125,-0.524606220798125,0
11610,-1.394871631787729,-1.394871631787729,-1.394871631787729,0
11611,-0.11472796915711936,-0.11472796915711936,-0.11472796915711936,0
11612,0.8405593674543628,0.8405593674543628,0.8405593674543628,0
11613,-0.5160954807794066,-0.5160954807794066,-0.5160954807794066,0
11614,0.2631991901329945,0.2631991901329945,0.2631991901329945,0
11615,0.5710601322486839,0.5710601322486839,0.5710601322486839,0
11616,-0.11555913974937465,-0.11555913974937465,-0.11555913974937465,0
11617,-0.9437008621583415,,-0.10829468591161825,1
11618,-1.1912093516221527,,-0.10103023207386186,1
11619,-0.19534929990119643,,-0.09376577823610548,1
11620,-0.8376013523417132,,-0.08650132439834908,1
11621,-1.081081672632339,,-0.07923687056059268,1
11622,0.021203891002795343,,-0.0719724167228363,1
11623,-1.2580678082360741,,-0.0647079628850799,1
11624,0.21517087205595697,,-0.05744350904732351,1
11625,0.3627823962446613,,-0.050179055209567114,1
11626,-0.9221816075296275,,-0.04291460137181072,1
11627,-0.035650147534054336,-0.035650147534054336,-0.035650147534054336,0
11628,0.32848025060643166,0.32848025060643166,0.32848025060643166,0
11629,-1.5473724490703296,-1.5473724490703296,-1.5473724490703296,0
11630,-1.2520897830289497,-1.2520897830289497,-1.2520897830289497,0
11631,-1.2229697890730524,-1.2229697890730524,-1.2229697890730524,0
11632,-0.5562949319639799,-0.5562949319639799,-0.5562949319639799,0
11633,0.7262182436723239,0.7262182436723239,0.7262182436723239,0
11634,1.3272109029090218,1.3272109029090218,1.3272109029090218,0
11635,0.8487063721828663,0.8487063721828663,0.8487063721828663,0
11636,0.33632066851692405,0.33632066851692405,0.33632066851692405,0
11637,1.6231369139821548,1.6231369139821548,1.6231369139821548,0
11638,-0.3677502466227124,-0.3677502466227124,-0.3677502466227124,0
11639,1.4624110455658101,1.4624110455658101,1.4624110455658101,0
11640,1.083694337780395,1.083694337780395,1.083694337780395,0
11641,0.9049597445866232,0.9049597445866232,0.9049597445866232,0
11642,-0.44273763982858566,-0.44273763982858566,-0.44273763982858566,0
11643,0.3726534617906354,,-0.3199957333208412,1
11644,0.26217391297843884,,-0.19725382681309672,1
11645,1.2528950486390649,,-0.07451192030535225,1
11646,-1.3489517973359577,,0.04822998620239222,1
11647,1.8895415927275723,,0.17097189271013663,1
11648,-0.3335715322962028,,0.29371379921788116,1
11649,0.46912315076209704,,0.4164557057256257,1
11650,-0.23615182808637936,,0.5391976122333701,1
11651,-1.1552256188897922,,0.6619395187411146,1
11652,1.479097327231751,,0.784681425248859,1
11653,0.9074233317566035,0.9074233317566035,0.9074233317566035,0
11654,-1.202650088555247,-1.202650088555247,-1.202650088555247,0
11655,1.2272909635100808,1.2272909635100808,1.2272909635100808,0
11656,1.1422955103096495,1.1422955103096495,1.1422955103096495,0
11657,-2.400416221356051,-2.400416221356051,-2.400416221356051,0
11658,0.6868890535431281,0.6868890535431281,0.6868890535431281,0
11659,-1.3913459982992837,,0.42526259411075273,1
11660,-1.1422399914455486,,0.16363613467837734,1
11661,0.9516723223566848,,-0.09799032475399805,1
11662,0.1362219059829734,,-0.35961678418637344,1
11663,-1.4197831142374162,,-0.6212432436187488,1
11664,1.5093615680315018,,-0.8828697030511242,1
11665,0.5066546903301691,,-1.1444961624834997,1
11666,-0.034241126220553246,,-1.4061226219158751,1
11667,1.6051196054443837,,-1.6677490813482505,1
11668,1.1529707546638097,,-1.929375540780626,1
11669,-2.1910020002130013,-2.1910020002130013,-2.1910020002130013,0
11670,0.41582554141444894,0.41582554141444894,0.41582554141444894,0
11671,0.10348525838375414,0.10348525838375414,0.10348525838375414,0
11672,0.2918467986728666,0.2918467986728666,0.2918467986728666,0
11673,0.8430901357811853,,0.2348775851539825,1
11674,0.6556631863154453,,0.17790837163509837,1
11675,0.8284387182781997,,0.12093915811621428,1
11676,0.6350173376560224,,0.06396994459733016,1
11677,0.8628271472670865,,0.007000731078446065,1
11678,-0.5845594679211705,,-0.049968482440438056,1
11679,-1.3693340215639478,,-0.10693769595932218,1
11680,0.3998078568864805,,-0.1639069094782063,1
11681,-1.9625287697805143,,-0.22087612299709042,1
11682,-0.32043333524228285,,-0.2778453365159745,1
11683,-0.3348145500348586,-0.3348145500348586,-0.3348145500348586,0
11684,1.0468137350703683,1.0468137350703683,1.0468137350703683,0
11685,0.03339461007184753,0.03339461007184753,0.03339461007184753,0
11686,0.39372951710597726,0.39372951710597726,0.39372951710597726,0
11687,-0.05495261132821486,-0.05495261132821486,-0.05495261132821486,0
11688,-0.8945173004417715,-0.8945173004417715,-0.8945173004417715,0
11689,0.2894537681522312,0.2894537681522312,0.2894537681522312,0
11690,-1.077039772113973,-1.077039772113973,-1.077039772113973,0
11691,-0.5811642077523775,-0.5811642077523775,-0.5811642077523775,0
11692,-0.4667320251894063,-0.4667320251894063,-0.4667320251894063,0
11693,-0.1486575789248712,,-0.3425777577061592,1
11694,-0.23707127245624018,,-0.2184234902229121,1
11695,0.8832161002784934,,-0.09426922273966498,1
11696,-1.2865758648805867,,0.029885044743582112,1
11697,0.9785071721895952,,0.15403931222682926,1
11698,-1.5674220527013807,,0.27819357971007636,1
11699,0.07703245207786218,,0.40234784719332345,1
11700,0.2936172365183103,,0.5265021146765705,1
11701,-0.7993141103443463,,0.6506563821598177,1
11702,0.46440804978767936,,0.7748106496430649,1
11703,0.8989649171263118,0.8989649171263118,0.8989649171263118,0
11704,0.9625612787825132,0.9625612787825132,0.9625612787825132,0
11705,1.359236177501359,1.359236177501359,1.359236177501359,0
11706,-1.4840160582206,-1.4840160582206,-1.4840160582206,0
11707,0.5626079320379271,,-1.3084060110930498,1
11708,0.39823553207453577,,-1.1327959639654999,1
11709,0.29056019239951464,,-0.9571859168379497,1
11710,-1.4876843896307639,,-0.7815758697103997,1
11711,-0.02592309689422206,,-0.6059658225828497,1
11712,-0.8521138003660848,,-0.43035577545529957,1
11713,0.6058830387844502,,-0.25474572832774967,1
11714,-0.7908091714005304,,-0.07913568120019954,1
11715,-0.6684569998213904,,0.09647436592735059,1
11716,0.16425641462203558,,0.2720844130549005,1
11717,0.44769446018245074,0.44769446018245074,0.44769446018245074,0
11718,1.2168460534276357,1.2168460534276357,1.2168460534276357,0
11719,-0.17035416368151066,,1.0923095472878894,1
11720,-0.3351181168482597,,0.9677730411481429,1
11721,0.19259070047135607,,0.8432365350083966,1
11722,-0.5512753968649752,,0.7187000288686501,1
11723,-0.6242066687095335,,0.5941635227289037,1
11724,0.14168924436801794,,0.4696270165891574,1
11725,0.2130831706530351,,0.34509051044941097,1
11726,-2.353400095645348,,0.22055400430966454,1
11727,0.1848803454922552,,0.09601749816991823,1
11728,-1.1867176272024142,,-0.028519007969828314,1
11729,-0.1530555141095747,-0.1530555141095747,-0.1530555141095747,0
11730,0.3825351359916341,0.3825351359916341,0.3825351359916341,0
11731,-1.3468009598398778,-1.3468009598398778,-1.3468009598398778,0
11732,0.6431766547211603,0.6431766547211603,0.6431766547211603,0
11733,-1.0479967621993225,-1.0479967621993225,-1.0479967621993225,0
11734,-0.23382175655649878,-0.23382175655649878,-0.23382175655649878,0
11735,0.1923404754553118,0.1923404754553118,0.1923404754553118,0
11736,-0.6026041084187936,-0.6026041084187936,-0.6026041084187936,0
11737,1.6211124626169944,1.6211124626169944,1.6211124626169944,0
11738,-0.23973614808435956,-0.23973614808435956,-0.23973614808435956,0
11739,0.11416863239396276,0.11416863239396276,0.11416863239396276,0
11740,0.6979275333375894,0.6979275333375894,0.6979275333375894,0
11741,0.11352337549769956,,0.5519543191125212,1
11742,0.17649448201320184,,0.4059811048874531,1
11743,0.04478165904553366,,0.26000789066238494,1
11744,0.03224327088862148,,0.1140346764373168,1
11745,-0.56513322724151,,-0.03193853778775135,1
11746,2.2653430305725326,,-0.1779117520128195,1
11747,-0.849683545253145,,-0.32388496623788776,1
11748,-0.22407100759226825,,-0.4698581804629558,1
11749,-1.4135502908473776,,-0.6158313946880238,1
11750,-0.9091857197064668,,-0.7618046089130921,1
11751,-0.9077778231381604,-0.9077778231381604,-0.9077778231381604,0
11752,2.02100271857513,2.02100271857513,2.02100271857513,0
11753,-0.5002194691674263,-0.5002194691674263,-0.5002194691674263,0
11754,1.577319350856203,1.577319350856203,1.577319350856203,0
11755,0.647985975108511,0.647985975108511,0.647985975108511,0
11756,1.2820515841899025,1.2820515841899025,1.2820515841899025,0
11757,-1.8124015864571603,,1.2156168515129964,1
11758,-1.5609417792760512,,1.14918211883609,1
11759,-0.565970283890195,,1.0827473861591839,1
11760,-0.7728961303113067,,1.0163126534822775,1
11761,0.5294940631090449,,0.9498779208053714,1
11762,-0.4967780771986528,,0.8834431881284651,1
11763,0.6788696630017852,,0.8170084554515589,1
11764,-0.2038326107604089,,0.7505737227746526,1
11765,-1.4552284464212193,,0.6841389900977464,1
11766,2.5695987701706176,,0.6177042574208401,1
11767,-1.2922205413773311,,0.5512695247439339,1
11768,-1.1885104861585858,,0.48483479206702773,1
11769,0.7857211956775911,,0.4184000593901215,1
11770,-2.65634541268112,,0.35196532671321523,1
11771,0.24672878506367055,,0.285530594036309,1
11772,-1.2286728045918678,,0.21909586135940273,1
11773,1.3740736235950322,,0.1526611286824966,1
11774,0.36166198426773405,,0.08622639600559023,1
11775,-0.29502198539898,,0.019791663328684095,1
11776,-1.0806873481378334,,-0.046643069348222266,1
11777,-0.11307780202512845,-0.11307780202512845,-0.11307780202512845,0
11778,0.7723693407614792,0.7723693407614792,0.7723693407614792,0
11779,1.0117361261010214,1.0117361261010214,1.0117361261010214,0
11780,0.015258216418245906,0.015258216418245906,0.015258216418245906,0
11781,-1.2281495480412603,-1.2281495480412603,-1.2281495480412603,0
11782,1.2770744969349983,1.2770744969349983,1.2770744969349983,0
11783,1.38062198381059,1.38062198381059,1.38062198381059,0
11784,-0.19770624569852244,,1.1348012829481775,1
11785,-0.18110733932442985,,0.8889805820857649,1
11786,1.0975629308102473,,0.6431598812233523,1
11787,-1.1252542057397823,,0.39733918036093985,1
11788,2.567662680982512,,0.15151847949852737,1
11789,1.7088541831915263,,-0.09430222136388533,1
11790,0.005834946843595913,,-0.3401229222262978,1
11791,-0.2957930488166526,,-0.5859436230887103,1
11792,1.755574366172013,,-0.831764323951123,1
11793,-0.368135007960279,,-1.0775850248135352,1
11794,-1.3234057256759477,-1.3234057256759477,-1.3234057256759477,0
11795,0.04388059374838028,0.04388059374838028,0.04388059374838028,0
11796,1.4385820612665792,1.4385820612665792,1.4385820612665792,0
11797,0.9554630930094263,0.9554630930094263,0.9554630930094263,0
11798,1.6437910486981886,1.6437910486981886,1.6437910486981886,0
11799,-0.11898051350726357,-0.11898051350726357,-0.11898051350726357,0
11800,1.6377669484309931,1.6377669484309931,1.6377669484309931,0
11801,-1.7337171782736074,-1.7337171782736074,-1.7337171782736074,0
11802,-0.16277444766750387,-0.16277444766750387,-0.16277444766750387,0
11803,-1.4818475888563434,-1.4818475888563434,-1.4818475888563434,0
11804,0.86576711501052,0.86576711501052,0.86576711501052,0
11805,1.2797953046669461,1.2797953046669461,1.2797953046669461,0
11806,1.9751324879073446,1.9751324879073446,1.9751324879073446,0
11807,0.06730934980856927,0.06730934980856927,0.06730934980856927,0
11808,1.234996451313074,1.234996451313074,1.234996451313074,0
11809,2.4675107047222213,2.4675107047222213,2.4675107047222213,0
11810,0.20965579323308586,0.20965579323308586,0.20965579323308586,0
11811,-0.7158506456662632,,0.020435299448038152,1
11812,-0.7027876614329086,,-0.16878519433700956,1
11813,-0.3299203936971253,,-0.3580056881220573,1
11814,2.0478690257008374,,-0.5472261819071049,1
11815,0.5498635515221915,,-0.7364466756921526,1
11816,-0.07280870193189158,,-0.9256671694772005,1
11817,-0.20443923654838003,,-1.1148876632622482,1
11818,-0.9015447295579413,,-1.3041081570472959,1
11819,-0.3444421348115247,,-1.4933286508323436,1
11820,0.8380955611105897,,-1.6825491446173912,1
11821,-1.871769638402439,-1.871769638402439,-1.871769638402439,0
11822,0.7767036244606459,0.7767036244606459,0.7767036244606459,0
11823,1.440819363654305,1.440819363654305,1.440819363654305,0
11824,-0.5491928512102212,-0.5491928512102212,-0.5491928512102212,0
11825,-1.866226180469126,-1.866226180469126,-1.866226180469126,0
11826,-1.175565681851544,-1.175565681851544,-1.175565681851544,0
11827,1.353034654363896,1.353034654363896,1.353034654363896,0
11828,0.29650462569561276,0.29650462569561276,0.29650462569561276,0
11829,0.6587116734715662,0.6587116734715662,0.6587116734715662,0
11830,-1.8737315037819857,-1.8737315037819857,-1.8737315037819857,0
11831,0.25046158438201815,0.25046158438201815,0.25046158438201815,0
11832,1.1375138952314008,1.1375138952314008,1.1375138952314008,0
11833,-1.1612046891843784,-1.1612046891843784,-1.1612046891843784,0
11834,1.3004364540365145,1.3004364540365145,1.3004364540365145,0
11835,0.7120096607902725,0.7120096607902725,0.7120096607902725,0
11836,1.2591545508368456,1.2591545508368456,1.2591545508368456,0
11837,1.0655607199454404,1.0655607199454404,1.0655607199454404,0
11838,-1.1185488137892778,-1.1185488137892778,-1.1185488137892778,0
11839,1.4400577605479392,1.4400577605479392,1.4400577605479392,0
11840,-0.7002592688887165,-0.7002592688887165,-0.7002592688887165,0
11841,-0.3142814768474198,-0.3142814768474198,-0.3142814768474198,0
11842,0.10144432991664226,,-0.3783543174235229,1
11843,0.060842529872208895,,-0.44242715799962595,1
11844,-0.6870252087598383,,-0.506499998575729,1
11845,0.3557755051763851,,-0.5705728391518321,1
11846,-0.009076224796791238,,-0.6346456797279352,1
11847,-0.48771302669436273,,-0.6987185203040381,1
11848,0.5457107625172297,,-0.7627913608801412,1
11849,-0.4611857577570745,,-0.8268642014562443,1
11850,-0.3369601727834521,,-0.8909370420323474,1
11851,1.0601857720344705,,-0.9550098826084504,1
11852,-1.0190827231845534,-1.0190827231845534,-1.0190827231845534,0
11853,0.8680409732316233,0.8680409732316233,0.8680409732316233,0
11854,-0.1058085281459578,,0.6776469589607395,1
11855,-0.1454521151861823,,0.4872529446898556,1
11856,0.8026721769227397,,0.2968589304189717,1
11857,-0.5630561412889538,,0.10646491614808784,1
11858,-1.611217088739557,,-0.08392909812279603,1
11859,-0.4573045275680847,,-0.2743231123936799,1
11860,-0.3025620322767181,,-0.46471712666456366,1
11861,0.7921699139627281,,-0.6551111409354476,1
11862,0.030928974759387617,,-0.8455051552063316,1
11863,-0.25074375144572986,,-1.0358991694772155,1
11864,-1.226293183748099,-1.226293183748099,-1.226293183748099,0
11865,1.3888497231684316,1.3888497231684316,1.3888497231684316,0
11866,-0.16204605275553294,-0.16204605275553294,-0.16204605275553294,0
11867,-0.9143634657499874,-0.9143634657499874,-0.9143634657499874,0
11868,-1.3317614839005807,-1.3317614839005807,-1.3317614839005807,0
11869,1.2438040872399685,1.2438040872399685,1.2438040872399685,0
11870,-0.1279033112729051,-0.1279033112729051,-0.1279033112729051,0
11871,1.1243715632448255,1.1243715632448255,1.1243715632448255,0
11872,0.6339733997255395,0.6339733997255395,0.6339733997255395,0
11873,-0.4980013568924501,-0.4980013568924501,-0.4980013568924501,0
11874,-0.3069958642866598,-0.3069958642866598,-0.3069958642866598,0
11875,-1.068426450311107,-1.068426450311107,-1.068426450311107,0
11876,-0.3304437879723916,-0.3304437879723916,-0.3304437879723916,0
11877,0.2716034422121361,0.2716034422121361,0.2716034422121361,0
11878,-1.107996237718365,-1.107996237718365,-1.107996237718365,0
11879,-0.09977240260156463,-0.09977240260156463,-0.09977240260156463,0
11880,-0.09236805577397719,-0.09236805577397719,-0.09236805577397719,0
11881,-0.1318862342296667,-0.1318862342296667,-0.1318862342296667,0
11882,1.3360757110494947,1.3360757110494947,1.3360757110494947,0
11883,1.5363420962347338,1.5363420962347338,1.5363420962347338,0
11884,0.16227588939677756,0.16227588939677756,0.16227588939677756,0
11885,-0.736257487318254,-0.736257487318254,-0.736257487318254,0
11886,-0.22468466294769238,,-0.6990127161327894,1
11887,-0.06820600751456923,,-0.6617679449473246,1
11888,-1.6967871035617172,,-0.62452317376186,1
11889,-0.8395256727878058,,-0.5872784025763953,1
11890,-0.00813964388044457,,-0.5500336313909306,1
11891,-0.9089234193248219,,-0.512788860205466,1
11892,-0.2237536196739105,,-0.4755440890200012,1
11893,-0.6101617382190844,,-0.4382993178345366,1
11894,0.0012149100411369255,,-0.4010545466490719,1
11895,-1.0021987490362814,,-0.3638097754636072,1
11896,-0.3265650042781425,-0.3265650042781425,-0.3265650042781425,0
11897,0.8917202803271362,0.8917202803271362,0.8917202803271362,0
11898,0.14728300291438426,0.14728300291438426,0.14728300291438426,0
11899,0.7768664078384928,,0.15024378915379924,1
11900,0.9541191619126571,,0.15320457539321422,1
11901,-1.4669433471485382,,0.15616536163262917,1
11902,-2.2575522571891264,,0.15912614787204415,1
11903,-0.05484599162268713,,0.16208693411145914,1
11904,-0.05808636446767159,,0.16504772035087412,1
11905,-1.2132745354322554,,0.1680085065902891,1
11906,-0.6703139159026713,,0.17096929282970408,1
11907,0.9602161214592007,,0.17393007906911903,1
11908,0.9409893049833927,,0.176890865308534,1
11909,0.179851651547949,0.179851651547949,0.179851651547949,0
11910,0.866225592841373,0.866225592841373,0.866225592841373,0
11911,-0.015278107273401025,-0.015278107273401025,-0.015278107273401025,0
11912,2.606509179132869,2.606509179132869,2.606509179132869,0
11913,2.036392030614562,2.036392030614562,2.036392030614562,0
11914,0.6359843102563754,0.6359843102563754,0.6359843102563754,0
11915,-0.1060890219111841,-0.1060890219111841,-0.1060890219111841,0
11916,-1.3699225026200827,-1.3699225026200827,-1.3699225026200827,0
11917,-0.06867927776284534,-0.06867927776284534,-0.06867927776284534,0
11918,0.12553124794738482,0.12553124794738482,0.12553124794738482,0
11919,-0.7539909308370134,-0.7539909308370134,-0.7539909308370134,0
11920,-1.0013848815634465,-1.0013848815634465,-1.0013848815634465,0
11921,-1.8313865578217938,-1.8313865578217938,-1.8313865578217938,0
11922,-0.1773050999583081,-0.1773050999583081,-0.1773050999583081,0
11923,1.0155100177003447,,-0.006668768562787669,1
11924,0.7226253467169185,,0.16396756283273276,1
11925,0.05904530419885806,,0.3346038942282532,1
11926,1.5886696075791356,,0.5052402256237736,1
11927,-0.10330782333189321,,0.6758765570192939,1
11928,-0.17747532039649744,,0.8465128884148145,1
11929,1.0795736082831944,,1.017149219810335,1
11930,-1.4029064370585782,,1.1877855512058553,1
11931,1.590816275094326,,1.3584218826013756,1
11932,0.2246086835101792,,1.529058213996896,1
11933,1.6996945453924166,1.6996945453924166,1.6996945453924166,0
11934,-0.7284978146119342,-0.7284978146119342,-0.7284978146119342,0
11935,0.964597133565411,0.964597133565411,0.964597133565411,0
11936,1.854171359129377,1.854171359129377,1.854171359129377,0
11937,-0.6029995851084885,-0.6029995851084885,-0.6029995851084885,0
11938,0.04825851870653584,,-0.5984260907251846,1
11939,0.28175268303406564,,-0.5938525963418808,1
11940,-2.6839794396844163,,-0.5892791019585769,1
11941,0.04110427020654884,,-0.584705607575273,1
11942,1.0174095725541568,,-0.5801321131919691,1
11943,1.112736251080437,,-0.5755586188086653,1
11944,0.5830327220943963,,-0.5709851244253614,1
11945,0.06421358162968405,,-0.5664116300420575,1
11946,0.4649326192028693,,-0.5618381356587536,1
11947,-0.4937236910265568,,-0.5572646412754498,1
11948,-0.5526911468921459,-0.5526911468921459,-0.5526911468921459,0
11949,1.9248668115214385,1.9248668115214385,1.9248668115214385,0
11950,-0.25934213268273604,-0.25934213268273604,-0.25934213268273604,0
11951,-1.7430706261551017,-1.7430706261551017,-1.7430706261551017,0
11952,0.16688030947537233,,-1.6466364693990123,1
11953,0.02141462767033665,,-1.550202312642923,1
11954,-1.1609448322217049,,-1.4537681558868334,1
11955,0.34591728952251843,,-1.357333999130744,1
11956,0.9503070612881289,,-1.2608998423746547,1
11957,-0.8475720846553615,,-1.1644656856185653,1
11958,0.012163914996478389,,-1.068031528862476,1
11959,-0.7880913008537145,,-0.9715973721063865,1
11960,0.28528957809897043,,-0.8751632153502972,1
11961,0.6718833984283363,,-0.7787290585942077,1
11962,-0.6822949018381185,-0.6822949018381185,-0.6822949018381185,0
11963,0.827066723510143,0.827066723510143,0.827066723510143,0
11964,-1.1203672298741865,-1.1203672298741865,-1.1203672298741865,0
11965,0.7566832140379376,0.7566832140379376,0.7566832140379376,0
11966,0.12977198921574615,0.12977198921574615,0.12977198921574615,0
11967,0.7218895392060148,0.7218895392060148,0.7218895392060148,0
11968,-0.7552983445338526,-0.7552983445338526,-0.7552983445338526,0
11969,2.147195432209505,2.147195432209505,2.147195432209505,0
11970,0.6802849098290984,0.6802849098290984,0.6802849098290984,0
11971,-0.31022403231834034,-0.31022403231834034,-0.31022403231834034,0
11972,-1.663884369434987,-1.663884369434987,-1.663884369434987,0
11973,-0.4350308190764064,-0.4350308190764064,-0.4350308190764064,0
11974,-1.2284951550616556,-1.2284951550616556,-1.2284951550616556,0
11975,-0.35951414937098625,-0.35951414937098625,-0.35951414937098625,0
11976,-0.8202449989586561,,-0.2723634626531154,1
11977,-0.767796430876334,,-0.18521277593524452,1
11978,0.7852856220732382,,-0.09806208921737364,1
11979,0.807052525872582,,-0.010911402499502787,1
11980,-0.5143203185891665,,0.07623928421836806,1
11981,-1.3284927805295337,,0.16338997093623897,1
11982,-0.5500002152023986,,0.2505406576541098,1
11983,-0.1253777325619339,,0.3376913443719807,1
11984,-1.633917793678585,,0.4248420310898515,1
11985,0.7683616859573044,,0.5119927178077224,1
11986,0.5991434045255932,0.5991434045255932,0.5991434045255932,0
11987,-0.4225178609047232,-0.4225178609047232,-0.4225178609047232,0
11988,0.3651904055145546,0.3651904055145546,0.3651904055145546,0
11989,-0.3035937169794618,-0.3035937169794618,-0.3035937169794618,0
11990,-0.34802125927338357,,-0.201033882261062,1
11991,-0.6250911887334961,,-0.09847404754266217,1
11992,-0.7797052740329229,,0.004085787175737654,1
11993,0.07012375278410225,,0.10664562189413745,1
11994,-0.8038781195234764,,0.2092054566125373,1
11995,0.5059598836499904,,0.3117652913309371,1
11996,-1.2292442188881818,,0.4143251260493369,1
11997,2.219195042134853,,0.5168849607677367,1
11998,0.3957321067116767,,0.6194447954861365,1
11999,1.6289085900662952,,0.7220046302045364,1
12000,0.8245644649229363,0.8245644649229363,0.8245644649229363,0
12001,-1.649942664886441,-1.649942664886441,-1.649942664886441,0
12002,-0.37637758186896014,-0.37637758186896014,-0.37637758186896014,0
12003,0.5759933997687998,0.5759933997687998,0.5759933997687998,0
12004,0.46629238749351287,0.46629238749351287,0.46629238749351287,0
12005,0.7493578877035599,,0.5071309792200357,1
12006,0.7358280533788142,,0.5479695709465584,1
12007,1.2770615683982254,,0.5888081626730812,1
12008,1.5034655397230887,,0.6296467543996039,1
12009,0.8375897083603617,,0.6704853461261268,1
12010,0.4559379482540759,,0.7113239378526495,1
12011,0.7382511810564394,,0.7521625295791723,1
12012,-0.4669917467225891,,0.7930011213056951,1
12013,1.6173696659103765,,0.8338397130322178,1
12014,-0.5195629325522554,,0.8746783047587405,1
12015,0.9155168964852634,0.9155168964852634,0.9155168964852634,0
12016,0.059722696570643795,0.059722696570643795,0.059722696570643795,0
12017,2.171201425543743,2.171201425543743,2.171201425543743,0
12018,1.1136424244334049,1.1136424244334049,1.1136424244334049,0
12019,0.6249632344705945,0.6249632344705945,0.6249632344705945,0
12020,-0.9347042900134368,-0.9347042900134368,-0.9347042900134368,0
12021,1.4963241753072054,1.4963241753072054,1.4963241753072054,0
12022,0.9116219792447705,0.9116219792447705,0.9116219792447705,0
12023,-0.44571865224976553,-0.44571865224976553,-0.44571865224976553,0
12024,0.28597822744555956,0.28597822744555956,0.28597822744555956,0
12025,1.1439789270040572,1.1439789270040572,1.1439789270040572,0
12026,-0.990505235533251,-0.990505235533251,-0.990505235533251,0
12027,-0.42656570996185167,-0.42656570996185167,-0.42656570996185167,0
12028,-1.0058282985390643,-1.0058282985390643,-1.0058282985390643,0
12029,0.05148355211686824,0.05148355211686824,0.05148355211686824,0
12030,2.6677350767420807,2.6677350767420807,2.6677350767420807,0
12031,-2.1151667577569526,-2.1151667577569526,-2.1151667577569526,0
12032,-0.7925017045343495,-0.7925017045343495,-0.7925017045343495,0
12033,-0.33584772249917483,-0.33584772249917483,-0.33584772249917483,0
12034,-2.5307101108612287,-2.5307101108612287,-2.5307101108612287,0
12035,1.6632681767879987,1.6632681767879987,1.6632681767879987,0
12036,2.0949187353336556,2.0949187353336556,2.0949187353336556,0
12037,1.4706527751046723,1.4706527751046723,1.4706527751046723,0
12038,-0.7778528928519256,-0.7778528928519256,-0.7778528928519256,0
12039,0.18561802201350353,0.18561802201350353,0.18561802201350353,0
12040,0.7587376400613353,0.7587376400613353,0.7587376400613353,0
12041,-1.1663966091572604,-1.1663966091572604,-1.1663966091572604,0
12042,0.8264787029725217,0.8264787029725217,0.8264787029725217,0
12043,0.17409169349715864,0.17409169349715864,0.17409169349715864,0
12044,-1.0091189579039475,-1.0091189579039475,-1.0091189579039475,0
12045,0.9335583024453558,0.9335583024453558,0.9335583024453558,0
12046,-0.15811290816888274,-0.15811290816888274,-0.15811290816888274,0
12047,-0.47024242313556547,-0.47024242313556547,-0.47024242313556547,0
12048,-0.8451257983313241,,-0.33031940891740386,1
12049,-0.6297196121199691,,-0.1903963946992422,1
12050,-1.3773333143329674,,-0.050473380481080576,1
12051,-0.7337520986871238,,0.08944963373708109,1
12052,0.055718054106798316,,0.22937264795524276,1
12053,-0.09808246349648693,,0.3692956621734043,1
12054,-1.4985389494667463,,0.509218676391566,1
12055,-0.9085985665702235,,0.6491416906097276,1
12056,-0.9187941718953962,,0.7890647048278892,1
12057,-0.43471727963635787,,0.9289877190460509,1
12058,1.0689107332642125,1.0689107332642125,1.0689107332642125,0
12059,1.6118691539204595,1.6118691539204595,1.6118691539204595,0
12060,-0.6255602704806026,-0.6255602704806026,-0.6255602704806026,0
12061,1.2775966132636871,,-0.5960937505624697,1
12062,1.0443733041024768,,-0.5666272306443368,1
12063,-0.021251301826494932,,-0.537160710726204,1
12064,-2.266295762382449,,-0.5076941908080711,1
12065,0.16584861433665374,,-0.4782276708899382,1
12066,-0.8801340637123006,,-0.4487611509718053,1
12067,0.6783993339544584,,-0.4192946310536724,1
12068,-0.323820514519033,,-0.3898281111355395,1
12069,-1.0191595195437444,,-0.36036159121740663,1
12070,0.8711700515625539,,-0.33089507129927376,1
12071,-0.3014285513811409,-0.3014285513811409,-0.3014285513811409,0
12072,0.12327720131309201,,-0.2787043434060205,1
12073,0.289176634396841,,-0.25598013543090015,1
12074,-1.0100395000023927,,-0.23325592745577983,1
12075,-1.039543993047577,,-0.21053171948065946,1
12076,-1.1004470856904964,,-0.1878075115055391,1
12077,0.5380526302563203,,-0.16508330353041875,1
12078,0.4390229328876615,,-0.1423590955552984,1
12079,-0.29014248946595067,,-0.11963488758017804,1
12080,-1.2844373668629474,,-0.09691067960505767,1
12081,-0.7869680539690154,,-0.07418647162993733,1
12082,-0.05146226365481695,-0.05146226365481695,-0.05146226365481695,0
12083,0.08321770303034455,0.08321770303034455,0.08321770303034455,0
12084,0.9608790600423902,0.9608790600423902,0.9608790600423902,0
12085,-1.745433799319865,-1.745433799319865,-1.745433799319865,0
12086,0.3819621897422955,,-1.5277463518023264,1
12087,0.6953249005429464,,-1.3100589042847877,1
12088,0.3289591965271113,,-1.092371456767249,1
12089,-1.62825520665239,,-0.8746840092497103,1
12090,-0.2830108698470308,,-0.6569965617321716,1
12091,1.6520858666086389,,-0.43930911421463303,1
12092,1.316555186325904,,-0.2216216666970945,1
12093,1.0405103599934904,,-0.00393421917955572,1
12094,-0.47346807484527703,,0.21375322833798305,1
12095,-0.9957508709798191,,0.4314406758555218,1
12096,0.6491281233730604,0.6491281233730604,0.6491281233730604,0
12097,0.24987596602528941,0.24987596602528941,0.24987596602528941,0
12098,0.10251791727526201,0.10251791727526201,0.10251791727526201,0
12099,0.2699934295390292,0.2699934295390292,0.2699934295390292,0
12100,-0.24450107001332108,,0.1706332743789724,1
12101,-0.23872926053705404,,0.07127311921891558,1
12102,-1.1595527210787582,,-0.02808703594114126,1
12103,0.5274930563921021,,-0.12744719110119807,1
12104,2.108146331878309,,-0.22680734626125487,1
12105,-0.043802179938608646,,-0.32616750142131173,1
12106,-0.2841778243565483,,-0.42552765658136854,1
12107,0.257550300509373,,-0.5248878117414253,1
12108,-0.9560251526583877,,-0.6242479669014822,1
12109,0.5575888319928365,,-0.7236081220615389,1
12110,-0.8229682772215957,-0.8229682772215957,-0.8229682772215957,0
12111,0.28858757604206425,0.28858757604206425,0.28858757604206425,0
12112,-0.6372180446936805,-0.6372180446936805,-0.6372180446936805,0
12113,-0.24366858965706864,-0.24366858965706864,-0.24366858965706864,0
12114,1.58691150835622,1.58691150835622,1.58691150835622,0
12115,-1.5852802875489698,-1.5852802875489698,-1.5852802875489698,0
12116,0.5928475957369265,0.5928475957369265,0.5928475957369265,0
12117,1.3614019867354745,,0.5780354061481379,1
12118,1.3776925077156599,,0.5632232165593494,1
12119,-1.6010581516315747,,0.5484110269705608,1
12120,-1.8806868999502668,,0.5335988373817723,1
12121,1.1460396373254564,,0.5187866477929837,1
12122,-1.9191644389167948,,0.5039744582041952,1
12123,-0.4956983944007112,,0.48916226861540657,1
12124,-0.7297419859284502,,0.47435007902661797,1
12125,-0.2156696318472652,,0.45953788943782947,1
12126,-0.8529696588923246,,0.44472569984904087,1
12127,0.4299135102602523,0.4299135102602523,0.4299135102602523,0
12128,-1.177975682187969,-1.177975682187969,-1.177975682187969,0
12129,0.8572988010233471,0.8572988010233471,0.8572988010233471,0
12130,0.44539679512090086,0.44539679512090086,0.44539679512090086,0
12131,-0.6759798439239336,-0.6759798439239336,-0.6759798439239336,0
12132,0.43174469914912134,0.43174469914912134,0.43174469914912134,0
12133,0.8605781194566096,0.8605781194566096,0.8605781194566096,0
12134,-0.011737329546701114,-0.011737329546701114,-0.011737329546701114,0
12135,0.30077572522958124,0.30077572522958124,0.30077572522958124,0
12136,-0.7246036566266438,-0.7246036566266438,-0.7246036566266438,0
12137,-0.6623964164727458,-0.6623964164727458,-0.6623964164727458,0
12138,1.401628676196413,,-0.518009223905572,1
12139,1.5426160511957663,,-0.3736220313383982,1
12140,-1.4575143456665218,,-0.22923483877122441,1
12141,0.5819165762870072,,-0.08484764620405061,1
12142,0.9270249970478189,,0.0595395463631232,1
12143,0.6327043484918192,,0.203926738930297,1
12144,1.164036129984489,,0.3483139314974708,1
12145,-0.20925562663658315,,0.4927011240646446,1
12146,-0.9919705188422314,,0.6370883166318184,1
12147,0.04846138949973976,,0.7814755091989922,1
12148,0.925862701766166,0.925862701766166,0.925862701766166,0
12149,1.3327829199594614,1.3327829199594614,1.3327829199594614,0
12150,0.9592719960936018,0.9592719960936018,0.9592719960936018,0
12151,1.375267978762824,1.375267978762824,1.375267978762824,0
12152,0.503215751868579,0.503215751868579,0.503215751868579,0
12153,0.24108397990073732,0.24108397990073732,0.24108397990073732,0
12154,-0.3578324642939686,-0.3578324642939686,-0.3578324642939686,0
12155,0.03320293946327262,0.03320293946327262,0.03320293946327262,0
12156,0.9470755927906446,0.9470755927906446,0.9470755927906446,0
12157,0.15125321812698264,0.15125321812698264,0.15125321812698264,0
12158,0.7565593737413949,0.7565593737413949,0.7565593737413949,0
12159,-0.03246493688939226,-0.03246493688939226,-0.03246493688939226,0
12160,0.4233433356356749,0.4233433356356749,0.4233433356356749,0
12161,-0.5380503743442167,,0.5168547645780304,1
12162,-0.4000177910233174,,0.6103661935203859,1
12163,-0.5300340110518666,,0.7038776224627414,1
12164,0.6692526869423425,,0.7973890514050969,1
12165,0.27199441698170473,,0.8909004803474523,1
12166,-1.007313149643752,,0.9844119092898078,1
12167,-0.271901679756076,,1.0779233382321634,1
12168,-0.20137535685306993,,1.1714347671745189,1
12169,-0.8798629396510185,,1.2649461961168744,1
12170,-1.2888528450325754,,1.3584576250592297,1
12171,1.4519690540015853,1.4519690540015853,1.4519690540015853,0
12172,0.5092685838873966,0.5092685838873966,0.5092685838873966,0
12173,-1.0478389258411451,-1.0478389258411451,-1.0478389258411451,0
12174,0.5443781457096816,0.5443781457096816,0.5443781457096816,0
12175,-0.7195431512090523,-0.7195431512090523,-0.7195431512090523,0
12176,-1.14694497520671,-1.14694497520671,-1.14694497520671,0
12177,-0.6385660150897394,-0.6385660150897394,-0.6385660150897394,0
12178,-0.6075544022624612,-0.6075544022624612,-0.6075544022624612,0
12179,-0.3419479335632344,-0.3419479335632344,-0.3419479335632344,0
12180,0.6167683743543615,0.6167683743543615,0.6167683743543615,0
12181,0.9524013983680432,0.9524013983680432,0.9524013983680432,0
12182,0.9428125989312512,0.9428125989312512,0.9428125989312512,0
12183,1.32391356315273,1.32391356315273,1.32391356315273,0
12184,-0.3548453397399294,-0.3548453397399294,-0.3548453397399294,0
12185,-0.7282048309613102,-0.7282048309613102,-0.7282048309613102,0
12186,-0.170997004178926,-0.170997004178926,-0.170997004178926,0
12187,-0.19188470558688142,-0.19188470558688142,-0.19188470558688142,0
12188,0.2518440013233043,0.2518440013233043,0.2518440013233043,0
12189,-0.952606418280451,-0.952606418280451,-0.952606418280451,0
12190,1.090727846721667,1.090727846721667,1.090727846721667,0
12191,-0.15655603356214495,-0.15655603356214495,-0.15655603356214495,0
12192,-0.054176808087270274,-0.054176808087270274,-0.054176808087270274,0
12193,0.4044793355731064,0.4044793355731064,0.4044793355731064,0
12194,0.08635704773713442,,0.47216949444287526,1
12195,0.28565916646934747,,0.5398596533126441,1
12196,0.6324342678115918,,0.607549812182413,1
12197,-1.3468335433523984,,0.6752399710521819,1
12198,-1.8668809863793647,,0.7429301299219507,1
12199,-1.6095453186264117,,0.8106202887917195,1
12200,1.0949747982763487,,0.8783104476614885,1
12201,-0.310778261684427,,0.9460006065312574,1
12202,-1.533140280926438,,1.0136907654010263,1
12203,-0.07486447500813175,,1.081380924270795,1
12204,1.149071083140564,1.149071083140564,1.149071083140564,0
12205,0.6350775306502265,0.6350775306502265,0.6350775306502265,0
12206,-0.5418948432060081,-0.5418948432060081,-0.5418948432060081,0
12207,-0.08768317118784895,-0.08768317118784895,-0.08768317118784895,0
12208,1.2861242842223728,1.2861242842223728,1.2861242842223728,0
12209,-2.4143739070645833,-2.4143739070645833,-2.4143739070645833,0
12210,1.0649563306022973,1.0649563306022973,1.0649563306022973,0
12211,0.3228698268128971,,0.9398475677171053,1
12212,0.6753220605344418,,0.8147388048319133,1
12213,1.3530776933278368,,0.6896300419467213,1
12214,0.01629571511281889,,0.5645212790615293,1
12215,-0.5541518445027017,,0.43941251617633725,1
12216,0.39662395565740155,,0.31430375329114524,1
12217,0.586500683009455,,0.18919499040595322,1
12218,-0.7836673148005965,,0.06408622752076121,1
12219,0.4887880144401206,,-0.0610225353644307,1
12220,-1.3468635132471354,,-0.18613129824962282,1
12221,-0.31124006113481467,-0.31124006113481467,-0.31124006113481467,0
12222,-1.5410434403640563,-1.5410434403640563,-1.5410434403640563,0
12223,0.12110704795665417,0.12110704795665417,0.12110704795665417,0
12224,0.572134912239984,0.572134912239984,0.572134912239984,0
12225,-0.08265821449760646,-0.08265821449760646,-0.08265821449760646,0
12226,-0.6977103870867869,-0.6977103870867869,-0.6977103870867869,0
12227,0.482801606495654,0.482801606495654,0.482801606495654,0
12228,-0.5203687424611348,-0.5203687424611348,-0.5203687424611348,0
12229,0.6451539725612161,0.6451539725612161,0.6451539725612161,0
12230,-0.8735599623562764,-0.8735599623562764,-0.8735599623562764,0
12231,0.5365799138081578,0.5365799138081578,0.5365799138081578,0
12232,1.2780430517013888,,0.5614854825779432,1
12233,1.1537703376798674,,0.5863910513477284,1
12234,0.7209309709680652,,0.6112966201175137,1
12235,-0.41763884987369815,,0.636202188887299,1
12236,1.3260085803769899,,0.6611077576570843,1
12237,-1.3615257376496415,,0.6860133264268695,1
12238,1.466639663775341,,0.7109188951966549,1
12239,-0.6960160054302064,,0.7358244639664401,1
12240,-0.35136676719292637,,0.7607300327362254,1
12241,-0.7393078759990138,,0.7856356015060106,1
12242,0.810541170275796,0.810541170275796,0.810541170275796,0
12243,-1.2767353230338405,-1.2767353230338405,-1.2767353230338405,0
12244,-0.08195021848003727,-0.08195021848003727,-0.08195021848003727,0
12245,0.008190267070799928,0.008190267070799928,0.008190267070799928,0
12246,-1.260241888583699,-1.260241888583699,-1.260241888583699,0
12247,-1.2666452092105767,-1.2666452092105767,-1.2666452092105767,0
12248,-0.3872062713358564,-0.3872062713358564,-0.3872062713358564,0
12249,-1.2485383691986924,-1.2485383691986924,-1.2485383691986924,0
12250,-1.1896693258941504,-1.1896693258941504,-1.1896693258941504,0
12251,0.8535519573612352,0.8535519573612352,0.8535519573612352,0
12252,-0.0712907983485287,-0.0712907983485287,-0.0712907983485287,0
12253,0.03023882311991726,0.03023882311991726,0.03023882311991726,0
12254,0.020842223640642484,0.020842223640642484,0.020842223640642484,0
12255,-1.2796937109234259,-1.2796937109234259,-1.2796937109234259,0
12256,-0.6158190155481438,-0.6158190155481438,-0.6158190155481438,0
12257,0.45417441460492847,,-0.7335782908663265,1
12258,0.4072380964544402,,-0.8513375661845093,1
12259,0.4678136227668702,,-0.9690968415026919,1
12260,-0.2884890529008847,,-1.0868561168208748,1
12261,0.9149893774037451,,-1.2046153921390574,1
12262,1.5198428560474022,,-1.32237466745724,1
12263,0.4568649139464683,,-1.440133942775423,1
12264,-0.8914889077287721,,-1.5578932180936058,1
12265,0.45092229438333653,,-1.6756524934117885,1
12266,1.0753288996001669,,-1.793411768729971,1
12267,-1.911171044048154,-1.911171044048154,-1.911171044048154,0
12268,0.7603636953542346,0.7603636953542346,0.7603636953542346,0
12269,-1.8254519877946325,-1.8254519877946325,-1.8254519877946325,0
12270,0.5848306078382892,0.5848306078382892,0.5848306078382892,0
12271,-0.11897323761301838,-0.11897323761301838,-0.11897323761301838,0
12272,-0.9971082511357596,-0.9971082511357596,-0.9971082511357596,0
12273,1.0348757575908103,1.0348757575908103,1.0348757575908103,0
12274,-0.7416194194973178,,1.0809251894467145,1
12275,-0.7865944445163697,,1.1269746213026184,1
12276,-0.5039036683755603,,1.1730240531585225,1
12277,0.16975003870228958,,1.2190734850144267,1
12278,-0.3431655926775536,,1.2651229168703306,1
12279,-0.4896430865998564,,1.3111723487262348,1
12280,0.3994627136497618,,1.357221780582139,1
12281,-1.125652679154263,,1.4032712124380429,1
12282,0.4110535467981447,,1.4493206442939468,1
12283,0.813630681227384,,1.495370076149851,1
12284,1.5414195080057551,1.5414195080057551,1.5414195080057551,0
12285,-0.6992575538310399,-0.6992575538310399,-0.6992575538310399,0
12286,0.6100368427256264,0.6100368427256264,0.6100368427256264,0
12287,-0.6342016631550627,-0.6342016631550627,-0.6342016631550627,0
12288,0.388875896899014,0.388875896899014,0.388875896899014,0
12289,-0.49315504981132213,-0.49315504981132213,-0.49315504981132213,0
12290,1.6505751984925499,1.6505751984925499,1.6505751984925499,0
12291,0.00016157934111830075,0.00016157934111830075,0.00016157934111830075,0
12292,1.869656105985758,1.869656105985758,1.869656105985758,0
12293,0.5359127362808486,0.5359127362808486,0.5359127362808486,0
12294,0.7311032356729391,0.7311032356729391,0.7311032356729391,0
12295,-0.13849138826746238,-0.13849138826746238,-0.13849138826746238,0
12296,2.104603800328003,2.104603800328003,2.104603800328003,0
12297,0.25555393806779464,0.25555393806779464,0.25555393806779464,0
12298,-2.8040986342277554,-2.8040986342277554,-2.8040986342277554,0
12299,-0.9635166938545633,-0.9635166938545633,-0.9635166938545633,0
12300,-0.6763166277686566,-0.6763166277686566,-0.6763166277686566,0
12301,0.3631894764427425,0.3631894764427425,0.3631894764427425,0
12302,-0.6789162160199246,-0.6789162160199246,-0.6789162160199246,0
12303,2.0121431008029753,2.0121431008029753,2.0121431008029753,0
12304,-0.30246683537284386,-0.30246683537284386,-0.30246683537284386,0
12305,0.20468792833456684,0.20468792833456684,0.20468792833456684,0
12306,1.4576566294585653,1.4576566294585653,1.4576566294585653,0
12307,0.15628022680632284,0.15628022680632284,0.15628022680632284,0
12308,-0.8343710755505921,-0.8343710755505921,-0.8343710755505921,0
12309,-0.7264502677953936,,-0.8113052444428004,1
12310,-0.47922485496797285,,-0.7882394133350086,1
12311,-0.9953895564545177,,-0.7651735822272169,1
12312,-0.791493470283843,,-0.7421077511194252,1
12313,1.5615589286293958,,-0.7190419200116335,1
12314,1.2383197817219826,,-0.6959760889038417,1
12315,-0.17577304477686953,,-0.67291025779605,1
12316,0.2749463773379433,,-0.6498444266882583,1
12317,0.7609947428570728,,-0.6267785955804666,1
12318,3.1135746462927996,,-0.6037127644726747,1
12319,-0.580646933364883,-0.580646933364883,-0.580646933364883,0
12320,0.8558910542471276,0.8558910542471276,0.8558910542471276,0
12321,0.010210258277975589,0.010210258277975589,0.010210258277975589,0
12322,-0.43310674191330606,-0.43310674191330606,-0.43310674191330606,0
12323,-1.6830810345426128,-1.6830810345426128,-1.6830810345426128,0
12324,0.5528516734431901,0.5528516734431901,0.5528516734431901,0
12325,-1.1735233392682416,-1.1735233392682416,-1.1735233392682416,0
12326,1.7448101266689608,1.7448101266689608,1.7448101266689608,0
12327,0.4277946703728751,0.4277946703728751,0.4277946703728751,0
12328,-0.45736164740196916,,0.41698353840726593,1
12329,-0.24507912176823798,,0.4061724064416567,1
12330,-1.236973799885028,,0.3953612744760475,1
12331,0.11485554763729251,,0.3845501425104383,1
12332,-1.2313021129955386,,0.3737390105448291,1
12333,0.072567754948332,,0.3629278785792199,1
12334,0.3790675685413475,,0.3521167466136107,1
12335,-0.8963739308676002,,0.34130561464800147,1
12336,0.5657318455687727,,0.3304944826823923,1
12337,1.6886499764612373,,0.31968335071678305,1
12338,0.3088722187511739,0.3088722187511739,0.3088722187511739,0
12339,-0.3415312061179117,-0.3415312061179117,-0.3415312061179117,0
12340,0.03242188251662767,0.03242188251662767,0.03242188251662767,0
12341,-0.08358492756071904,,0.1940508470983074,1
12342,-0.4358290579959367,,0.3556798116799871,1
12343,0.8818027980795626,,0.5173087762616668,1
12344,-0.4231086307342402,,0.6789377408433466,1
12345,0.3152732753948992,,0.8405667054250263,1
12346,-0.5603263741189412,,1.0021956700067058,1
12347,0.4891970898159841,,1.1638246345883856,1
12348,-0.17713130545034358,,1.3254535991700653,1
12349,-0.07953115281820448,,1.487082563751745,1
12350,0.2981566830579862,,1.6487115283334248,1
12351,1.8103404929151046,1.8103404929151046,1.8103404929151046,0
12352,-0.5473285787356005,,1.6094718093091065,1
12353,-0.7924040159825464,,1.4086031257031084,1
12354,0.23143336727139527,,1.2077344420971103,1
12355,2.9417594409277386,,1.0068657584911125,1
12356,2.71693854305854,,0.8059970748851144,1
12357,-0.07526805914352792,,0.6051283912791163,1
12358,-0.455595166799957,,0.40425970767311825,1
12359,-0.7994870136852361,,0.20339102406712017,1
12360,0.6082044663216799,,0.0025223404611220968,1
12361,0.07897567178744723,,-0.19834634314487576,1
12362,-0.3992150267508741,-0.3992150267508741,-0.3992150267508741,0
12363,-0.009592424394882526,-0.009592424394882526,-0.009592424394882526,0
12364,-0.48533116406312143,-0.48533116406312143,-0.48533116406312143,0
12365,-1.8461012197644158,-1.8461012197644158,-1.8461012197644158,0
12366,0.8095096771339091,0.8095096771339091,0.8095096771339091,0
12367,0.351444872776956,0.351444872776956,0.351444872776956,0
12368,0.3826545176765028,,0.2443544263972171,1
12369,0.24974916543193038,,0.1372639800174782,1
12370,-2.0805251137700016,,0.03017353363773928,1
12371,0.14307662351474248,,-0.07691691274199963,1
12372,1.0951963141277066,,-0.1840073591217385,1
12373,1.3036147792291846,,-0.29109780550147746,1
12374,0.40321396266288195,,-0.3981882518812164,1
12375,0.36643629125760346,,-0.5052786982609553,1
12376,-0.633356225537146,,-0.6123691446406941,1
12377,-0.20814143496742493,,-0.719459591020433,1
12378,-0.8265500374001721,-0.8265500374001721,-0.8265500374001721,0
12379,0.8008895374470569,0.8008895374470569,0.8008895374470569,0
12380,-0.6882907978664327,-0.6882907978664327,-0.6882907978664327,0
12381,2.109260131156793,2.109260131156793,2.109260131156793,0
12382,-2.2970568588144182,-2.2970568588144182,-2.2970568588144182,0
12383,-0.0950982397264646,-0.0950982397264646,-0.0950982397264646,0
12384,0.7579970455098531,0.7579970455098531,0.7579970455098531,0
12385,0.2100649724705149,0.2100649724705149,0.2100649724705149,0
12386,0.9312558938786826,0.9312558938786826,0.9312558938786826,0
12387,1.0707213198816152,1.0707213198816152,1.0707213198816152,0
12388,0.47726304353083526,0.47726304353083526,0.47726304353083526,0
12389,-0.5392756305560277,-0.5392756305560277,-0.5392756305560277,0
12390,0.034934506380234875,,-0.4894532581009923,1
12391,-0.05282319543071278,,-0.4396308856459569,1
12392,2.241282204568324,,-0.3898085131909215,1
12393,0.3742743041632058,,-0.3399861407358862,1
12394,0.5076499484894557,,-0.2901637682808508,1
12395,0.4802727280004477,,-0.24034139582581537,1
12396,-0.06361771645968646,,-0.19051902337078003,1
12397,0.09954415188375683,,-0.14069665091574463,1
12398,1.31836390214386,,-0.09087427846070922,1
12399,0.9526261237365179,,-0.04105190600567388,1
12400,0.008770466449361547,0.008770466449361547,0.008770466449361547,0
12401,-2.1292035558229614,-2.1292035558229614,-2.1292035558229614,0
12402,0.7203354262017784,0.7203354262017784,0.7203354262017784,0
12403,0.3549618528177649,0.3549618528177649,0.3549618528177649,0
12404,1.2502977903602897,1.2502977903602897,1.2502977903602897,0
12405,0.94979445888607,0.94979445888607,0.94979445888607,0
12406,-0.05167644259642127,-0.05167644259642127,-0.05167644259642127,0
12407,-0.6804956744474692,-0.6804956744474692,-0.6804956744474692,0
12408,-0.7156289211838002,,-0.5946005989675076,1
12409,-0.6019710555083412,,-0.508705523487546,1
12410,0.8909948626071038,,-0.42281044800758455,1
12411,0.23127004084384925,,-0.336915372527623,1
12412,0.4976269937259785,,-0.25102029704766143,1
12413,1.77339040138591,,-0.16512522156769993,1
12414,-2.2370000842482476,,-0.07923014608773837,1
12415,0.49027477745042347,,0.0066649293922231845,1
12416,-0.6969142423188583,,0.09256000487218474,1
12417,-0.82442748109799,,0.1784550803521463,1
12418,0.2643501558321078,0.2643501558321078,0.2643501558321078,0
12419,0.179579355156749,0.179579355156749,0.179579355156749,0
12420,-0.3537692511526113,-0.3537692511526113,-0.3537692511526113,0
12421,-0.8220007651678338,-0.8220007651678338,-0.8220007651678338,0
12422,-0.0022248115005946405,-0.0022248115005946405,-0.0022248115005946405,0
12423,-0.766613185435488,-0.766613185435488,-0.766613185435488,0
12424,-2.3164275386423836,-2.3164275386423836,-2.3164275386423836,0
12425,-1.0436457112919364,-1.0436457112919364,-1.0436457112919364,0
12426,1.9599723105370748,1.9599723105370748,1.9599723105370748,0
12427,-0.9554638756052264,-0.9554638756052264,-0.9554638756052264,0
12428,1.0852179839302467,,-0.7555298720902249,1
12429,1.033552643939396,,-0.5555958685752234,1
12430,0.57472305515255,,-0.3556618650602219,1
12431,-0.11611564311392582,,-0.15572786154522045,1
12432,0.43897690664778827,,0.04420614196978101,1
12433,-0.25007914488075317,,0.24414014548478258,1
12434,0.698129364662489,,0.44407414899978404,1
12435,-0.19388308071472438,,0.6440081525147855,1
12436,1.6043645111547766,,0.843942156029787,1
12437,-0.7702410040435658,,1.0438761595447885,1
12438,1.24381016305979,1.24381016305979,1.24381016305979,0
12439,-0.15270883799696355,-0.15270883799696355,-0.15270883799696355,0
12440,1.391701616026392,1.391701616026392,1.391701616026392,0
12441,0.3240721589169932,0.3240721589169932,0.3240721589169932,0
12442,-0.583701399504962,-0.583701399504962,-0.583701399504962,0
12443,1.2477023748842337,1.2477023748842337,1.2477023748842337,0
12444,0.5629550209902698,,1.0981996050751395,1
12445,0.723417463282085,,0.9486968352660452,1
12446,-0.041691097361433394,,0.799194065456951,1
12447,-2.1294980638697187,,0.6496912956478568,1
12448,0.06909328945355732,,0.5001885258387625,1
12449,-0.7426396865702081,,0.35068575602966834,1
12450,-1.9863887425497821,,0.20118298622057407,1
12451,0.21611007165055507,,0.051680216411479796,1
12452,-0.2965695379732971,,-0.09782255339761448,1
12453,0.22972507027927264,,-0.24732532320670875,1
12454,-0.3968280930158029,-0.3968280930158029,-0.3968280930158029,0
12455,0.9935527318929368,,-0.4908925290812962,1
12456,1.0744409409979108,,-0.5849569651467895,1
12457,-0.9583417817538584,,-0.6790214012122828,1
12458,0.5550584632774587,,-0.773085837277776,1
12459,0.390354509930995,,-0.8671502733432694,1
12460,-0.7880911461381324,,-0.9612147094087626,1
12461,-1.5769549600686021,,-1.0552791454742558,1
12462,0.421190617966857,,-1.1493435815397492,1
12463,-0.18443828444001634,,-1.2434080176052427,1
12464,0.18052936321954383,,-1.3374724536707359,1
12465,-1.431536889736229,-1.431536889736229,-1.431536889736229,0
12466,0.8524564183534588,0.8524564183534588,0.8524564183534588,0
12467,-0.8565692447162069,-0.8565692447162069,-0.8565692447162069,0
12468,-1.4841778172181161,-1.4841778172181161,-1.4841778172181161,0
12469,0.0832730453710506,0.0832730453710506,0.0832730453710506,0
12470,-1.1170704645818348,-1.1170704645818348,-1.1170704645818348,0
12471,-0.8104829394042997,-0.8104829394042997,-0.8104829394042997,0
12472,-0.8719938282916485,-0.8719938282916485,-0.8719938282916485,0
12473,-0.302939971669201,-0.302939971669201,-0.302939971669201,0
12474,0.04295719405273491,0.04295719405273491,0.04295719405273491,0
12475,1.8251893890614312,1.8251893890614312,1.8251893890614312,0
12476,-0.568836346590845,-0.568836346590845,-0.568836346590845,0
12477,-0.10512926477806783,-0.10512926477806783,-0.10512926477806783,0
12478,-0.6532789311441028,-0.6532789311441028,-0.6532789311441028,0
12479,0.23947255191934788,0.23947255191934788,0.23947255191934788,0
12480,-0.4662797129826656,-0.4662797129826656,-0.4662797129826656,0
12481,1.5325357927563414,1.5325357927563414,1.5325357927563414,0
12482,-1.0280163628712131,,1.4998190775208273,1
12483,-0.8551631749879725,,1.4671023622853132,1
12484,0.8267613711700211,,1.4343856470497989,1
12485,-0.1237226014116436,,1.4016689318142848,1
12486,-1.18615796338672,,1.3689522165787706,1
12487,1.058805504838029,,1.3362355013432565,1
12488,-0.5612206808724494,,1.3035187861077424,1
12489,0.4201884379270199,,1.2708020708722283,1
12490,-0.1753185070773843,,1.238085355636714,1
12491,-0.4440120287430789,,1.2053686404011998,1
12492,1.1726519251656857,1.1726519251656857,1.1726519251656857,0
12493,-1.9537664227805935,-1.9537664227805935,-1.9537664227805935,0
12494,-0.01596682240447617,-0.01596682240447617,-0.01596682240447617,0
12495,-0.8324541098456875,-0.8324541098456875,-0.8324541098456875,0
12496,-1.192131572261618,-1.192131572261618,-1.192131572261618,0
12497,2.1671771157202784,2.1671771157202784,2.1671771157202784,0
12498,0.8341756389554978,0.8341756389554978,0.8341756389554978,0
12499,0.016637806935193622,0.016637806935193622,0.016637806935193622,0
12500,-1.3310635095555732,-1.3310635095555732,-1.3310635095555732,0
12501,1.2903914873558635,1.2903914873558635,1.2903914873558635,0
12502,-0.38320687929646996,-0.38320687929646996,-0.38320687929646996,0
12503,-0.939119988625071,-0.939119988625071,-0.939119988625071,0
12504,-1.5941163580840216,-1.5941163580840216,-1.5941163580840216,0
12505,-0.30031791008964365,-0.30031791008964365,-0.30031791008964365,0
12506,-1.1415127933039786,-1.1415127933039786,-1.1415127933039786,0
12507,-0.8482040111258635,-0.8482040111258635,-0.8482040111258635,0
12508,-1.4227777176146965,-1.4227777176146965,-1.4227777176146965,0
12509,-0.13609520005351788,-0.13609520005351788,-0.13609520005351788,0
12510,-0.6304001387056957,-0.6304001387056957,-0.6304001387056957,0
12511,-0.03430861942087424,-0.03430861942087424,-0.03430861942087424,0
12512,-1.0535925762159695,,-0.1667432241232062,1
12513,-0.7061438253576221,,-0.2991778288255381,1
12514,1.476748834642139,,-0.43161243352787015,1
12515,0.25642347562042106,,-0.5640470382302021,1
12516,-0.7912715593535671,,-0.696481642932534,1
12517,-1.0269505817448075,,-0.828916247634866,1
12518,-0.5134317976647794,,-0.961350852337198,1
12519,-0.8814200630980471,,-1.0937854570395298,1
12520,0.31495919146633583,,-1.2262200617418617,1
12521,0.22483024962368048,,-1.3586546664441936,1
12522,-1.4910892711465258,-1.4910892711465258,-1.4910892711465258,0
12523,0.6217311210193498,0.6217311210193498,0.6217311210193498,0
12524,0.809655240819773,0.809655240819773,0.809655240819773,0
12525,2.1435427646637155,2.1435427646637155,2.1435427646637155,0
12526,-1.108871814968686,-1.108871814968686,-1.108871814968686,0
12527,0.47041287427109946,0.47041287427109946,0.47041287427109946,0
12528,1.8920275784067684,1.8920275784067684,1.8920275784067684,0
12529,0.24038630190421087,0.24038630190421087,0.24038630190421087,0
12530,-0.56661932745594,-0.56661932745594,-0.56661932745594,0
12531,-0.3528348774695926,-0.3528348774695926,-0.3528348774695926,0
12532,2.387569035434842,2.387569035434842,2.387569035434842,0
12533,0.5205999726417855,0.5205999726417855,0.5205999726417855,0
12534,1.0790478029767898,1.0790478029767898,1.0790478029767898,0
12535,1.5789127501185378,1.5789127501185378,1.5789127501185378,0
12536,0.9058059665486466,0.9058059665486466,0.9058059665486466,0
12537,0.6383574623865261,0.6383574623865261,0.6383574623865261,0
12538,-0.1674514078655519,-0.1674514078655519,-0.1674514078655519,0
12539,1.361519663523956,1.361519663523956,1.361519663523956,0
12540,-0.37399886200197613,-0.37399886200197613,-0.37399886200197613,0
12541,-0.7121455235293922,-0.7121455235293922,-0.7121455235293922,0
12542,-0.9469114878763478,-0.9469114878763478,-0.9469114878763478,0
12543,-1.817802592347674,-1.817802592347674,-1.817802592347674,0
12544,2.1079753108787855,2.1079753108787855,2.1079753108787855,0
12545,-0.5347237852108829,,2.201376532448696,1
12546,-0.5110077733677171,,2.294777754018606,1
12547,-0.09123288024034924,,2.3881789755885166,1
12548,-0.4836699407068931,,2.4815801971584266,1
12549,-0.3775498676788903,,2.574981418728337,1
12550,-1.2238790197814313,,2.668382640298247,1
12551,0.24624632259995596,,2.7617838618681576,1
12552,1.2148007492044939,,2.8551850834380677,1
12553,-0.8013429018098689,,2.948586305007978,1
12554,0.48244496217809196,,3.041987526577888,1
12555,3.1353887481477987,3.1353887481477987,3.1353887481477987,0
12556,-1.8603301141557553,-1.8603301141557553,-1.8603301141557553,0
12557,0.9022456416813412,0.9022456416813412,0.9022456416813412,0
12558,0.057366021680771845,0.057366021680771845,0.057366021680771845,0
12559,0.424122767769806,,0.1513231738154525,1
12560,0.37971873958747704,,0.24528032595013313,1
12561,1.2635156385029656,,0.33923747808481375,1
12562,1.4918058405515944,,0.43319463021949445,1
12563,1.3500273409755315,,0.527151782354175,1
12564,-0.48946511225047146,,0.6211089344888557,1
12565,-1.1552576176956264,,0.7150660866235363,1
12566,-0.5754697343342029,,0.809023238758217,1
12567,0.6721554524627088,,0.9029803908928977,1
12568,0.855544305227587,,0.9969375430275783,1
12569,1.090894695162259,1.090894695162259,1.090894695162259,0
12570,0.8261475234691846,0.8261475234691846,0.8261475234691846,0
12571,-1.3133213259740184,-1.3133213259740184,-1.3133213259740184,0
12572,-1.081577664494488,-1.081577664494488,-1.081577664494488,0
12573,0.3945997003936187,0.3945997003936187,0.3945997003936187,0
12574,-1.7140128034397288,-1.7140128034397288,-1.7140128034397288,0
12575,-0.8312497077712111,-0.8312497077712111,-0.8312497077712111,0
12576,-0.3636614486588198,-0.3636614486588198,-0.3636614486588198,0
12577,-0.2038268443438087,-0.2038268443438087,-0.2038268443438087,0
12578,0.16042916910639554,0.16042916910639554,0.16042916910639554,0
12579,-0.40582897196466583,-0.40582897196466583,-0.40582897196466583,0
12580,-1.0286460127610602,-1.0286460127610602,-1.0286460127610602,0
12581,-0.5769814109331806,-0.5769814109331806,-0.5769814109331806,0
12582,-0.08222622306218011,-0.08222622306218011,-0.08222622306218011,0
12583,0.35826393024958203,0.35826393024958203,0.35826393024958203,0
12584,-0.5753803763621269,-0.5753803763621269,-0.5753803763621269,0
12585,0.2826496027073117,0.2826496027073117,0.2826496027073117,0
12586,1.4416532061614489,1.4416532061614489,1.4416532061614489,0
12587,-2.461053066807838,-2.461053066807838,-2.461053066807838,0
12588,1.3219967882254458,,-2.174670299248035,1
12589,1.3813902818648824,,-1.8882875316882322,1
12590,0.011056483908253447,,-1.6019047641284294,1
12591,0.9224179344009863,,-1.3155219965686265,1
12592,0.6617036192372769,,-1.0291392290088235,1
12593,1.6023337790039274,,-0.7427564614490207,1
12594,-0.2836857768054761,,-0.4563736938892178,1
12595,-0.9089746447071053,,-0.16999092632941482,1
12596,0.6531029472474659,,0.11639184123038815,1
12597,-0.5764512157005311,,0.4027746087901911,1
12598,0.6891573763499937,0.6891573763499937,0.6891573763499937,0
12599,-1.3094879069516394,-1.3094879069516394,-1.3094879069516394,0
12600,-1.6836482404951527,-1.6836482404951527,-1.6836482404951527,0
12601,-0.2512684895251595,-0.2512684895251595,-0.2512684895251595,0
12602,-1.6606813836302758,-1.6606813836302758,-1.6606813836302758,0
12603,-0.0676011458928197,,-1.559593387046582,1
12604,0.1439858266902791,,-1.4585053904628882,1
12605,1.787347003561957,,-1.3574173938791942,1
12606,-0.8770679685709145,,-1.2563293972955005,1
12607,1.3877343162079097,,-1.1552414007118066,1
12608,0.5720730879978003,,-1.0541534041281126,1
12609,-0.3910416010225818,,-0.9530654075444188,1
12610,0.9837033208099892,,-0.851977410960725,1
12611,-0.5709721217496054,,-0.7508894143770312,1
12612,-0.4514774422207443,,-0.6498014177933373,1
12613,-0.5487134212096435,-0.5487134212096435,-0.5487134212096435,0
12614,-0.6817434363072484,-0.6817434363072484,-0.6817434363072484,0
12615,-2.1211054320584872,-2.1211054320584872,-2.1211054320584872,0
12616,-0.029803720922813026,-0.029803720922813026,-0.029803720922813026,0
12617,0.45014356022624585,0.45014356022624585,0.45014356022624585,0
12618,-0.5541408917824765,-0.5541408917824765,-0.5541408917824765,0
12619,0.13563512829648006,0.13563512829648006,0.13563512829648006,0
12620,0.5842154101870976,0.5842154101870976,0.5842154101870976,0
12621,-0.0565040854385225,,0.3217721907225282,1
12622,-0.23714709914178025,,0.059328971257958885,1
12623,1.1731123212019978,,-0.2031142482066104,1
12624,-1.5560758596054323,,-0.4655574676711798,1
12625,0.6053799067592147,,-0.7280006871357492,1
12626,0.42680554056948744,,-0.9904439066003183,1
12627,-0.6279955521418771,,-1.2528871260648877,1
12628,0.46866815156156444,,-1.5153303455294571,1
12629,0.852601800685667,,-1.7777735649940265,1
12630,0.5146689924184842,,-2.040216784458596,1
12631,-2.3026600039231653,-2.3026600039231653,-2.3026600039231653,0
12632,-1.053922622284477,-1.053922622284477,-1.053922622284477,0
12633,-0.3689754170407425,-0.3689754170407425,-0.3689754170407425,0
12634,0.09669189442201798,0.09669189442201798,0.09669189442201798,0
12635,0.8422143662489325,0.8422143662489325,0.8422143662489325,0
12636,-2.031201192033754,-2.031201192033754,-2.031201192033754,0
12637,-0.8175741108638132,-0.8175741108638132,-0.8175741108638132,0
12638,0.19408655094351634,0.19408655094351634,0.19408655094351634,0
12639,-0.9155919793065794,-0.9155919793065794,-0.9155919793065794,0
12640,-1.6218280364656052,,-0.8679389075078787,1
12641,-1.8277407102590149,,-0.8202858357091781,1
12642,0.6135877046295386,,-0.7726327639104774,1
12643,1.5184769856007883,,-0.7249796921117768,1
12644,-0.9223536073199206,,-0.6773266203130761,1
12645,-1.9114903056163977,,-0.6296735485143754,1
12646,-0.07056815769705899,,-0.5820204767156747,1
12647,-0.07992928881572392,,-0.5343674049169741,1
12648,1.0172346780573336,,-0.48671433311827345,1
12649,1.5227824712000089,,-0.4390612613195728,1
12650,-0.39140818952087214,-0.39140818952087214,-0.39140818952087214,0
12651,-0.8291791382146599,-0.8291791382146599,-0.8291791382146599,0
12652,0.49344165443814364,0.49344165443814364,0.49344165443814364,0
12653,0.7047830995218974,0.7047830995218974,0.7047830995218974,0
12654,2.1345524175775408,2.1345524175775408,2.1345524175775408,0
12655,2.3092177411446224,2.3092177411446224,2.3092177411446224,0
12656,-0.056048449963746944,-0.056048449963746944,-0.056048449963746944,0
12657,-0.17884384163385647,-0.17884384163385647,-0.17884384163385647,0
12658,0.769774412342294,0.769774412342294,0.769774412342294,0
12659,0.40234077737891777,0.40234077737891777,0.40234077737891777,0
12660,0.9086813009531174,0.9086813009531174,0.9086813009531174,0
12661,0.14726431792401734,,0.8076354735487875,1
12662,0.13045214967834115,,0.7065896461444576,1
12663,-1.4250812815904057,,0.6055438187401276,1
12664,-0.8864584799685701,,0.5044979913357978,1
12665,1.5224567923840235,,0.4034521639314679,1
12666,-0.010920091382567918,,0.3024063365271379,1
12667,-0.25400186194843466,,0.201360509122808,1
12668,0.6295808718488625,,0.10031468171847813,1
12669,-0.18051553733823025,,-0.0007311456858517529,1
12670,1.3543618014737118,,-0.10177697309018163,1
12671,-0.2028228004945117,-0.2028228004945117,-0.2028228004945117,0
12672,1.7166916523714113,1.7166916523714113,1.7166916523714113,0
12673,-2.0055418295284273,-2.0055418295284273,-2.0055418295284273,0
12674,1.3419836473413362,1.3419836473413362,1.3419836473413362,0
12675,-1.0463945565319448,-1.0463945565319448,-1.0463945565319448,0
12676,-1.720747840612577,-1.720747840612577,-1.720747840612577,0
12677,0.01642755264321285,0.01642755264321285,0.01642755264321285,0
12678,-0.4240371240739835,-0.4240371240739835,-0.4240371240739835,0
12679,-2.2814331397700807,-2.2814331397700807,-2.2814331397700807,0
12680,1.2783098123054504,1.2783098123054504,1.2783098123054504,0
12681,-0.6781399683533139,-0.6781399683533139,-0.6781399683533139,0
12682,2.572081292314664,2.572081292314664,2.572081292314664,0
12683,-1.375003697622702,-1.375003697622702,-1.375003697622702,0
12684,1.1183724603892664,1.1183724603892664,1.1183724603892664,0
12685,-1.556791826638471,-1.556791826638471,-1.556791826638471,0
12686,-0.30590005963627914,-0.30590005963627914,-0.30590005963627914,0
12687,0.11186939111458938,0.11186939111458938,0.11186939111458938,0
12688,-1.0350603224398216,-1.0350603224398216,-1.0350603224398216,0
12689,-1.1644008172030418,-1.1644008172030418,-1.1644008172030418,0
12690,1.968371706710672,1.968371706710672,1.968371706710672,0
12691,-0.5539189630313215,-0.5539189630313215,-0.5539189630313215,0
12692,1.2912493727136924,1.2912493727136924,1.2912493727136924,0
12693,-0.1700747339665037,-0.1700747339665037,-0.1700747339665037,0
12694,0.06223360459495481,0.06223360459495481,0.06223360459495481,0
12695,-0.21705186381930908,-0.21705186381930908,-0.21705186381930908,0
12696,1.552826737420203,1.552826737420203,1.552826737420203,0
12697,-0.38213356382875396,-0.38213356382875396,-0.38213356382875396,0
12698,-0.09150816760822804,-0.09150816760822804,-0.09150816760822804,0
12699,-1.0722448222372,-1.0722448222372,-1.0722448222372,0
12700,1.7327347472979076,1.7327347472979076,1.7327347472979076,0
12701,0.22848143732091641,0.22848143732091641,0.22848143732091641,0
12702,-0.3846059231534357,,0.004684397966652654,1
12703,-0.6731921086831056,,-0.2191126413876111,1
12704,-0.16702311587330393,,-0.44290968074187487,1
12705,-1.1635367371307952,,-0.6667067200961386,1
12706,0.9747860020990642,,-0.8905037594504023,1
12707,0.2610838905791661,,-1.114300798804666,1
12708,-0.3330750742914438,,-1.3380978381589301,1
12709,0.8225889736676587,,-1.5618948775131938,1
12710,-0.1358413003700649,,-1.7856919168674574,1
12711,0.3058800016064798,,-2.009488956221721,1
12712,-2.233285995575985,-2.233285995575985,-2.233285995575985,0
12713,-0.9086780203769893,-0.9086780203769893,-0.9086780203769893,0
12714,0.5534758494774188,0.5534758494774188,0.5534758494774188,0
12715,-0.6878811209547567,-0.6878811209547567,-0.6878811209547567,0
12716,-0.680982139027915,-0.680982139027915,-0.680982139027915,0
12717,0.2493965062145134,0.2493965062145134,0.2493965062145134,0
12718,0.19787587600902654,0.19787587600902654,0.19787587600902654,0
12719,1.085014957382443,1.085014957382443,1.085014957382443,0
12720,0.6980520447820295,0.6980520447820295,0.6980520447820295,0
12721,1.8910458387519862,1.8910458387519862,1.8910458387519862,0
12722,-0.31824253995256047,,1.7738509022535855,1
12723,-0.12900139667125976,,1.656655965755185,1
12724,-0.0957305211360725,,1.5394610292567843,1
12725,1.1373220999119045,,1.4222660927583837,1
12726,-0.33388810087922594,,1.305071156259983,1
12727,-0.7329684613308621,,1.1878762197615824,1
12728,0.3317284728921737,,1.0706812832631818,1
12729,-0.5328739283208909,,0.9534863467647812,1
12730,-0.3928924160265174,,0.8362914102663805,1
12731,-2.225792313522468,,0.7190964737679799,1
12732,0.6019015372695794,0.6019015372695794,0.6019015372695794,0
12733,-1.0603054585597538,-1.0603054585597538,-1.0603054585597538,0
12734,0.5987428255881528,0.5987428255881528,0.5987428255881528,0
12735,-0.4544259196266272,-0.4544259196266272,-0.4544259196266272,0
12736,0.3759166693358,0.3759166693358,0.3759166693358,0
12737,2.0614944678729707,2.0614944678729707,2.0614944678729707,0
12738,-1.3253960839938184,,1.8730973374720437,1
12739,-1.1358544831003385,,1.6847002070711163,1
12740,-0.172211542240907,,1.4963030766701892,1
12741,-0.6059507990426564,,1.307905946269262,1
12742,-0.6270180732999463,,1.1195088158683348,1
12743,-0.9226821582691845,,0.9311116854674077,1
12744,-1.8864745605404496,,0.7427145550664804,1
12745,0.8080772832310156,,0.5543174246655533,1
12746,-1.670639430420391,,0.36592029426462624,1
12747,0.2500056924428203,,0.17752316386369893,1
12748,-0.010873966537228318,-0.010873966537228318,-0.010873966537228318,0
12749,-0.43879213563407077,-0.43879213563407077,-0.43879213563407077,0
12750,0.2295879727762554,0.2295879727762554,0.2295879727762554,0
12751,0.8373170333858758,0.8373170333858758,0.8373170333858758,0
12752,1.4976709262228365,1.4976709262228365,1.4976709262228365,0
12753,0.29854382233732335,0.29854382233732335,0.29854382233732335,0
12754,-0.38345209407193626,-0.38345209407193626,-0.38345209407193626,0
12755,0.7884508646486733,0.7884508646486733,0.7884508646486733,0
12756,-0.5516763493741232,-0.5516763493741232,-0.5516763493741232,0
12757,0.22550198780203323,0.22550198780203323,0.22550198780203323,0
12758,-0.5717153496519373,,0.18208209933277214,1
12759,-0.3745127667530816,,0.13866221086351105,1
12760,-0.17427546278136716,,0.09524232239424993,1
12761,0.3709032084144389,,0.05182243392498884,1
12762,-0.4059949215632682,,0.008402545455727745,1
12763,-0.2631003159379941,,-0.035017343013533375,1
12764,-2.219462434797785,,-0.07843723148279447,1
12765,-0.20190262866915903,,-0.12185711995205556,1
12766,0.4669966378282944,,-0.16527700842131665,1
12767,0.2960952477467137,,-0.20869689689057774,1
12768,-0.2521167853598389,-0.2521167853598389,-0.2521167853598389,0
12769,1.3787266693830207,1.3787266693830207,1.3787266693830207,0
12770,-1.7952208484985481,-1.7952208484985481,-1.7952208484985481,0
12771,1.4152602315161322,1.4152602315161322,1.4152602315161322,0
12772,0.3262374047585337,0.3262374047585337,0.3262374047585337,0
12773,2.374218492069309,2.374218492069309,2.374218492069309,0
12774,0.14221124380431213,0.14221124380431213,0.14221124380431213,0
12775,-1.2072686254785014,-1.2072686254785014,-1.2072686254785014,0
12776,0.6892534059505473,0.6892534059505473,0.6892534059505473,0
12777,-0.7338941729370179,-0.7338941729370179,-0.7338941729370179,0
12778,1.8339532393149791,1.8339532393149791,1.8339532393149791,0
12779,-0.5590003785647082,-0.5590003785647082,-0.5590003785647082,0
12780,1.4175744511036592,1.4175744511036592,1.4175744511036592,0
12781,0.2604602310471212,0.2604602310471212,0.2604602310471212,0
12782,0.34655704817624144,0.34655704817624144,0.34655704817624144,0
12783,-0.11211392205761761,,0.349268028425486,1
12784,-0.22461460795819205,,0.3519790086747306,1
12785,0.16134118173253745,,0.35468998892397513,1
12786,0.26057433026226645,,0.35740096917321973,1
12787,0.6278218035010773,,0.3601119494224643,1
12788,0.774866942430205,,0.3628229296717088,1
12789,-0.5706169784551087,,0.3655339099209534,1
12790,-1.7113976799576347,,0.36824489017019796,1
12791,0.7833926317812638,,0.3709558704194425,1
12792,-0.1461660240547535,,0.3736668506686871,1
12793,1.4160080043380316,,0.37637783091793164,1
12794,1.4423735237042357,,0.37908881116717624,1
12795,0.23818770374598006,,0.3817997914164208,1
12796,-0.9363617710100125,,0.38451077166566533,1
12797,1.2518530896160114,,0.38722175191490993,1
12798,-0.45248767997849504,,0.38993273216415447,1
12799,-0.004278437963950276,,0.392643712413399,1
12800,0.5641079076643554,,0.3953546926626436,1
12801,0.6118888348409974,,0.39806567291188816,1
12802,0.28862063256872844,,0.40077665316113276,1
12803,0.4034876334103773,0.4034876334103773,0.4034876334103773,0
12804,0.05864588794670552,0.05864588794670552,0.05864588794670552,0
12805,1.7200174523239875,1.7200174523239875,1.7200174523239875,0
12806,1.8144559632687447,1.8144559632687447,1.8144559632687447,0
12807,-0.7837228627663217,-0.7837228627663217,-0.7837228627663217,0
12808,0.5123817001595852,0.5123817001595852,0.5123817001595852,0
12809,-2.8864455654657553,-2.8864455654657553,-2.8864455654657553,0
12810,0.8383754985183431,0.8383754985183431,0.8383754985183431,0
12811,-0.5716349291872264,-0.5716349291872264,-0.5716349291872264,0
12812,1.2604944773417772,1.2604944773417772,1.2604944773417772,0
12813,-0.7886100011885608,-0.7886100011885608,-0.7886100011885608,0
12814,1.1420789923477552,1.1420789923477552,1.1420789923477552,0
12815,-0.4370503680653151,-0.4370503680653151,-0.4370503680653151,0
12816,0.472320577096612,0.472320577096612,0.472320577096612,0
12817,1.150385378937133,1.150385378937133,1.150385378937133,0
12818,-0.7933281910132792,-0.7933281910132792,-0.7933281910132792,0
12819,-1.48950740068919,-1.48950740068919,-1.48950740068919,0
12820,0.34689538316720164,0.34689538316720164,0.34689538316720164,0
12821,0.4344459137742515,0.4344459137742515,0.4344459137742515,0
12822,-0.7638574211943104,,0.27774358380464825,1
12823,-0.5813516731650747,,0.12104125383504494,1
12824,-1.2613013375420166,,-0.03566107613455832,1
12825,-0.06186149461748563,,-0.19236340610416164,1
12826,0.33162566569675195,,-0.34906573607376495,1
12827,1.566536891467526,,-0.5057680660433681,1
12828,-0.5398108700720141,,-0.6624703960129714,1
12829,0.05220959252777436,,-0.8191727259825747,1
12830,-0.5060061923009931,,-0.975875055952178,1
12831,1.096738231551162,,-1.1325773859217814,1
12832,-1.2892797158913847,-1.2892797158913847,-1.2892797158913847,0
12833,0.8301024933693041,0.8301024933693041,0.8301024933693041,0
12834,-2.137777510751778,-2.137777510751778,-2.137777510751778,0
12835,1.4214284097264762,1.4214284097264762,1.4214284097264762,0
12836,-1.1928400774009171,-1.1928400774009171,-1.1928400774009171,0
12837,0.3226738913736266,0.3226738913736266,0.3226738913736266,0
12838,-2.3456400306599883,-2.3456400306599883,-2.3456400306599883,0
12839,-1.678556384035076,-1.678556384035076,-1.678556384035076,0
12840,-0.574607546329154,-0.574607546329154,-0.574607546329154,0
12841,0.7313367159868481,0.7313367159868481,0.7313367159868481,0
12842,1.8459398957885012,1.8459398957885012,1.8459398957885012,0
12843,-0.2882986050305909,-0.2882986050305909,-0.2882986050305909,0
12844,-1.6455587661033666,-1.6455587661033666,-1.6455587661033666,0
12845,-1.1778557123613587,-1.1778557123613587,-1.1778557123613587,0
12846,-0.05025024757021302,-0.05025024757021302,-0.05025024757021302,0
12847,0.11673278790457542,0.11673278790457542,0.11673278790457542,0
12848,0.6114722629148902,0.6114722629148902,0.6114722629148902,0
12849,0.2270777167773714,0.2270777167773714,0.2270777167773714,0
12850,-0.2554645004269822,-0.2554645004269822,-0.2554645004269822,0
12851,0.8236564829624746,0.8236564829624746,0.8236564829624746,0
12852,0.911257070561816,0.911257070561816,0.911257070561816,0
12853,1.218042219348689,1.218042219348689,1.218042219348689,0
12854,-0.016507587874157327,-0.016507587874157327,-0.016507587874157327,0
12855,1.4411769255476958,1.4411769255476958,1.4411769255476958,0
12856,-0.5902497716486507,-0.5902497716486507,-0.5902497716486507,0
12857,2.3188332957142106,2.3188332957142106,2.3188332957142106,0
12858,0.33131623916469966,,2.106960250569933,1
12859,0.1578345058019374,,1.8950872054256553,1
12860,-0.469014351440372,,1.683214160281378,1
12861,-0.14292013854997218,,1.4713411151371,1
12862,-0.5146600092373282,,1.2594680699928227,1
12863,-1.2937497776079123,,1.047595024848545,1
12864,-0.7281785798066449,,0.8357219797042674,1
12865,0.5265105114895863,,0.6238489345599898,1
12866,0.3081445615567876,,0.41197588941571217,1
12867,-0.9264211786205911,,0.20010284427143477,1
12868,-0.011770200872843192,-0.011770200872843192,-0.011770200872843192,0
12869,1.1059896188001466,1.1059896188001466,1.1059896188001466,0
12870,0.6962424906491079,0.6962424906491079,0.6962424906491079,0
12871,0.8668459263204643,0.8668459263204643,0.8668459263204643,0
12872,-1.533029492129853,-1.533029492129853,-1.533029492129853,0
12873,1.1381393578522756,1.1381393578522756,1.1381393578522756,0
12874,-0.7713308077561867,-0.7713308077561867,-0.7713308077561867,0
12875,-0.9818087464045041,-0.9818087464045041,-0.9818087464045041,0
12876,-0.235044073871757,-0.235044073871757,-0.235044073871757,0
12877,0.467507956713048,0.467507956713048,0.467507956713048,0
12878,0.4387831135021239,,0.46480534205194424,1
12879,0.10256657967720759,,0.4621027273908405,1
12880,-0.8015729497913291,,0.45940011272973674,1
12881,0.6610267726319947,,0.45669749806863297,1
12882,0.6249044142120195,,0.4539948834075292,1
12883,-0.6060242758884985,,0.4512922687464255,1
12884,-1.1272345154532977,,0.4485896540853217,1
12885,1.911106597700427,,0.4458870394242179,1
12886,0.24997034800260817,,0.44318442476311415,1
12887,1.250904653529506,,0.44048181010201043,1
12888,0.43777919544090665,0.43777919544090665,0.43777919544090665,0
12889,0.22803401869998707,0.22803401869998707,0.22803401869998707,0
12890,-0.5555092764654939,-0.5555092764654939,-0.5555092764654939,0
12891,0.16055826091965614,0.16055826091965614,0.16055826091965614,0
12892,0.8295351848180926,0.8295351848180926,0.8295351848180926,0
12893,-1.2824097778881824,-1.2824097778881824,-1.2824097778881824,0
12894,0.33712756162151214,0.33712756162151214,0.33712756162151214,0
12895,-1.1534584245414063,-1.1534584245414063,-1.1534584245414063,0
12896,1.87369392835909,1.87369392835909,1.87369392835909,0
12897,0.28793967413672195,0.28793967413672195,0.28793967413672195,0
12898,-0.44227387969010495,-0.44227387969010495,-0.44227387969010495,0
12899,1.0234794098295512,1.0234794098295512,1.0234794098295512,0
12900,0.8431372563355845,0.8431372563355845,0.8431372563355845,0
12901,0.23588231077339625,0.23588231077339625,0.23588231077339625,0
12902,-1.549777482067236,-1.549777482067236,-1.549777482067236,0
12903,0.9964180125364615,0.9964180125364615,0.9964180125364615,0
12904,1.3998772615974966,1.3998772615974966,1.3998772615974966,0
12905,0.5398984011125587,0.5398984011125587,0.5398984011125587,0
12906,0.5360663808642784,,0.6183754815194169,1
12907,0.26493964909764117,,0.6968525619262751,1
12908,-0.1855620276345245,,0.7753296423331333,1
12909,0.04070294070009968,,0.8538067227399915,1
12910,-2.4160700714447807,,0.9322838031468497,1
12911,-1.0581458823840022,,1.0107608835537079,1
12912,1.0201459999092253,,1.089237963960566,1
12913,-0.5780409025602162,,1.1677150443674242,1
12914,-1.2458212114451468,,1.2461921247742824,1
12915,-1.950510922047541,,1.3246692051811406,1
12916,1.4031462855879988,1.4031462855879988,1.4031462855879988,0
12917,-1.0559174214431428,-1.0559174214431428,-1.0559174214431428,0
12918,0.6434822390746296,0.6434822390746296,0.6434822390746296,0
12919,-0.45339535936874503,,0.4431974990513484,1
12920,-0.23086014354214096,,0.24291275902806714,1
12921,0.6786525369920507,,0.042628019004785855,1
12922,0.8176676949582155,,-0.15765672101849537,1
12923,1.069960661197944,,-0.3579414610417767,1
12924,1.4414803374463652,,-0.5582262010650579,1
12925,1.0771375508376846,,-0.7585109410883392,1
12926,-0.5190981017649569,,-0.9587956811116204,1
12927,-1.747988814605294,,-1.1590804211349015,1
12928,1.5364125254531904,,-1.3593651611581832,1
12929,-1.5596499011814644,-1.5596499011814644,-1.5596499011814644,0
12930,1.1906406235832758,1.1906406235832758,1.1906406235832758,0
12931,-0.8314877864065786,-0.8314877864065786,-0.8314877864065786,0
12932,-0.4283881266977182,-0.4283881266977182,-0.4283881266977182,0
12933,-0.2867100525167058,-0.2867100525167058,-0.2867100525167058,0
12934,-2.2050587732985956,-2.2050587732985956,-2.2050587732985956,0
12935,1.0769193569822044,1.0769193569822044,1.0769193569822044,0
12936,-0.4028245904814119,-0.4028245904814119,-0.4028245904814119,0
12937,-0.4294531064904626,-0.4294531064904626,-0.4294531064904626,0
12938,-1.5931219686386937,-1.5931219686386937,-1.5931219686386937,0
12939,0.19607852487400776,0.19607852487400776,0.19607852487400776,0
12940,0.18408619307287413,0.18408619307287413,0.18408619307287413,0
12941,-0.4670443463115349,-0.4670443463115349,-0.4670443463115349,0
12942,-1.3681599128804027,-1.3681599128804027,-1.3681599128804027,0
12943,-0.6981520598001397,-0.6981520598001397,-0.6981520598001397,0
12944,0.39285215569255494,0.39285215569255494,0.39285215569255494,0
12945,-1.06144237747434,-1.06144237747434,-1.06144237747434,0
12946,1.1596077015621442,,-1.0038782701679878,1
12947,1.47092014760694,,-0.9463141628616354,1
12948,1.0899828241136547,,-0.8887500555552832,1
12949,-0.08439609590444548,,-0.8311859482489309,1
12950,0.08333451169463531,,-0.7736218409425786,1
12951,0.7390782529877125,,-0.7160577336362264,1
12952,-0.21463186991177877,,-0.6584936263298741,1
12953,0.7210728571648719,,-0.6009295190235218,1
12954,2.001147800664965,,-0.5433654117171695,1
12955,-1.1964011670746324,,-0.48580130441081715,1
12956,-0.42823719710446495,-0.42823719710446495,-0.42823719710446495,0
12957,0.5196381487149335,0.5196381487149335,0.5196381487149335,0
12958,0.37753156682569106,0.37753156682569106,0.37753156682569106,0
12959,0.2003042901585355,0.2003042901585355,0.2003042901585355,0
12960,-0.5086906225851465,,0.1270338178281909,1
12961,-0.26754581558909396,,0.05376334549784631,1
12962,1.4533427088957924,,-0.01950712683249828,1
12963,-0.816232568195678,,-0.09277759916284287,1
12964,0.22080244491956827,,-0.16604807149318743,1
12965,1.8277459897238517,,-0.23931854382353204,1
12966,-0.5724688924149158,,-0.3125890161538767,1
12967,-1.0642385533199532,,-0.38585948848422125,1
12968,-0.9824368699948075,,-0.4591299608145658,1
12969,0.2828335028710046,,-0.5324004331449104,1
12970,-0.605670905475255,-0.605670905475255,-0.605670905475255,0
12971,1.4767099562090773,1.4767099562090773,1.4767099562090773,0
12972,0.48039110280689734,0.48039110280689734,0.48039110280689734,0
12973,-0.09051324439779775,-0.09051324439779775,-0.09051324439779775,0
12974,-0.8302676295614044,-0.8302676295614044,-0.8302676295614044,0
12975,0.15429730550276466,0.15429730550276466,0.15429730550276466,0
12976,0.32878838234193963,0.32878838234193963,0.32878838234193963,0
12977,1.4005826054868764,1.4005826054868764,1.4005826054868764,0
12978,-0.4504972238094297,-0.4504972238094297,-0.4504972238094297,0
12979,-0.28692606704216905,-0.28692606704216905,-0.28692606704216905,0
12980,1.4291145104564282,1.4291145104564282,1.4291145104564282,0
12981,0.2531975424202625,0.2531975424202625,0.2531975424202625,0
12982,-1.1583421297307164,,0.23959229486426595,1
12983,-0.8731344569531729,,0.22598704730826943,1
12984,0.052135716160466174,,0.2123817997522729,1
12985,1.2103608682412261,,0.19877655219627638,1
12986,-2.0179023012474597,,0.18517130464027984,1
12987,-0.04010291557973261,,0.1715660570842833,1
12988,0.6766078198421519,,0.15796080952828678,1
12989,-0.9318210410802419,,0.14435556197229027,1
12990,-0.1227210126745362,,0.13075031441629373,1
12991,-0.04424028328539752,,0.11714506686029719,1
12992,0.10353981930430067,0.10353981930430067,0.10353981930430067,0
12993,0.4197178874715583,,0.2182493921152513,1
12994,0.21596196412816632,,0.3329589649262019,1
12995,-0.38180266647848676,,0.4476685377371525,1
12996,0.033828973280920924,,0.5623781105481032,1
12997,-0.5019918752150869,,0.6770876833590537,1
12998,1.318362141990493,,0.7917972561700043,1
12999,-1.1799595970110004,,0.9065068289809549,1
13000,-0.1721503709246443,,1.0212164017919054,1
13001,-1.189780771078431,,1.135925974602856,1
13002,-1.588476277372856,,1.2506355474138067,1
13003,1.3653451202247573,1.3653451202247573,1.3653451202247573,0
13004,-2.291692514301984,-2.291692514301984,-2.291692514301984,0
13005,-1.656047746148254,-1.656047746148254,-1.656047746148254,0
13006,-0.061454466703209885,-0.061454466703209885,-0.061454466703209885,0
13007,0.724640696954952,0.724640696954952,0.724640696954952,0
13008,0.1480961849490948,0.1480961849490948,0.1480961849490948,0
13009,-1.2863108188273185,-1.2863108188273185,-1.2863108188273185,0
13010,0.8861545802905544,0.8861545802905544,0.8861545802905544,0
13011,1.60761362655618,1.60761362655618,1.60761362655618,0
13012,0.5299014709145716,0.5299014709145716,0.5299014709145716,0
13013,0.09728102690015057,0.09728102690015057,0.09728102690015057,0
13014,-0.7400363766218941,-0.7400363766218941,-0.7400363766218941,0
13015,-0.19379609942063303,-0.19379609942063303,-0.19379609942063303,0
13016,-0.6570841551789888,-0.6570841551789888,-0.6570841551789888,0
13017,-1.5183882235904436,-1.5183882235904436,-1.5183882235904436,0
13018,-0.08139314938910859,-0.08139314938910859,-0.08139314938910859,0
13019,2.4028627871841737,2.4028627871841737,2.4028627871841737,0
13020,0.494884697151051,,2.14468786901441,1
13021,0.4713540666731024,,1.8865129508446468,1
13022,-1.4899639798859006,,1.6283380326748833,1
13023,0.9361011894447695,,1.3701631145051199,1
13024,-0.4591449051782471,,1.1119881963353564,1
13025,-0.04936910521830157,,0.8538132781655929,1
13026,1.0768330133863893,,0.5956383599958295,1
13027,-1.3634849426674558,,0.337463441826066,1
13028,1.0103845620085088,,0.07928852365630235,1
13029,-1.3716424332302122,,-0.1788863945134609,1
13030,-0.43706131268322407,-0.43706131268322407,-0.43706131268322407,0
13031,1.9070835232882137,1.9070835232882137,1.9070835232882137,0
13032,0.9464262756446744,0.9464262756446744,0.9464262756446744,0
13033,2.0510322224798516,2.0510322224798516,2.0510322224798516,0
13034,-0.2475370815013554,-0.2475370815013554,-0.2475370815013554,0
13035,0.9043025249604516,0.9043025249604516,0.9043025249604516,0
13036,-1.569274461610806,-1.569274461610806,-1.569274461610806,0
13037,0.6295192190454508,,-1.3906857952855545,1
13038,0.5674274438037902,,-1.2120971289603029,1
13039,0.14345438359377838,,-1.033508462635051,1
13040,0.40361051389747515,,-0.8549197963097995,1
13041,-2.564694185524436,,-0.6763311299845479,1
13042,0.17570592530729637,,-0.4977424636592962,1
13043,-0.9341150414317899,,-0.3191537973340446,1
13044,0.36120240386789865,,-0.14056513100879298,1
13045,0.8506808873256104,,0.038023535316458634,1
13046,1.2302724840608454,,0.21661220164171024,1
13047,0.3952008679669618,0.3952008679669618,0.3952008679669618,0
13048,-2.146372011636368,-2.146372011636368,-2.146372011636368,0
13049,0.5799511745976145,0.5799511745976145,0.5799511745976145,0
13050,-1.3318784917627733,-1.3318784917627733,-1.3318784917627733,0
13051,0.4093424252247059,0.4093424252247059,0.4093424252247059,0
13052,0.93685557380783,0.93685557380783,0.93685557380783,0
13053,0.37026180015079174,0.37026180015079174,0.37026180015079174,0
13054,1.433951745524725,1.433951745524725,1.433951745524725,0
13055,-0.781592749420222,-0.781592749420222,-0.781592749420222,0
13056,-0.9177809721756341,-0.9177809721756341,-0.9177809721756341,0
13057,-0.30787193260270074,-0.30787193260270074,-0.30787193260270074,0
13058,-0.3778545133362669,-0.3778545133362669,-0.3778545133362669,0
13059,-0.06679562818032175,-0.06679562818032175,-0.06679562818032175,0
13060,0.7976633113715628,0.7976633113715628,0.7976633113715628,0
13061,1.2857965911075668,,0.8662282162437492,1
13062,1.1309376899398176,,0.9347931211159357,1
13063,-0.24769373132604172,,1.0033580259881223,1
13064,-0.9520393233114426,,1.0719229308603087,1
13065,1.0604364951583352,,1.1404878357324952,1
13066,-0.4539228454350333,,1.2090527406046818,1
13067,1.0665101633225054,,1.2776176454768682,1
13068,0.3513092789720007,,1.3461825503490545,1
13069,-0.05653297241028017,,1.4147474552212411,1
13070,1.0583384793041022,,1.4833123600934277,1
13071,1.551877264965614,1.551877264965614,1.551877264965614,0
13072,-0.14459764149299115,,1.316635335980695,1
13073,-0.162288422125858,,1.0813934069957758,1
13074,1.176350336644207,,0.8461514780108567,1
13075,-0.6437549979169956,,0.6109095490259375,1
13076,-2.1265682575795934,,0.3756676200410185,1
13077,-0.722143071295308,,0.14042569105609926,1
13078,-0.4222871643104209,,-0.09481623792881999,1
13079,-1.813292662939387,,-0.330058166913739,1
13080,-0.6861582948620705,,-0.565300095898658,1
13081,-0.22174149587571756,,-0.8005420248835771,1
13082,-1.0357839538684965,-1.0357839538684965,-1.0357839538684965,0
13083,0.2507709248538092,,-0.7882134536431448,1
13084,0.0682122427221961,,-0.540642953417793,1
13085,0.10329795531503468,,-0.29307245319244124,1
13086,-0.481744566032751,,-0.045501952967089476,1
13087,0.30767030698282666,,0.2020685472582624,1
13088,0.3839294355056662,,0.44963904748361405,1
13089,-0.6566767477853905,,0.6972095477089657,1
13090,0.5593365226654433,,0.9447800479343176,1
13091,-1.2400064226455862,,1.1923505481596695,1
13092,1.6579734955404113,,1.4399210483850213,1
13093,1.6874915486103728,1.6874915486103728,1.6874915486103728,0
13094,0.06637183607044035,,1.7920245819113194,1
13095,-0.18230509405872344,,1.896557615212266,1
13096,-0.5258314532260319,,2.001090648513213,1
13097,-0.9179423792848526,,2.1056236818141594,1
13098,0.4104980847808141,,2.2101567151151063,1
13099,-0.7489236376574643,,2.314689748416053,1
13100,0.028180716180956772,,2.419222781717,1
13101,-0.35466270795433513,,2.5237558150179464,1
13102,-0.11324736004691352,,2.628288848318893,1
13103,0.45224854221301714,,2.7328218816198397,1
13104,2.8373549149207866,2.8373549149207866,2.8373549149207866,0
13105,-1.363413815026093,-1.363413815026093,-1.363413815026093,0
13106,0.24413039451478988,0.24413039451478988,0.24413039451478988,0
13107,1.1802193441499838,1.1802193441499838,1.1802193441499838,0
13108,-1.1236394870722985,-1.1236394870722985,-1.1236394870722985,0
13109,0.1775817662273968,0.1775817662273968,0.1775817662273968,0
13110,-0.3118381220114393,-0.3118381220114393,-0.3118381220114393,0
13111,0.9625809607684005,0.9625809607684005,0.9625809607684005,0
13112,-1.088690260374001,-1.088690260374001,-1.088690260374001,0
13113,-0.7188807386828726,-0.7188807386828726,-0.7188807386828726,0
13114,0.04884846994913124,0.04884846994913124,0.04884846994913124,0
13115,1.8075315308610407,1.8075315308610407,1.8075315308610407,0
13116,1.132871062486,1.132871062486,1.132871062486,0
13117,-0.7996614143118099,-0.7996614143118099,-0.7996614143118099,0
13118,-1.6601266268109316,-1.6601266268109316,-1.6601266268109316,0
13119,0.19575559717616872,0.19575559717616872,0.19575559717616872,0
13120,-0.8749547864235113,-0.8749547864235113,-0.8749547864235113,0
13121,1.2170452619835708,1.2170452619835708,1.2170452619835708,0
13122,-0.6185720030402255,-0.6185720030402255,-0.6185720030402255,0
13123,0.20703472017495905,0.20703472017495905,0.20703472017495905,0
13124,0.9453957650019298,0.9453957650019298,0.9453957650019298,0
13125,0.42264080250790503,0.42264080250790503,0.42264080250790503,0
13126,1.0265459048832535,1.0265459048832535,1.0265459048832535,0
13127,-1.3536714875167541,-1.3536714875167541,-1.3536714875167541,0
13128,-0.25695106627155007,-0.25695106627155007,-0.25695106627155007,0
13129,1.1066389401895576,1.1066389401895576,1.1066389401895576,0
13130,-0.6055553114444346,-0.6055553114444346,-0.6055553114444346,0
13131,-0.7076873868841455,-0.7076873868841455,-0.7076873868841455,0
13132,-0.07033959534402928,-0.07033959534402928,-0.07033959534402928,0
13133,-0.8498748022375393,-0.8498748022375393,-0.8498748022375393,0
13134,-1.5250684376029453,-1.5250684376029453,-1.5250684376029453,0
13135,1.5094232157900291,1.5094232157900291,1.5094232157900291,0
13136,-1.0628460812166274,-1.0628460812166274,-1.0628460812166274,0
13137,-0.38381363595353424,-0.38381363595353424,-0.38381363595353424,0
13138,0.4208707143958738,0.4208707143958738,0.4208707143958738,0
13139,0.1703853317811669,0.1703853317811669,0.1703853317811669,0
13140,1.063528334553698,1.063528334553698,1.063528334553698,0
13141,-0.23649020244899424,-0.23649020244899424,-0.23649020244899424,0
13142,0.35030323733255553,0.35030323733255553,0.35030323733255553,0
13143,0.8015866952905866,0.8015866952905866,0.8015866952905866,0
13144,0.3436596737224601,,0.6642897166430461,1
13145,0.0007557144287383875,,0.5269927379955057,1
13146,-0.2668632888273748,,0.3896957593479652,1
13147,-0.6736178027056857,,0.25239878070042476,1
13148,0.9194796564825475,,0.11510180205288434,1
13149,-0.9616558586113304,,-0.022195176594656196,1
13150,0.5223462007563354,,-0.15949215524219662,1
13151,-2.8916659178946658,,-0.29678913388973704,1
13152,0.7640663708704011,,-0.43408611253727747,1
13153,-0.8653072823292686,,-0.5713830911848179,1
13154,-0.7086800698323584,-0.7086800698323584,-0.7086800698323584,0
13155,3.0422531512475244,3.0422531512475244,3.0422531512475244,0
13156,-0.4369578617755827,-0.4369578617755827,-0.4369578617755827,0
13157,-0.32611173577320024,-0.32611173577320024,-0.32611173577320024,0
13158,-1.5981797080961488,-1.5981797080961488,-1.5981797080961488,0
13159,1.4647732961505695,1.4647732961505695,1.4647732961505695,0
13160,0.3614747480624284,0.3614747480624284,0.3614747480624284,0
13161,0.8781432157945196,0.8781432157945196,0.8781432157945196,0
13162,1.0798445121072007,1.0798445121072007,1.0798445121072007,0
13163,1.3590501339375998,1.3590501339375998,1.3590501339375998,0
13164,-1.6562276266067235,-1.6562276266067235,-1.6562276266067235,0
13165,1.4588749009226172,1.4588749009226172,1.4588749009226172,0
13166,-1.176071539067609,-1.176071539067609,-1.176071539067609,0
13167,-0.6268017187807273,-0.6268017187807273,-0.6268017187807273,0
13168,0.2959671346270883,0.2959671346270883,0.2959671346270883,0
13169,-0.5207623105731035,-0.5207623105731035,-0.5207623105731035,0
13170,-0.5029035118383093,,-0.5770278196650654,1
13171,-0.6446915439602432,,-0.6332933287570275,1
13172,-1.0570354807548659,,-0.6895588378489894,1
13173,-1.268404810203532,,-0.7458243469409515,1
13174,-0.3291364554697267,,-0.8020898560329134,1
13175,1.5880640567641888,,-0.8583553651248754,1
13176,-1.0867614093229174,,-0.9146208742168374,1
13177,0.07807059807547992,,-0.9708863833087993,1
13178,-0.4767575145373729,,-1.0271518924007612,1
13179,-1.448489836486704,,-1.0834174014927234,1
13180,-1.1396829105846853,-1.1396829105846853,-1.1396829105846853,0
13181,-1.1939222829193652,-1.1939222829193652,-1.1939222829193652,0
13182,-1.1996890706039347,-1.1996890706039347,-1.1996890706039347,0
13183,0.9096069991338245,,-1.1156664945361556,1
13184,0.913111409277451,,-1.0316439184683766,1
13185,-0.6866057450625348,,-0.9476213424005976,1
13186,-0.7820783058236175,,-0.8635987663328186,1
13187,1.1667092826425844,,-0.7795761902650395,1
13188,-0.28323561366471744,,-0.6955536141972605,1
13189,1.5412127014914343,,-0.6115310381294815,1
13190,-0.10679076362667461,,-0.5275084620617024,1
13191,-1.3770509608327237,,-0.44348588599392336,1
13192,-0.6426386128189894,,-0.3594633099261444,1
13193,-0.27544073385836537,-0.27544073385836537,-0.27544073385836537,0
13194,-1.8453508650665522,-1.8453508650665522,-1.8453508650665522,0
13195,0.045447516727685024,,-1.697691249927069,1
13196,0.1789526294858996,,-1.550031634787586,1
13197,0.4435492079819208,,-1.4023720196481029,1
13198,1.49452550570032,,-1.2547124045086195,1
13199,0.6818586984370915,,-1.1070527893691366,1
13200,-0.033141952335078065,,-0.9593931742296533,1
13201,-1.2143513213219128,,-0.8117335590901702,1
13202,2.277980537986824,,-0.6640739439506871,1
13203,0.8254293325668769,,-0.516414328811204,1
13204,0.8779371242520649,,-0.36875471367172086,1
13205,-0.2210950985322377,-0.2210950985322377,-0.2210950985322377,0
13206,0.6887480787297791,0.6887480787297791,0.6887480787297791,0
13207,-1.1261532019559366,-1.1261532019559366,-1.1261532019559366,0
13208,-0.29293770324179896,,-1.0993694981792534,1
13209,-0.44103430873862887,,-1.0725857944025705,1
13210,-1.085825754444729,,-1.0458020906258874,1
13211,0.518841112283501,,-1.0190183868492042,1
13212,-0.2578607613025986,,-0.9922346830725212,1
13213,0.9410999211204786,,-0.9654509792958381,1
13214,-0.558228710967322,,-0.938667275519155,1
13215,-1.0944300524283237,,-0.9118835717424719,1
13216,-0.873034218481592,,-0.8850998679657889,1
13217,-0.5890489878655949,,-0.8583161641891057,1
13218,-0.8315324604124227,-0.8315324604124227,-0.8315324604124227,0
13219,1.7899067490369243,1.7899067490369243,1.7899067490369243,0
13220,0.4929610316913783,0.4929610316913783,0.4929610316913783,0
13221,0.6052936090511299,0.6052936090511299,0.6052936090511299,0
13222,-2.466290385298801,-2.466290385298801,-2.466290385298801,0
13223,1.3182246974598872,1.3182246974598872,1.3182246974598872,0
13224,-0.24691005937069482,-0.24691005937069482,-0.24691005937069482,0
13225,1.2048479374372676,1.2048479374372676,1.2048479374372676,0
13226,-0.11551983783450902,-0.11551983783450902,-0.11551983783450902,0
13227,0.289844254380902,0.289844254380902,0.289844254380902,0
13228,-0.6363284306921976,-0.6363284306921976,-0.6363284306921976,0
13229,0.2383303991983625,0.2383303991983625,0.2383303991983625,0
13230,-1.4069758267000523,-1.4069758267000523,-1.4069758267000523,0
13231,0.7918109945240611,0.7918109945240611,0.7918109945240611,0
13232,-0.49596599033139244,-0.49596599033139244,-0.49596599033139244,0
13233,0.12426454146534222,0.12426454146534222,0.12426454146534222,0
13234,0.3183315279759702,0.3183315279759702,0.3183315279759702,0
13235,-0.5304183433478706,,0.28239668672306195,1
13236,-0.49904821476627464,,0.2464618454701537,1
13237,0.7534868324528898,,0.2105270042172455,1
13238,0.6239130581351051,,0.17459216296433724,1
13239,0.888821965794557,,0.138657321711429,1
13240,-1.0573974164200495,,0.10272248045852078,1
13241,0.14651478496756162,,0.06678763920561254,1
13242,-0.6667321657593627,,0.03085279795270429,1
13243,-0.017696513048365194,,-0.005082043300203953,1
13244,1.625093421151147,,-0.0410168845531122,1
13245,-0.07695172580602042,-0.07695172580602042,-0.07695172580602042,0
13246,-0.2816116207570446,-0.2816116207570446,-0.2816116207570446,0
13247,0.4495776537156401,0.4495776537156401,0.4495776537156401,0
13248,1.197090083140172,1.197090083140172,1.197090083140172,0
13249,0.8541205030431743,0.8541205030431743,0.8541205030431743,0
13250,-0.5873478519267823,-0.5873478519267823,-0.5873478519267823,0
13251,-0.02765163212940535,-0.02765163212940535,-0.02765163212940535,0
13252,1.180872141908582,1.180872141908582,1.180872141908582,0
13253,-0.12425870602435962,-0.12425870602435962,-0.12425870602435962,0
13254,0.1942599752650416,0.1942599752650416,0.1942599752650416,0
13255,-0.2813526399561558,-0.2813526399561558,-0.2813526399561558,0
13256,-0.79517337932915,-0.79517337932915,-0.79517337932915,0
13257,0.05565205782369552,0.05565205782369552,0.05565205782369552,0
13258,0.40094014830628216,0.40094014830628216,0.40094014830628216,0
13259,-0.4419240921105422,-0.4419240921105422,-0.4419240921105422,0
13260,-0.20238040278934197,-0.20238040278934197,-0.20238040278934197,0
13261,-1.0914657779060346,-1.0914657779060346,-1.0914657779060346,0
13262,1.184205638051611,1.184205638051611,1.184205638051611,0
13263,0.8568764306601361,0.8568764306601361,0.8568764306601361,0
13264,-0.29723302205255453,-0.29723302205255453,-0.29723302205255453,0
13265,-2.0751023759116776,-2.0751023759116776,-2.0751023759116776,0
13266,1.476014135285457,,-1.9378106510816075,1
13267,1.5639640050963615,,-1.8005189262515375,1
13268,-0.522302550537619,,-1.6632272014214675,1
13269,1.8577222411065764,,-1.5259354765913975,1
13270,0.24922726297750603,,-1.3886437517613275,1
13271,-0.30253671232118545,,-1.2513520269312575,1
13272,-0.1449352762852705,,-1.1140603021011874,1
13273,-0.17347655192891948,,-0.9767685772711174,1
13274,1.440169622590708,,-0.8394768524410474,1
13275,-1.583122950022567,,-0.7021851276109774,1
13276,-0.5648934027809075,-0.5648934027809075,-0.5648934027809075,0
13277,-1.1906171212241599,-1.1906171212241599,-1.1906171212241599,0
13278,-0.40644047917699827,-0.40644047917699827,-0.40644047917699827,0
13279,-0.9075482843940137,,-0.3987416337033236,1
13280,-0.7917261021014456,,-0.3910427882296489,1
13281,-0.7796619382725726,,-0.3833439427559742,1
13282,-0.88228842251254,,-0.37564509728229956,1
13283,-0.10204766641398837,,-0.3679462518086249,1
13284,0.6196404769837567,,-0.36024740633495017,1
13285,0.8596999013309654,,-0.3525485608612755,1
13286,0.14368102435796914,,-0.34484971538760084,1
13287,-1.830295342305513,,-0.3371508699139262,1
13288,0.6540032793293066,,-0.32945202444025146,1
13289,-0.3217531789665768,-0.3217531789665768,-0.3217531789665768,0
13290,-0.3442303126965587,-0.3442303126965587,-0.3442303126965587,0
13291,0.0720557809399671,0.0720557809399671,0.0720557809399671,0
13292,-0.8388692051224219,-0.8388692051224219,-0.8388692051224219,0
13293,1.3789699935848954,1.3789699935848954,1.3789699935848954,0
13294,-0.9286785872296743,-0.9286785872296743,-0.9286785872296743,0
13295,0.035013792160742116,0.035013792160742116,0.035013792160742116,0
13296,-0.6112263022555963,,0.2766003227061143,1
13297,-0.9148941609725011,,0.5181868532514865,1
13298,0.4679888217543367,,0.7597733837968587,1
13299,1.785896255167616,,1.001359914342231,1
13300,1.3310616483819415,,1.242946444887603,1
13301,-0.13194481568025074,,1.4845329754329752,1
13302,1.3987266277341739,,1.7261195059783474,1
13303,-0.5180441243571012,,1.9677060365237196,1
13304,-0.3800488052103734,,2.2092925670690917,1
13305,-1.1079192194606828,,2.450879097614464,1
13306,2.692465628159836,2.692465628159836,2.692465628159836,0
13307,-0.7071832191597436,-0.7071832191597436,-0.7071832191597436,0
13308,-1.2570992810895836,,-0.575488836734714,1
13309,-1.1133020651230274,,-0.4437944543096842,1
13310,1.9497117403588808,,-0.31210007188465455,1
13311,1.528202011943808,,-0.18040568945962487,1
13312,0.17067350387875393,,-0.04871130703459525,1
13313,0.6290444961295566,,0.08298307539043448,1
13314,0.7711167940770484,,0.2146774578154642,1
13315,0.3904658435814001,,0.34637184024049383,1
13316,-0.23341893128168872,,0.47806622266552345,1
13317,-0.4047044164119584,,0.6097606050905531,1
13318,0.7414549875155828,0.7414549875155828,0.7414549875155828,0
13319,0.4927798136101963,0.4927798136101963,0.4927798136101963,0
13320,0.2595402996137887,,0.5652757290684192,1
13321,0.1892970602643949,,0.6377716445266419,1
13322,-0.4009239208857032,,0.7102675599848647,1
13323,1.59198463226528,,0.7827634754430876,1
13324,-0.09425191900731136,,0.8552593909013104,1
13325,-0.6681082202122752,,0.9277553063595332,1
13326,-0.11370148152725328,,1.0002512218177562,1
13327,0.6065531873938056,,1.0727471372759787,1
13328,-0.13968089196227454,,1.1452430527342017,1
13329,0.07389427937346048,,1.2177389681924244,1
13330,1.2902348836506472,1.2902348836506472,1.2902348836506472,0
13331,0.9116691525712269,0.9116691525712269,0.9116691525712269,0
13332,-0.2877241356512562,-0.2877241356512562,-0.2877241356512562,0
13333,-1.0460400697846857,-1.0460400697846857,-1.0460400697846857,0
13334,-0.5984917536734922,-0.5984917536734922,-0.5984917536734922,0
13335,-2.0565582737586654,-2.0565582737586654,-2.0565582737586654,0
13336,-0.7625751383387209,-0.7625751383387209,-0.7625751383387209,0
13337,0.3271782100544911,0.3271782100544911,0.3271782100544911,0
13338,-0.7014956149690877,-0.7014956149690877,-0.7014956149690877,0
13339,1.0604990905147749,1.0604990905147749,1.0604990905147749,0
13340,-1.602427968696334,-1.602427968696334,-1.602427968696334,0
13341,0.33495291950261047,0.33495291950261047,0.33495291950261047,0
13342,-0.8522845965509458,-0.8522845965509458,-0.8522845965509458,0
13343,-0.011143785241533755,-0.011143785241533755,-0.011143785241533755,0
13344,0.5114606131003727,0.5114606131003727,0.5114606131003727,0
13345,1.397477355680806,1.397477355680806,1.397477355680806,0
13346,1.1178089472265649,1.1178089472265649,1.1178089472265649,0
13347,-0.08510654145093095,,1.0174467243356695,1
13348,0.06578979947659372,,0.9170845014447743,1
13349,0.7569339775913283,,0.816722278553879,1
13350,-0.8688411361688645,,0.7163600556629837,1
13351,-0.1379435744249969,,0.6159978327720883,1
13352,1.2704587053905185,,0.5156356098811931,1
13353,-1.61268498738352,,0.4152733869902978,1
13354,0.16703837062426405,,0.31491116409940245,1
13355,0.3534561693812622,,0.2145489412085071,1
13356,0.12321045728399127,,0.11418671831761174,1
13357,0.013824495426716618,0.013824495426716618,0.013824495426716618,0
13358,2.2711201673641868,2.2711201673641868,2.2711201673641868,0
13359,-1.036853141098718,-1.036853141098718,-1.036853141098718,0
13360,-1.9297693780027163,-1.9297693780027163,-1.9297693780027163,0
13361,1.1551246905452617,1.1551246905452617,1.1551246905452617,0
13362,0.10726032295852755,0.10726032295852755,0.10726032295852755,0
13363,1.2357194072851057,1.2357194072851057,1.2357194072851057,0
13364,-1.445521712554976,-1.445521712554976,-1.445521712554976,0
13365,0.8291518165963806,0.8291518165963806,0.8291518165963806,0
13366,-0.8094887106923935,-0.8094887106923935,-0.8094887106923935,0
13367,-1.0290904331162338,-1.0290904331162338,-1.0290904331162338,0
13368,0.5850715191770591,0.5850715191770591,0.5850715191770591,0
13369,0.2267024980974229,0.2267024980974229,0.2267024980974229,0
13370,0.35407478083950195,0.35407478083950195,0.35407478083950195,0
13371,-0.9523741343404384,-0.9523741343404384,-0.9523741343404384,0
13372,-0.9148831622416904,-0.9148831622416904,-0.9148831622416904,0
13373,0.5717981592344581,0.5717981592344581,0.5717981592344581,0
13374,-0.16094165287116885,,0.5784573963817082,1
13375,-0.047243464979311464,,0.5851166335289584,1
13376,1.0954065961312685,,0.5917758706762085,1
13377,0.06977756290691824,,0.5984351078234587,1
13378,0.3721365243493794,,0.6050943449707088,1
13379,1.552845449935923,,0.6117535821179589,1
13380,-0.33577811904785027,,0.6184128192652091,1
13381,1.5266705677181476,,0.6250720564124592,1
13382,-2.1617578110516793,,0.6317312935597094,1
13383,0.019077428193255603,,0.6383905307069595,1
13384,0.6450497678542096,0.6450497678542096,0.6450497678542096,0
13385,-1.2754624870816655,-1.2754624870816655,-1.2754624870816655,0
13386,0.7755334483314607,0.7755334483314607,0.7755334483314607,0
13387,1.2511709000906017,1.2511709000906017,1.2511709000906017,0
13388,0.3902994929260909,0.3902994929260909,0.3902994929260909,0
13389,0.6320210483274584,0.6320210483274584,0.6320210483274584,0
13390,-0.1919067429199533,-0.1919067429199533,-0.1919067429199533,0
13391,1.4207218721824233,1.4207218721824233,1.4207218721824233,0
13392,-0.6391542670944017,,1.2149301015300873,1
13393,-0.5141865177931932,,1.0091383308777513,1
13394,-0.4143876117272158,,0.8033465602254154,1
13395,1.7155782485046935,,0.5975547895730794,1
13396,0.5324339548688106,,0.3917630189207435,1
13397,0.7616764685314927,,0.1859712482684075,1
13398,-0.43701060491518734,,-0.019820522383928507,1
13399,1.012909871566234,,-0.2256122930362645,1
13400,0.3528915401939813,,-0.4314040636886005,1
13401,0.027047476950573076,,-0.6371958343409363,1
13402,-0.8429876049932727,-0.8429876049932727,-0.8429876049932727,0
13403,1.329462287393685,1.329462287393685,1.329462287393685,0
13404,-0.878219040011877,-0.878219040011877,-0.878219040011877,0
13405,0.37605652015161567,,-0.794897187189863,1
13406,0.623167508393543,,-0.7115753343678489,1
13407,-1.0432676564339707,,-0.6282534815458349,1
13408,-1.1374884185947816,,-0.5449316287238208,1
13409,0.21142313309653263,,-0.46160977590180685,1
13410,-0.8886890088150075,,-0.37828792307979286,1
13411,-0.9689736388636925,,-0.29496607025777877,1
13412,-1.119825104359864,,-0.21164421743576478,1
13413,0.15712156173598113,,-0.1283223646137508,1
13414,1.1018924177619833,,-0.0450005117917367,1
13415,0.038321341030277296,0.038321341030277296,0.038321341030277296,0
13416,1.0998977039446813,1.0998977039446813,1.0998977039446813,0
13417,-0.7929896957672549,-0.7929896957672549,-0.7929896957672549,0
13418,0.17966934928913564,,-0.7851883107748473,1
13419,0.5226602058993216,,-0.7773869257824398,1
13420,-1.7574235659389499,,-0.7695855407900323,1
13421,-1.0684222169373778,,-0.7617841557976247,1
13422,1.6118892897043646,,-0.7539827708052171,1
13423,-0.06550323569082049,,-0.7461813858128097,1
13424,-0.18252456033932965,,-0.7383800008204021,1
13425,0.570639218406788,,-0.7305786158279945,1
13426,0.6447728147723166,,-0.7227772308355871,1
13427,-1.117538520284359,,-0.7149758458431795,1
13428,-0.707174460850772,-0.707174460850772,-0.707174460850772,0
13429,-0.4502877860727154,-0.4502877860727154,-0.4502877860727154,0
13430,0.5122672260816153,0.5122672260816153,0.5122672260816153,0
13431,0.6791730358459659,0.6791730358459659,0.6791730358459659,0
13432,-2.273213497662574,-2.273213497662574,-2.273213497662574,0
13433,1.604631210863396,1.604631210863396,1.604631210863396,0
13434,-0.7433744640494462,-0.7433744640494462,-0.7433744640494462,0
13435,1.8287538044612552,1.8287538044612552,1.8287538044612552,0
13436,-0.8569589356571162,,1.7269831043631125,1
13437,-1.1101432335905832,,1.6252124042649698,1
13438,-0.5877245971681738,,1.5234417041668273,1
13439,-0.7163905991376931,,1.4216710040686846,1
13440,-0.6007987973322853,,1.319900303970542,1
13441,0.562891130167429,,1.2181296038723994,1
13442,1.3838823855064741,,1.1163589037742567,1
13443,0.9909498680436666,,1.014588203676114,1
13444,-1.512283868630342,,0.9128175035779713,1
13445,0.7016659918405203,,0.8110468034798286,1
13446,0.7092761033816861,0.7092761033816861,0.7092761033816861,0
13447,2.152312128900419,2.152312128900419,2.152312128900419,0
13448,1.7654878392199413,1.7654878392199413,1.7654878392199413,0
13449,0.7692819471412617,0.7692819471412617,0.7692819471412617,0
13450,1.4090793776656396,1.4090793776656396,1.4090793776656396,0
13451,-0.11017652138871062,-0.11017652138871062,-0.11017652138871062,0
13452,-1.59499179374547,-1.59499179374547,-1.59499179374547,0
13453,0.18525292623576373,0.18525292623576373,0.18525292623576373,0
13454,0.9289202695051092,,0.24320809492104,1
13455,0.8456105197171314,,0.3011632636063163,1
13456,1.4016104434912047,,0.35911843229159257,1
13457,-1.06547564105391,,0.41707360097686885,1
13458,-0.8863100171106845,,0.4750287696621451,1
13459,1.0375561744859518,,0.5329839383474213,1
13460,0.6574655878932527,,0.5909391070326977,1
13461,-0.8506359241166197,,0.6488942757179739,1
13462,0.6015404421666606,,0.7068494444032501,1
13463,-0.2711078402098384,,0.7648046130885264,1
13464,0.8227597817738027,0.8227597817738027,0.8227597817738027,0
13465,0.5854374654102587,0.5854374654102587,0.5854374654102587,0
13466,0.16693865222446627,0.16693865222446627,0.16693865222446627,0
13467,-1.342179463736996,-1.342179463736996,-1.342179463736996,0
13468,-0.7545774432933335,-0.7545774432933335,-0.7545774432933335,0
13469,-1.5932473118458472,-1.5932473118458472,-1.5932473118458472,0
13470,-1.983593460396301,-1.983593460396301,-1.983593460396301,0
13471,0.7219950104624583,0.7219950104624583,0.7219950104624583,0
13472,0.5816268490165046,0.5816268490165046,0.5816268490165046,0
13473,-1.2365611259580103,-1.2365611259580103,-1.2365611259580103,0
13474,1.9217687183710808,1.9217687183710808,1.9217687183710808,0
13475,-0.8155015914054898,-0.8155015914054898,-0.8155015914054898,0
13476,-1.273814863256366,-1.273814863256366,-1.273814863256366,0
13477,-1.2420228742483237,-1.2420228742483237,-1.2420228742483237,0
13478,0.40039981492748794,0.40039981492748794,0.40039981492748794,0
13479,-0.36274058039404455,,0.24304401328762032,1
13480,-0.6179661122665829,,0.0856882116477527,1
13481,-1.4264829648216169,,-0.07166758999211492,1
13482,-0.569781426457015,,-0.22902339163198254,1
13483,-1.4141433846874027,,-0.38637919327185016,1
13484,0.9539686983918266,,-0.5437349949117178,1
13485,0.6338271667121831,,-0.7010907965515853,1
13486,1.181128427462918,,-0.8584465981914531,1
13487,-1.6179485892176855,,-1.0158023998313208,1
13488,0.6062140929730292,,-1.1731582014711883,1
13489,-1.330514003111056,-1.330514003111056,-1.330514003111056,0
13490,0.60884009126276,0.60884009126276,0.60884009126276,0
13491,0.09356533991110565,,0.5589382919655553,1
13492,-0.21980183927160038,,0.5090364926683507,1
13493,-0.21832803443534304,,0.4591346933711461,1
13494,0.28522172240473037,,0.4092328940739415,1
13495,-0.3251349828465055,,0.35933109477673686,1
13496,1.7327773985048478,,0.3094292954795323,1
13497,0.7272206959218674,,0.2595274961823277,1
13498,-1.2427107300252733,,0.20962569688512306,1
13499,-0.3199793411957254,,0.15972389758791844,1
13500,-0.9780791927749077,,0.10982209829071382,1
13501,0.059920298993509286,0.059920298993509286,0.059920298993509286,0
13502,0.7499133237086795,0.7499133237086795,0.7499133237086795,0
13503,-1.3144068048873638,-1.3144068048873638,-1.3144068048873638,0
13504,0.49425999691400657,0.49425999691400657,0.49425999691400657,0
13505,0.2834738565421748,0.2834738565421748,0.2834738565421748,0
13506,-1.4698764958126742,,0.42067958339163725,1
13507,-1.1252299827182075,,0.5578853102410997,1
13508,-0.028973715408281583,,0.6950910370905621,1
13509,-3.10063187855369,,0.8322967639400245,1
13510,0.5884610025937315,,0.9695024907894869,1
13511,0.8594329960217859,,1.1067082176389496,1
13512,0.021857332188514034,,1.243913944488412,1
13513,-0.4751599931991777,,1.3811196713378744,1
13514,1.0135035584105487,,1.5183253981873368,1
13515,-2.3165720506673324,,1.6555311250367992,1
13516,1.7927368518862619,1.7927368518862619,1.7927368518862619,0
13517,-0.5471583688599665,-0.5471583688599665,-0.5471583688599665,0
13518,1.0313593138701482,1.0313593138701482,1.0313593138701482,0
13519,-1.2789623882505203,-1.2789623882505203,-1.2789623882505203,0
13520,0.12021144441303958,0.12021144441303958,0.12021144441303958,0
13521,-0.8753272594784073,-0.8753272594784073,-0.8753272594784073,0
13522,0.1914203998263341,0.1914203998263341,0.1914203998263341,0
13523,0.3192026416508968,0.3192026416508968,0.3192026416508968,0
13524,-1.6446480733819673,-1.6446480733819673,-1.6446480733819673,0
13525,0.44649464161907215,,-1.5344030278398166,1
13526,0.4603853328705911,,-1.4241579822976662,1
13527,2.369729909511024,,-1.3139129367555156,1
13528,-1.0332475878069134,,-1.2036678912133651,1
13529,-0.08352280633457997,,-1.0934228456712145,1
13530,-0.08149162310800068,,-0.9831778001290639,1
13531,0.8412443668675351,,-0.8729327545869133,1
13532,0.2089668185632669,,-0.7626877090447628,1
13533,-0.6995109636828328,,-0.6524426635026123,1
13534,-1.195204309592837,,-0.5421976179604617,1
13535,-0.43195257241831114,-0.43195257241831114,-0.43195257241831114,0
13536,0.8933461252203595,0.8933461252203595,0.8933461252203595,0
13537,0.1915753087911197,0.1915753087911197,0.1915753087911197,0
13538,0.41297138486917256,0.41297138486917256,0.41297138486917256,0
13539,0.17442846704849363,0.17442846704849363,0.17442846704849363,0
13540,-2.936654452870825,-2.936654452870825,-2.936654452870825,0
13541,0.7958840291459075,,-2.7478212457469904,1
13542,0.6597389498343833,,-2.558988038623155,1
13543,-0.4780536465539146,,-2.3701548314993204,1
13544,1.0173861794852628,,-2.181321624375485,1
13545,1.3151636417836388,,-1.9924884172516504,1
13546,0.34781751631681657,,-1.8036552101278154,1
13547,0.2696819162976725,,-1.6148220030039804,1
13548,0.004201589821844825,,-1.4259887958801454,1
13549,2.2032017764932075,,-1.2371555887563104,1
13550,-1.8589657688522194,,-1.0483223816324754,1
13551,-0.8594891745086402,-0.8594891745086402,-0.8594891745086402,0
13552,-0.4325542538582323,-0.4325542538582323,-0.4325542538582323,0
13553,-0.9125984049085195,-0.9125984049085195,-0.9125984049085195,0
13554,-0.44232091214331914,,-0.7143169653242447,1
13555,-0.1136224060480621,,-0.5160355257399698,1
13556,0.6980168335656688,,-0.317754086155695,1
13557,-0.34769338825403084,,-0.1194726465714202,1
13558,-0.5055857614849227,,0.0788087930128546,1
13559,-1.001083020684395,,0.2770902325971295,1
13560,0.5866367496113463,,0.4753716721814042,1
13561,-0.19782067024985225,,0.6736531117656791,1
13562,0.6566262875700741,,0.871934551349954,1
13563,-0.17298347370017228,,1.0702159909342286,1
13564,1.2684974305185035,1.2684974305185035,1.2684974305185035,0
13565,-0.6597822331048439,-0.6597822331048439,-0.6597822331048439,0
13566,0.3806820900896352,0.3806820900896352,0.3806820900896352,0
13567,-1.365496845272378,-1.365496845272378,-1.365496845272378,0
13568,0.04580185365053196,0.04580185365053196,0.04580185365053196,0
13569,0.012304779086242753,0.012304779086242753,0.012304779086242753,0
13570,-1.5347407164564417,-1.5347407164564417,-1.5347407164564417,0
13571,-0.3976632667518208,-0.3976632667518208,-0.3976632667518208,0
13572,0.5934165066897238,0.5934165066897238,0.5934165066897238,0
13573,-1.9400105546692563,-1.9400105546692563,-1.9400105546692563,0
13574,-0.48651386520150464,-0.48651386520150464,-0.48651386520150464,0
13575,0.3093516972874365,0.3093516972874365,0.3093516972874365,0
13576,0.9296097008726338,0.9296097008726338,0.9296097008726338,0
13577,-0.14586539954479097,-0.14586539954479097,-0.14586539954479097,0
13578,1.7023869611877251,1.7023869611877251,1.7023869611877251,0
13579,0.7385953407049914,0.7385953407049914,0.7385953407049914,0
13580,0.2181824410925467,0.2181824410925467,0.2181824410925467,0
13581,-0.8109250920823203,-0.8109250920823203,-0.8109250920823203,0
13582,0.1649558108750655,0.1649558108750655,0.1649558108750655,0
13583,-0.020783166185364597,-0.020783166185364597,-0.020783166185364597,0
13584,1.9281305940043723,1.9281305940043723,1.9281305940043723,0
13585,0.17251941447544245,0.17251941447544245,0.17251941447544245,0
13586,0.14783445619907182,0.14783445619907182,0.14783445619907182,0
13587,-0.4581651228884467,-0.4581651228884467,-0.4581651228884467,0
13588,1.3100097802356951,1.3100097802356951,1.3100097802356951,0
13589,-0.37754959257007586,-0.37754959257007586,-0.37754959257007586,0
13590,1.886185094882793,1.886185094882793,1.886185094882793,0
13591,0.3519627226772265,0.3519627226772265,0.3519627226772265,0
13592,-1.4559108682387847,-1.4559108682387847,-1.4559108682387847,0
13593,-0.2853101537124022,,-1.3836763332648534,1
13594,-0.28430764515023527,,-1.3114417982909221,1
13595,-1.476036759343685,,-1.2392072633169908,1
13596,-0.6228096211582226,,-1.1669727283430593,1
13597,-1.6004226726290864,,-1.094738193369128,1
13598,-0.9251001433692564,,-1.0225036583951967,1
13599,0.8778328044933781,,-0.9502691234212653,1
13600,0.7421803457484842,,-0.8780345884473341,1
13601,-1.599228563111977,,-0.8058000534734028,1
13602,-0.36526608165680996,,-0.7335655184994714,1
13603,-0.6613309835255401,-0.6613309835255401,-0.6613309835255401,0
13604,-0.8278566444221359,-0.8278566444221359,-0.8278566444221359,0
13605,-0.2075186383769591,,-0.7489120891199044,1
13606,-0.01921468086132455,,-0.6699675338176729,1
13607,-1.2887403317548705,,-0.5910229785154414,1
13608,2.128855494009851,,-0.5120784232132098,1
13609,1.1305751443815697,,-0.4331338679109784,1
13610,-0.647035935790091,,-0.35418931260874686,1
13611,0.48887555351084383,,-0.27524475730651543,1
13612,2.5320906086418034,,-0.19630020200428389,1
13613,-0.9494879376011163,,-0.11735564670205234,1
13614,-1.663888401496102,,-0.03841109139982091,1
13615,-1.377533686061438,,0.04053346390241064,1
13616,-1.037725904862756,,0.11947801920464218,1
13617,-0.5778739218498591,,0.19842257450687362,1
13618,0.14769024113951196,,0.27736712980910505,1
13619,1.6233642816415528,,0.3563116851113367,1
13620,-0.49068166788914386,,0.43525624041356814,1
13621,-0.4357348207164714,,0.5142007957157996,1
13622,0.5225557696701889,,0.5931453510180312,1
13623,-0.990387436869472,,0.6720899063202627,1
13624,-0.221898124146114,,0.7510344616224941,1
13625,0.8299790169247258,0.8299790169247258,0.8299790169247258,0
13626,0.50197851899875,0.50197851899875,0.50197851899875,0
13627,0.8641203577552128,0.8641203577552128,0.8641203577552128,0
13628,0.9947486363382956,0.9947486363382956,0.9947486363382956,0
13629,-1.0181671952146623,-1.0181671952146623,-1.0181671952146623,0
13630,-0.3090395434225196,-0.3090395434225196,-0.3090395434225196,0
13631,-0.8657023427491105,-0.8657023427491105,-0.8657023427491105,0
13632,1.173783993362455,1.173783993362455,1.173783993362455,0
13633,-1.432505170750456,-1.432505170750456,-1.432505170750456,0
13634,-1.5498033803762077,-1.5498033803762077,-1.5498033803762077,0
13635,0.4006180979132407,0.4006180979132407,0.4006180979132407,0
13636,0.8914237411800223,0.8914237411800223,0.8914237411800223,0
13637,-1.6630980065818688,-1.6630980065818688,-1.6630980065818688,0
13638,-0.9860436081186474,-0.9860436081186474,-0.9860436081186474,0
13639,0.4514605197007731,,-1.0346287512809729,1
13640,0.6362117946538942,,-1.0832138944432985,1
13641,-1.3187963432974275,,-1.131799037605624,1
13642,0.9224652767287358,,-1.1803841807679496,1
13643,-0.5839411912482049,,-1.228969323930275,1
13644,-0.3648314225071781,,-1.2775544670926005,1
13645,-0.1679250587489896,,-1.326139610254926,1
13646,0.37985549340603664,,-1.3747247534172515,1
13647,0.9833715510315858,,-1.423309896579577,1
13648,-0.4741818654795045,,-1.4718950397419026,1
13649,-1.520480182904228,-1.520480182904228,-1.520480182904228,0
13650,0.6430052302282486,0.6430052302282486,0.6430052302282486,0
13651,2.168167567713508,2.168167567713508,2.168167567713508,0
13652,1.1026147991705728,1.1026147991705728,1.1026147991705728,0
13653,-0.7879314043924476,-0.7879314043924476,-0.7879314043924476,0
13654,-0.1266633426153957,-0.1266633426153957,-0.1266633426153957,0
13655,0.7015524211358491,0.7015524211358491,0.7015524211358491,0
13656,0.25519582567207916,0.25519582567207916,0.25519582567207916,0
13657,-0.5710930633340686,-0.5710930633340686,-0.5710930633340686,0
13658,1.6853840218235794,1.6853840218235794,1.6853840218235794,0
13659,-0.6630572817183427,-0.6630572817183427,-0.6630572817183427,0
13660,0.27263200004277666,,-0.6568485211530882,1
13661,0.20599694436168592,,-0.6506397605878339,1
13662,-0.5996225730003325,,-0.6444310000225795,1
13663,-1.161487805963578,,-0.638222239457325,1
13664,-1.0447276462085855,,-0.6320134788920706,1
13665,0.5795562145351758,,-0.6258047183268163,1
13666,-0.9999780587730128,,-0.6195959577615618,1
13667,1.1842780290851562,,-0.6133871971963074,1
13668,0.09263068402312855,,-0.607178436631053,1
13669,-1.0795301006414086,,-0.6009696760657987,1
13670,-0.5947609155005442,-0.5947609155005442,-0.5947609155005442,0
13671,-1.1672778406975952,-1.1672778406975952,-1.1672778406975952,0
13672,1.203953460024716,1.203953460024716,1.203953460024716,0
13673,-0.5581541948662794,-0.5581541948662794,-0.5581541948662794,0
13674,0.059513684715892363,0.059513684715892363,0.059513684715892363,0
13675,1.781321304514659,1.781321304514659,1.781321304514659,0
13676,-0.683411135037644,-0.683411135037644,-0.683411135037644,0
13677,1.9106359666536001,1.9106359666536001,1.9106359666536001,0
13678,-0.07751155400669639,-0.07751155400669639,-0.07751155400669639,0
13679,2.289554143659871,2.289554143659871,2.289554143659871,0
13680,-0.6017802490268019,-0.6017802490268019,-0.6017802490268019,0
13681,0.694240436971185,0.694240436971185,0.694240436971185,0
13682,-0.591372987971251,-0.591372987971251,-0.591372987971251,0
13683,1.2814090216276157,1.2814090216276157,1.2814090216276157,0
13684,-1.4655539895874823,-1.4655539895874823,-1.4655539895874823,0
13685,0.41642610905253485,0.41642610905253485,0.41642610905253485,0
13686,0.3701420977003279,0.3701420977003279,0.3701420977003279,0
13687,-0.5777394009909105,-0.5777394009909105,-0.5777394009909105,0
13688,-0.5412955025600359,-0.5412955025600359,-0.5412955025600359,0
13689,-1.101449460059383,-1.101449460059383,-1.101449460059383,0
13690,-0.5022138150726595,-0.5022138150726595,-0.5022138150726595,0
13691,-0.1054739075984162,-0.1054739075984162,-0.1054739075984162,0
13692,-1.1980676062182916,-1.1980676062182916,-1.1980676062182916,0
13693,-1.2840146183745267,-1.2840146183745267,-1.2840146183745267,0
13694,0.2702293165788835,0.2702293165788835,0.2702293165788835,0
13695,0.5858438765075459,0.5858438765075459,0.5858438765075459,0
13696,-1.4506528744416127,-1.4506528744416127,-1.4506528744416127,0
13697,-1.16214539017348,-1.16214539017348,-1.16214539017348,0
13698,0.6848820434065547,0.6848820434065547,0.6848820434065547,0
13699,-1.2346022503892675,-1.2346022503892675,-1.2346022503892675,0
13700,0.47109594320037246,0.47109594320037246,0.47109594320037246,0
13701,-0.48153182380092374,-0.48153182380092374,-0.48153182380092374,0
13702,-1.913061458238219,,-0.5416139292778539,1
13703,-1.6493409381741562,,-0.6016960347547841,1
13704,1.245097071200276,,-0.6617781402317142,1
13705,-0.13607704307753227,,-0.7218602457086445,1
13706,1.709707440456794,,-0.7819423511855746,1
13707,-0.8704786320029886,,-0.8420244566625048,1
13708,0.8696457278173882,,-0.9021065621394351,1
13709,0.37543846249225027,,-0.9621886676163651,1
13710,1.468502666774313,,-1.0222707730932954,1
13711,-1.1624064363371847,,-1.0823528785702257,1
13712,-1.1424349840471557,-1.1424349840471557,-1.1424349840471557,0
13713,1.8343457033460946,1.8343457033460946,1.8343457033460946,0
13714,0.5259508966468995,0.5259508966468995,0.5259508966468995,0
13715,-0.5377813465497345,-0.5377813465497345,-0.5377813465497345,0
13716,1.3498364978333672,1.3498364978333672,1.3498364978333672,0
13717,0.2425332013709513,0.2425332013709513,0.2425332013709513,0
13718,-0.03288674910488542,-0.03288674910488542,-0.03288674910488542,0
13719,-2.9466854027316343,-2.9466854027316343,-2.9466854027316343,0
13720,-1.074602390554075,-1.074602390554075,-1.074602390554075,0
13721,0.6864677136805605,0.6864677136805605,0.6864677136805605,0
13722,-0.3334174378972191,-0.3334174378972191,-0.3334174378972191,0
13723,-1.1075777535241171,-1.1075777535241171,-1.1075777535241171,0
13724,-0.5117678223048618,-0.5117678223048618,-0.5117678223048618,0
13725,-1.7370667498455368,-1.7370667498455368,-1.7370667498455368,0
13726,1.343134462135694,1.343134462135694,1.343134462135694,0
13727,-0.9253324225629027,-0.9253324225629027,-0.9253324225629027,0
13728,-0.1498975479830692,-0.1498975479830692,-0.1498975479830692,0
13729,0.5597005301440646,0.5597005301440646,0.5597005301440646,0
13730,-0.104985245697028,-0.104985245697028,-0.104985245697028,0
13731,1.4408442223050024,1.4408442223050024,1.4408442223050024,0
13732,-0.8108587925257841,-0.8108587925257841,-0.8108587925257841,0
13733,1.1566814783885742,1.1566814783885742,1.1566814783885742,0
13734,0.23714447559816038,0.23714447559816038,0.23714447559816038,0
13735,0.6035182964451098,0.6035182964451098,0.6035182964451098,0
13736,0.6667305786362605,,0.6965736396438179,1
13737,0.5260414124947417,,0.789628982842526,1
13738,0.23087303047231403,,0.882684326041234,1
13739,0.3801898396971298,,0.9757396692399423,1
13740,0.8917617083201145,,1.0687950124386503,1
13741,0.25925585582930233,,1.1618503556373585,1
13742,0.2690959559958181,,1.2549056988360665,1
13743,-0.32603613291144157,,1.3479610420347745,1
13744,-2.5640187102849223,,1.4410163852334827,1
13745,0.2692924551499765,,1.534071728432191,1
13746,1.627127071630899,1.627127071630899,1.627127071630899,0
13747,0.8374139453555541,0.8374139453555541,0.8374139453555541,0
13748,-0.6447812222636551,-0.6447812222636551,-0.6447812222636551,0
13749,0.7770037849305313,0.7770037849305313,0.7770037849305313,0
13750,-0.5491371012978333,-0.5491371012978333,-0.5491371012978333,0
13751,0.2512122812227967,0.2512122812227967,0.2512122812227967,0
13752,0.7268720727036996,0.7268720727036996,0.7268720727036996,0
13753,-1.7097802125135533,-1.7097802125135533,-1.7097802125135533,0
13754,-0.4952977150624395,-0.4952977150624395,-0.4952977150624395,0
13755,0.4175026981482453,0.4175026981482453,0.4175026981482453,0
13756,-0.8022850599668152,-0.8022850599668152,-0.8022850599668152,0
13757,0.5198903221876211,0.5198903221876211,0.5198903221876211,0
13758,-1.1010888282759672,-1.1010888282759672,-1.1010888282759672,0
13759,-0.010142924847180787,-0.010142924847180787,-0.010142924847180787,0
13760,-1.4794867680193735,-1.4794867680193735,-1.4794867680193735,0
13761,-0.018104234190417783,-0.018104234190417783,-0.018104234190417783,0
13762,0.6891390727025138,0.6891390727025138,0.6891390727025138,0
13763,-0.3436948119480774,-0.3436948119480774,-0.3436948119480774,0
13764,-0.9053823778138189,-0.9053823778138189,-0.9053823778138189,0
13765,0.3179786185705669,0.3179786185705669,0.3179786185705669,0
13766,0.71921301945933,0.71921301945933,0.71921301945933,0
13767,-2.0426180802530824,-2.0426180802530824,-2.0426180802530824,0
13768,0.1696927685490183,0.1696927685490183,0.1696927685490183,0
13769,0.6311155455037092,,0.16344312175656983,1
13770,0.3244135446532223,,0.1571934749641214,1
13771,1.0470211289253621,,0.15094382817167293,1
13772,0.40901938036723423,,0.1446941813792245,1
13773,-0.8558494813199268,,0.13844453458677602,1
13774,0.5402996507241054,,0.1321948877943276,1
13775,1.162399592886878,,0.12594524100187912,1
13776,0.19651763843594536,,0.11969559420943067,1
13777,-0.5176465720246701,,0.11344594741698222,1
13778,2.338317715324966,,0.10719630062453377,1
13779,-0.28479159220591616,,0.10094665383208531,1
13780,-0.1678458258662208,,0.09469700703963685,1
13781,0.871459350151602,,0.0884473602471884,1
13782,-0.5486481782246596,,0.08219771345473995,1
13783,0.2522108521569488,,0.0759480666622915,1
13784,0.9263202025651914,,0.06969841986984304,1
13785,0.40041511748675285,,0.06344877307739459,1
13786,0.2686243924770462,,0.05719912628494614,1
13787,-0.86846404320598,,0.05094947949249769,1
13788,1.036264983533475,,0.044699832700049236,1
13789,-0.1628567976150828,,0.03845018590760077,1
13790,0.03752104416609931,,0.03220053911515233,1
13791,-0.1316471453283003,,0.025950892322703867,1
13792,0.38043024555866567,,0.0197012455302554,1
13793,-1.4175636149279567,,0.013451598737806963,1
13794,-0.24177981932786552,,0.007201951945358498,1
13795,1.9648020426845547,,0.0009523051529100601,1
13796,-0.11310881832434741,,-0.005297341639538405,1
13797,-0.728535929297036,,-0.011546988431986843,1
13798,0.6090345553803063,,-0.01779663522443531,1
13799,-0.02404628201688375,-0.02404628201688375,-0.02404628201688375,0
13800,-1.1943804158169233,-1.1943804158169233,-1.1943804158169233,0
13801,-0.7765001862817503,-0.7765001862817503,-0.7765001862817503,0
13802,0.8341892703517902,0.8341892703517902,0.8341892703517902,0
13803,-0.5589753634651051,-0.5589753634651051,-0.5589753634651051,0
13804,1.4889565876162847,1.4889565876162847,1.4889565876162847,0
13805,-0.22888570230287386,,1.385319079444433,1
13806,-0.38447670539258005,,1.281681571272581,1
13807,-0.2689743364390135,,1.1780440631007294,1
13808,0.22030563214028662,,1.0744065549288775,1
13809,1.7629962861542465,,0.9707690467570258,1
13810,-0.24941718380804861,,0.867131538585174,1
13811,-1.835418502128691,,0.7634940304133222,1
13812,0.013703685832439957,,0.6598565222414704,1
13813,-0.7951021130169196,,0.5562190140696186,1
13814,0.2370869338749445,,0.4525815058977669,1
13815,0.34894399772591506,0.34894399772591506,0.34894399772591506,0
13816,1.5280567112719454,1.5280567112719454,1.5280567112719454,0
13817,-0.02875279899873687,-0.02875279899873687,-0.02875279899873687,0
13818,-0.3310681651202935,-0.3310681651202935,-0.3310681651202935,0
13819,-0.36241064574194115,-0.36241064574194115,-0.36241064574194115,0
13820,0.9332634559997083,0.9332634559997083,0.9332634559997083,0
13821,-1.58371166255735,-1.58371166255735,-1.58371166255735,0
13822,-0.703014810642786,-0.703014810642786,-0.703014810642786,0
13823,0.653217506961675,,-0.4551529806869245,1
13824,0.7271477958984682,,-0.20729115073106297,1
13825,0.14830225635452543,,0.04057067922479862,1
13826,-0.35040151485771437,,0.2884325091806601,1
13827,0.6238605301707321,,0.5362943391365216,1
13828,1.2019236368329045,,0.7841561690923833,1
13829,-0.7162761578692898,,1.0320179990482448,1
13830,-0.47851240374640264,,1.2798798290041062,1
13831,-0.8252759230709171,,1.527741658959968,1
13832,0.621972287657065,,1.7756034889158292,1
13833,2.023465318871691,2.023465318871691,2.023465318871691,0
13834,0.01632165727907907,,1.7256870007251506,1
13835,-0.2129955038952917,,1.42790868257861,1
13836,0.056036451002109355,,1.1301303644320695,1
13837,2.041331510006437,,0.832352046285529,1
13838,0.6626262138403298,,0.5345737281389884,1
13839,-0.6066837268450985,,0.23679540999244786,1
13840,0.5447506769210217,,-0.06098290815409291,1
13841,-0.4743922498007662,,-0.35876122630063323,1
13842,0.430186643869624,,-0.6565395444471736,1
13843,-0.1366220178508536,,-0.9543178625937143,1
13844,-1.2520961807402549,-1.2520961807402549,-1.2520961807402549,0
13845,-3.0636257913074068,-3.0636257913074068,-3.0636257913074068,0
13846,1.7911795257984664,1.7911795257984664,1.7911795257984664,0
13847,-0.3454631225861187,-0.3454631225861187,-0.3454631225861187,0
13848,-0.7282505661593018,-0.7282505661593018,-0.7282505661593018,0
13849,-0.286835228643335,-0.286835228643335,-0.286835228643335,0
13850,0.3767408830479735,0.3767408830479735,0.3767408830479735,0
13851,1.2697869077191715,1.2697869077191715,1.2697869077191715,0
13852,0.32942743503349126,0.32942743503349126,0.32942743503349126,0
13853,-2.0236609621466553,-2.0236609621466553,-2.0236609621466553,0
13854,-0.16571556592126335,-0.16571556592126335,-0.16571556592126335,0
13855,-1.8400334246445282,-1.8400334246445282,-1.8400334246445282,0
13856,-1.3451635370274215,-1.3451635370274215,-1.3451635370274215,0
13857,-1.8921437208287901,-1.8921437208287901,-1.8921437208287901,0
13858,-0.24178402062759174,,-1.6077049104920127,1
13859,-0.2142949638537453,,-1.323266100155235,1
13860,-0.5791696918436159,,-1.0388272898184576,1
13861,0.47888425229024445,,-0.7543884794816802,1
13862,1.8937318438750825,,-0.46994966914490277,1
13863,-0.2950874870575274,,-0.18551085880812512,1
13864,-0.13659412940891708,,0.0989279515286523,1
13865,0.45534571264457957,,0.38336676186542973,1
13866,-0.5708042922927019,,0.6678055722022072,1
13867,0.03431216970523899,,0.9522443825389846,1
13868,1.2366831928757618,1.2366831928757618,1.2366831928757618,0
13869,-0.39505311387425623,-0.39505311387425623,-0.39505311387425623,0
13870,0.797256462842793,0.797256462842793,0.797256462842793,0
13871,0.2624797005102431,0.2624797005102431,0.2624797005102431,0
13872,-0.2997041006825838,-0.2997041006825838,-0.2997041006825838,0
13873,-1.4599756663652665,-1.4599756663652665,-1.4599756663652665,0
13874,0.12078813022072164,0.12078813022072164,0.12078813022072164,0
13875,1.5335182709103972,1.5335182709103972,1.5335182709103972,0
13876,0.25193241302684827,0.25193241302684827,0.25193241302684827,0
13877,1.8172118542179674,1.8172118542179674,1.8172118542179674,0
13878,-0.12980634154116807,-0.12980634154116807,-0.12980634154116807,0
13879,-0.3085286035408694,-0.3085286035408694,-0.3085286035408694,0
13880,1.626457150249605,1.626457150249605,1.626457150249605,0
13881,1.0819623097202316,1.0819623097202316,1.0819623097202316,0
13882,-0.17736700349940815,-0.17736700349940815,-0.17736700349940815,0
13883,1.6067217364453485,1.6067217364453485,1.6067217364453485,0
13884,0.7701803155902907,0.7701803155902907,0.7701803155902907,0
13885,0.08789087133753473,,0.6555834016947524,1
13886,-0.18230436535248545,,0.5409864877992142,1
13887,-1.2019265229807836,,0.42638957390367593,1
13888,-0.9893197825225307,,0.3117926600081377,1
13889,1.1344259380639046,,0.1971957461125995,1
13890,0.3165290899476214,,0.08259883221706121,1
13891,0.4643229078653758,,-0.03199808167847695,1
13892,2.029181498867531,,-0.14659499557401523,1
13893,-0.448043989577428,,-0.2611919094695534,1
13894,1.8621175727348998,,-0.3757888233650917,1
13895,-0.4903857372606299,-0.4903857372606299,-0.4903857372606299,0
13896,2.0618193705371692,2.0618193705371692,2.0618193705371692,0
13897,-0.6171122981316326,-0.6171122981316326,-0.6171122981316326,0
13898,-1.0622893722585904,,-0.49820590885268834,1
13899,-1.077542400641827,,-0.3792995195737441,1
13900,1.4794158527187249,,-0.2603931302947999,1
13901,1.645729799635126,,-0.14148674101585562,1
13902,-1.6015493396082825,,-0.02258035173691142,1
13903,-1.0510228610271843,,0.09632603754203284,1
13904,-0.4893630351379029,,0.2152324268209771,1
13905,-0.09072515798260236,,0.33413881609992135,1
13906,-0.9008220663138015,,0.4530452053788656,1
13907,-0.88195389391024,,0.5719515946578098,1
13908,0.6908579839367541,0.6908579839367541,0.6908579839367541,0
13909,1.5961077035273439,1.5961077035273439,1.5961077035273439,0
13910,-1.0428122500185337,-1.0428122500185337,-1.0428122500185337,0
13911,-0.24291808358021344,-0.24291808358021344,-0.24291808358021344,0
13912,0.6118813218436244,0.6118813218436244,0.6118813218436244,0
13913,-0.717017345171318,-0.717017345171318,-0.717017345171318,0
13914,0.9675986447764888,0.9675986447764888,0.9675986447764888,0
13915,0.10851304565178424,0.10851304565178424,0.10851304565178424,0
13916,-1.7524135774816771,-1.7524135774816771,-1.7524135774816771,0
13917,-0.06648798638709648,,-1.5560604927221502,1
13918,-0.2931866576087785,,-1.359707407962623,1
13919,-0.6613058451374668,,-1.163354323203096,1
13920,-1.8367197204860923,,-0.9670012384435691,1
13921,-0.1499684278725886,,-0.7706481536840422,1
13922,0.4934951384529874,,-0.574295068924515,1
13923,-0.03444501305175279,,-0.37794198416498803,1
13924,1.314982687933682,,-0.18158889940546108,1
13925,0.3183967094539964,,0.014764185354065873,1
13926,-0.2880655872884354,,0.21111727011359283,1
13927,0.4074703548731201,0.4074703548731201,0.4074703548731201,0
13928,-0.7094357302844551,-0.7094357302844551,-0.7094357302844551,0
13929,0.0850203865574543,0.0850203865574543,0.0850203865574543,0
13930,-0.4867465780297213,-0.4867465780297213,-0.4867465780297213,0
13931,0.28696602788525394,0.28696602788525394,0.28696602788525394,0
13932,0.29220749228457166,0.29220749228457166,0.29220749228457166,0
13933,0.17840351948878014,0.17840351948878014,0.17840351948878014,0
13934,-0.2518631253414452,,0.2623672624033975,1
13935,-0.11809054069251364,,0.34633100531801486,1
13936,1.0814951291091828,,0.43029474823263225,1
13937,-0.25503840260516336,,0.5142584911472496,1
13938,-1.2241750139783651,,0.598222234061867,1
13939,-0.9779460116371604,,0.6821859769764844,1
13940,0.5836428070022308,,0.7661497198911018,1
13941,0.09008685049287528,,0.8501134628057192,1
13942,1.559024519978096,,0.9340772057203366,1
13943,0.2175740665341026,,1.018040948634954,1
13944,1.1020046915495711,1.1020046915495711,1.1020046915495711,0
13945,-0.963401606077625,-0.963401606077625,-0.963401606077625,0
13946,-1.3721287247123828,-1.3721287247123828,-1.3721287247123828,0
13947,0.985426578894951,0.985426578894951,0.985426578894951,0
13948,-0.8268173641187473,,0.8393630469571433,1
13949,-0.606677314901639,,0.6932995150193355,1
13950,1.0234359866180187,,0.5472359830815277,1
13951,-0.673358913428671,,0.4011724511437199,1
13952,-0.17196136519801444,,0.25510891920591217,1
13953,-0.23138024117719605,,0.10904538726810431,1
13954,1.0926736999294941,,-0.03701814466970332,1
13955,-0.5019737003212256,,-0.18308167660751118,1
13956,0.7942127380621614,,-0.32914520854531903,1
13957,2.021634724434213,,-0.47520874048312667,1
13958,-0.6212722724209345,-0.6212722724209345,-0.6212722724209345,0
13959,-0.04890171679237985,-0.04890171679237985,-0.04890171679237985,0
13960,-1.1395879731301173,-1.1395879731301173,-1.1395879731301173,0
13961,0.7482415104184307,0.7482415104184307,0.7482415104184307,0
13962,-1.4020398706472237,-1.4020398706472237,-1.4020398706472237,0
13963,0.22447013089519896,0.22447013089519896,0.22447013089519896,0
13964,0.17687284526508731,0.17687284526508731,0.17687284526508731,0
13965,-1.6129848485144362,-1.6129848485144362,-1.6129848485144362,0
13966,-1.0326649017663736,-1.0326649017663736,-1.0326649017663736,0
13967,-1.003491882364223,-1.003491882364223,-1.003491882364223,0
13968,-1.2205766436378793,-1.2205766436378793,-1.2205766436378793,0
13969,-0.8202906972879295,-0.8202906972879295,-0.8202906972879295,0
13970,2.015502237107812,2.015502237107812,2.015502237107812,0
13971,0.03915895738587723,0.03915895738587723,0.03915895738587723,0
13972,-1.1919551439451064,,-0.025333182062338838,1
13973,-1.1222307051452074,,-0.0898253215105549,1
13974,0.027774916737878984,,-0.15431746095877097,1
13975,-0.6208124080785352,,-0.21880960040698705,1
13976,1.9856600575696357,,-0.2833017398552031,1
13977,1.4718048688776308,,-0.34779387930341915,1
13978,-0.36435223431174363,,-0.41228601875163523,1
13979,-0.1458345792203018,,-0.4767781581998513,1
13980,-1.6012153463625416,,-0.5412702976480673,1
13981,1.7207211924375223,,-0.6057624370962834,1
13982,-0.6702545765444995,-0.6702545765444995,-0.6702545765444995,0
13983,0.14826523636198108,0.14826523636198108,0.14826523636198108,0
13984,-0.008836348736815835,-0.008836348736815835,-0.008836348736815835,0
13985,-0.5437157483717189,,0.05530339261061101,1
13986,-0.4526682073447118,,0.11944313395803786,1
13987,2.016694501464293,,0.18358287530546474,1
13988,1.3167369258354744,,0.24772261665289158,1
13989,0.11306070191562757,,0.3118623580003184,1
13990,-0.18676724481100743,,0.3760020993477453,1
13991,0.42089654046101704,,0.44014184069517215,1
13992,0.43805672971287146,,0.504281582042599,1
13993,-0.9098526723384518,,0.5684213233900258,1
13994,0.3611618976295907,,0.6325610647374527,1
13995,0.6967008060848796,0.6967008060848796,0.6967008060848796,0
13996,-0.8097754799996874,-0.8097754799996874,-0.8097754799996874,0
13997,-1.6599847684863096,-1.6599847684863096,-1.6599847684863096,0
13998,0.030143919034860894,0.030143919034860894,0.030143919034860894,0
13999,0.4135339759374322,0.4135339759374322,0.4135339759374322,0
14000,2.090294625750366,2.090294625750366,2.090294625750366,0
14001,2.522975626981509,2.522975626981509,2.522975626981509,0
14002,-1.7807447206759859,-1.7807447206759859,-1.7807447206759859,0
14003,-0.23729122740641828,-0.23729122740641828,-0.23729122740641828,0
14004,-0.3282147912485973,-0.3282147912485973,-0.3282147912485973,0
14005,-0.8901708655315934,-0.8901708655315934,-0.8901708655315934,0
14006,0.048016100627145876,0.048016100627145876,0.048016100627145876,0
14007,1.469459354861634,1.469459354861634,1.469459354861634,0
14008,0.9365571965074395,0.9365571965074395,0.9365571965074395,0
14009,-2.574127874084215,-2.574127874084215,-2.574127874084215,0
14010,-0.24331907914386533,-0.24331907914386533,-0.24331907914386533,0
14011,-0.8209319649968572,,-0.27077269111473845,1
14012,-0.7834490157427964,,-0.2982263030856116,1
14013,1.0328100627263948,,-0.32567991505648475,1
14014,0.6294558819329586,,-0.3531335270273579,1
14015,1.0783134309423512,,-0.38058713899823104,1
14016,2.172931463537345,,-0.4080407509691042,1
14017,-1.7085659244926328,,-0.43549436293997734,1
14018,0.08226537810162621,,-0.4629479749108505,1
14019,-1.5453726610869405,,-0.49040158688172364,1
14020,-0.250598416271803,,-0.5178551988525968,1
14021,-0.5453088108234699,-0.5453088108234699,-0.5453088108234699,0
14022,-0.3750428555823532,-0.3750428555823532,-0.3750428555823532,0
14023,-0.042609324220985983,,-0.1607405352641773,1
14024,0.16453506133702056,,0.053561785053998556,1
14025,0.31413039158120104,,0.2678641053721744,1
14026,-0.20561881817968963,,0.4821664256903503,1
14027,0.39715737316751304,,0.6964687460085263,1
14028,1.574838718641614,,0.910771066326702,1
14029,0.45692814700130285,,1.1250733866448779,1
14030,-1.6378480417697432,,1.3393757069630539,1
14031,-0.7699621590406172,,1.5536780272812298,1
14032,0.5287314912445206,,1.7679803475994058,1
14033,1.9822826679175813,1.9822826679175813,1.9822826679175813,0
14034,0.3562399665512133,,1.8189150132842118,1
14035,0.4876492624954348,,1.6555473586508422,1
14036,0.0027172043287516314,,1.492179704017473,1
14037,1.4713727433268087,,1.3288120493841034,1
14038,-0.31473874356824705,,1.1654443947507338,1
14039,-0.0067356573270224065,,1.0020767401173645,1
14040,0.7386297174642461,,0.8387090854839949,1
14041,-0.4679052013951321,,0.6753414308506254,1
14042,-0.3937826077992476,,0.5119737762172558,1
14043,-0.0431992745225361,,0.34860612158388626,1
14044,0.18523846695051688,0.18523846695051688,0.18523846695051688,0
14045,-2.2621815109540435,-2.2621815109540435,-2.2621815109540435,0
14046,-0.28775727065254925,-0.28775727065254925,-0.28775727065254925,0
14047,-0.9931937350473107,-0.9931937350473107,-0.9931937350473107,0
14048,1.0006979209765823,1.0006979209765823,1.0006979209765823,0
14049,-1.3153304669177242,-1.3153304669177242,-1.3153304669177242,0
14050,-1.1277898809049114,-1.1277898809049114,-1.1277898809049114,0
14051,-0.4649997969297416,-0.4649997969297416,-0.4649997969297416,0
14052,0.002818472833870708,0.002818472833870708,0.002818472833870708,0
14053,-0.5033337145049508,-0.5033337145049508,-0.5033337145049508,0
14054,1.6460208487281645,1.6460208487281645,1.6460208487281645,0
14055,-0.15234514121429701,-0.15234514121429701,-0.15234514121429701,0
14056,0.7969837730513407,0.7969837730513407,0.7969837730513407,0
14057,0.13669324041493547,0.13669324041493547,0.13669324041493547,0
14058,1.439648356956196,1.439648356956196,1.439648356956196,0
14059,-0.44890351353561747,-0.44890351353561747,-0.44890351353561747,0
14060,-0.6058194113191062,-0.6058194113191062,-0.6058194113191062,0
14061,0.16977473629166714,0.16977473629166714,0.16977473629166714,0
14062,-0.6339804652441842,-0.6339804652441842,-0.6339804652441842,0
14063,-1.1505762553198908,-1.1505762553198908,-1.1505762553198908,0
14064,0.221974314208265,0.221974314208265,0.221974314208265,0
14065,0.10598325681701234,,0.01045754560746906,1
14066,-0.20373320393449976,,-0.20105922299332687,1
14067,0.5701193521117741,,-0.41257599159412284,1
14068,1.2725896154384522,,-0.6240927601949188,1
14069,-2.706154288101649,,-0.8356095287957147,1
14070,0.659156141257583,,-1.0471262973965105,1
14071,0.07414926115394896,,-1.2586430659973065,1
14072,1.0141610320654544,,-1.4701598345981024,1
14073,0.8720118841295699,,-1.6816766031988983,1
14074,-1.0863833254207922,,-1.8931933717996943,1
14075,-2.10471014040049,-2.10471014040049,-2.10471014040049,0
14076,0.7270185088165569,0.7270185088165569,0.7270185088165569,0
14077,0.5939846235617421,0.5939846235617421,0.5939846235617421,0
14078,2.037659832282207,2.037659832282207,2.037659832282207,0
14079,0.21775681846086234,0.21775681846086234,0.21775681846086234,0
14080,0.8661035116972917,0.8661035116972917,0.8661035116972917,0
14081,-0.2296970452995157,-0.2296970452995157,-0.2296970452995157,0
14082,-0.9972139520247486,-0.9972139520247486,-0.9972139520247486,0
14083,-0.03434744344299168,-0.03434744344299168,-0.03434744344299168,0
14084,-1.8914320868822438,-1.8914320868822438,-1.8914320868822438,0
14085,1.2118661408185625,1.2118661408185625,1.2118661408185625,0
14086,0.776022457788981,0.776022457788981,0.776022457788981,0
14087,-0.20337698876767527,-0.20337698876767527,-0.20337698876767527,0
14088,-0.6708486376924075,-0.6708486376924075,-0.6708486376924075,0
14089,-0.14947500847106548,,-0.5965551929796148,1
14090,-0.033959322509080486,,-0.522261748266822,1
14091,-2.2066291035796595,,-0.44796830355402933,1
14092,1.463082828273037,,-0.3736748588412366,1
14093,-1.2465778642437317,,-0.2993814141284438,1
14094,-0.5845468887760202,,-0.22508796941565112,1
14095,0.2458527329085225,,-0.15079452470285837,1
14096,-0.7087217616399035,,-0.07650107999006561,1
14097,-0.9998414448829731,,-0.002207635277272857,1
14098,0.1309053115677866,,0.0720858094355199,1
14099,0.1463792541483125,0.1463792541483125,0.1463792541483125,0
14100,1.0681019823609827,1.0681019823609827,1.0681019823609827,0
14101,0.1583445349739294,0.1583445349739294,0.1583445349739294,0
14102,-2.1783041398777345,-2.1783041398777345,-2.1783041398777345,0
14103,-1.259231648564531,-1.259231648564531,-1.259231648564531,0
14104,-0.20883463872776672,-0.20883463872776672,-0.20883463872776672,0
14105,-0.516955336029117,-0.516955336029117,-0.516955336029117,0
14106,-1.3410721161197605,-1.3410721161197605,-1.3410721161197605,0
14107,-0.41907886641651504,-0.41907886641651504,-0.41907886641651504,0
14108,-1.6103652877891887,-1.6103652877891887,-1.6103652877891887,0
14109,0.606917187424542,0.606917187424542,0.606917187424542,0
14110,-1.5161756945524512,-1.5161756945524512,-1.5161756945524512,0
14111,-0.7667566691222906,-0.7667566691222906,-0.7667566691222906,0
14112,-0.9910947582746588,-0.9910947582746588,-0.9910947582746588,0
14113,0.12870416385239647,0.12870416385239647,0.12870416385239647,0
14114,-0.23840363790613472,-0.23840363790613472,-0.23840363790613472,0
14115,-2.1255469489548933,-2.1255469489548933,-2.1255469489548933,0
14116,1.5685664000274535,1.5685664000274535,1.5685664000274535,0
14117,0.3288992932349365,0.3288992932349365,0.3288992932349365,0
14118,0.7361927311757754,0.7361927311757754,0.7361927311757754,0
14119,2.9101120280247943,2.9101120280247943,2.9101120280247943,0
14120,-0.6806320611530299,-0.6806320611530299,-0.6806320611530299,0
14121,0.11933021914858924,0.11933021914858924,0.11933021914858924,0
14122,0.7057696688128612,0.7057696688128612,0.7057696688128612,0
14123,0.7514124256499154,0.7514124256499154,0.7514124256499154,0
14124,0.8525958877499049,0.8525958877499049,0.8525958877499049,0
14125,-2.103982873496518,-2.103982873496518,-2.103982873496518,0
14126,-0.8149095349164042,-0.8149095349164042,-0.8149095349164042,0
14127,-0.15571119613424747,-0.15571119613424747,-0.15571119613424747,0
14128,0.6885405606416085,0.6885405606416085,0.6885405606416085,0
14129,-0.7010855274154064,-0.7010855274154064,-0.7010855274154064,0
14130,-0.40096639406741663,-0.40096639406741663,-0.40096639406741663,0
14131,-0.11992533049167269,,-0.4441554084063207,1
14132,-0.09803873114224687,,-0.4873444227452247,1
14133,-0.8937701032649581,,-0.5305334370841287,1
14134,-0.8068958193577821,,-0.5737224514230328,1
14135,0.6488745467418748,,-0.6169114657619368,1
14136,-1.2331657399481442,,-0.6601004801008408,1
14137,-1.0731335299326599,,-0.7032894944397448,1
14138,0.15470665976556172,,-0.7464785087786489,1
14139,0.04725393938347141,,-0.789667523117553,1
14140,2.5782645196777296,,-0.8328565374564569,1
14141,-0.8760455517953609,-0.8760455517953609,-0.8760455517953609,0
14142,0.12905308051371875,0.12905308051371875,0.12905308051371875,0
14143,0.7882385842175063,0.7882385842175063,0.7882385842175063,0
14144,1.7756105597807612,1.7756105597807612,1.7756105597807612,0
14145,-0.5905298163306363,-0.5905298163306363,-0.5905298163306363,0
14146,-0.7669117102997889,-0.7669117102997889,-0.7669117102997889,0
14147,1.5106521115702343,1.5106521115702343,1.5106521115702343,0
14148,-0.47274863451976823,-0.47274863451976823,-0.47274863451976823,0
14149,-0.1693859744008207,-0.1693859744008207,-0.1693859744008207,0
14150,-1.0020463402435402,-1.0020463402435402,-1.0020463402435402,0
14151,0.53253933659363,0.53253933659363,0.53253933659363,0
14152,-1.175290662709313,-1.175290662709313,-1.175290662709313,0
14153,-0.3002235863049195,-0.3002235863049195,-0.3002235863049195,0
14154,-1.1077941351110552,-1.1077941351110552,-1.1077941351110552,0
14155,-1.4653983107668043,-1.4653983107668043,-1.4653983107668043,0
14156,1.1977741186041304,1.1977741186041304,1.1977741186041304,0
14157,-0.012182259177788797,-0.012182259177788797,-0.012182259177788797,0
14158,1.5998962775535794,1.5998962775535794,1.5998962775535794,0
14159,-0.3916835780460797,-0.3916835780460797,-0.3916835780460797,0
14160,0.5275532652049341,0.5275532652049341,0.5275532652049341,0
14161,1.1616916610829575,1.1616916610829575,1.1616916610829575,0
14162,0.37776461765756647,0.37776461765756647,0.37776461765756647,0
14163,1.046544254829195,1.046544254829195,1.046544254829195,0
14164,1.334238439196199,1.334238439196199,1.334238439196199,0
14165,-0.8206424368887485,-0.8206424368887485,-0.8206424368887485,0
14166,-0.8220395226868228,-0.8220395226868228,-0.8220395226868228,0
14167,0.3252657244394214,0.3252657244394214,0.3252657244394214,0
14168,-0.9025139743202379,-0.9025139743202379,-0.9025139743202379,0
14169,-1.3707600968748779,-1.3707600968748779,-1.3707600968748779,0
14170,0.9435311310710435,0.9435311310710435,0.9435311310710435,0
14171,-1.274215250148154,-1.274215250148154,-1.274215250148154,0
14172,0.20937326958453084,0.20937326958453084,0.20937326958453084,0
14173,-0.29258695995235423,-0.29258695995235423,-0.29258695995235423,0
14174,0.7019462332926022,0.7019462332926022,0.7019462332926022,0
14175,-2.212174170605686,-2.212174170605686,-2.212174170605686,0
14176,0.177027405438514,0.177027405438514,0.177027405438514,0
14177,-0.13996051168970852,-0.13996051168970852,-0.13996051168970852,0
14178,-0.08986048241571874,,0.04038575724731511,1
14179,0.16287922243141956,,0.22073202618433874,1
14180,-1.0326599703453367,,0.40107829512136234,1
14181,2.1686172137113404,,0.5814245640583859,1
14182,0.9485737304470451,,0.7617708329954096,1
14183,-0.319024186542043,,0.9421171019324333,1
14184,-1.4153889242898627,,1.122463370869457,1
14185,0.4395096645702562,,1.3028096398064806,1
14186,-1.5623268349106216,,1.4831559087435042,1
14187,-0.8851583031123663,,1.6635021776805279,1
14188,1.8438484466175513,1.8438484466175513,1.8438484466175513,0
14189,-0.7404990020166471,-0.7404990020166471,-0.7404990020166471,0
14190,1.0013075140589554,1.0013075140589554,1.0013075140589554,0
14191,-2.125167652581465,-2.125167652581465,-2.125167652581465,0
14192,0.9712703502825966,0.9712703502825966,0.9712703502825966,0
14193,-2.1801633447437316,-2.1801633447437316,-2.1801633447437316,0
14194,-2.1114848160091917,-2.1114848160091917,-2.1114848160091917,0
14195,1.5518873758687033,1.5518873758687033,1.5518873758687033,0
14196,-0.4464093082948888,,1.5407160038753367,1
14197,-0.7991635847560544,,1.52954463188197,1
14198,-0.1910524420780895,,1.5183732598886035,1
14199,-0.6218179538591231,,1.507201887895237,1
14200,-1.076959923899565,,1.4960305159018703,1
14201,-1.0513784660463248,,1.4848591439085037,1
14202,0.12667894513362532,,1.4736877719151371,1
14203,0.97264917489112,,1.4625163999217705,1
14204,-0.19845995161666835,,1.451345027928404,1
14205,0.3475551626438871,,1.4401736559350373,1
14206,1.4290022839416707,1.4290022839416707,1.4290022839416707,0
14207,-0.46659017444542245,-0.46659017444542245,-0.46659017444542245,0
14208,-1.3805942102702558,-1.3805942102702558,-1.3805942102702558,0
14209,-0.6879648140405503,-0.6879648140405503,-0.6879648140405503,0
14210,-1.9380631563144253,-1.9380631563144253,-1.9380631563144253,0
14211,0.8904863292982774,0.8904863292982774,0.8904863292982774,0
14212,-2.4282624521433953,-2.4282624521433953,-2.4282624521433953,0
14213,0.4556495859444889,0.4556495859444889,0.4556495859444889,0
14214,-0.1831934050967825,-0.1831934050967825,-0.1831934050967825,0
14215,1.1040293334692783,1.1040293334692783,1.1040293334692783,0
14216,-0.8333365867351947,-0.8333365867351947,-0.8333365867351947,0
14217,0.8230942222241786,0.8230942222241786,0.8230942222241786,0
14218,0.13964947573181308,0.13964947573181308,0.13964947573181308,0
14219,-0.33818371415536397,-0.33818371415536397,-0.33818371415536397,0
14220,-0.6037187716016013,-0.6037187716016013,-0.6037187716016013,0
14221,-0.6189733216477066,-0.6189733216477066,-0.6189733216477066,0
14222,-0.0037986511309779265,,-0.5117416245039171,1
14223,0.09731085476702418,,-0.4045099273601277,1
14224,2.4964025689181737,,-0.29727823021633826,1
14225,-2.2428802602611113,,-0.19004653307254882,1
14226,0.38407785587551296,,-0.08281483592875938,1
14227,-0.39749221129472667,,0.02441686121503006,1
14228,-0.763211374734791,,0.1316485583588195,1
14229,-1.9135955428751754,,0.23888025550260894,1
14230,0.2277014112179296,,0.3461119526463984,1
14231,-1.4256286607391033,,0.4533436497901878,1
14232,0.5605753469339774,0.5605753469339774,0.5605753469339774,0
14233,-0.42125527704687804,-0.42125527704687804,-0.42125527704687804,0
14234,-1.0065360934856564,-1.0065360934856564,-1.0065360934856564,0
14235,0.41020655600631845,0.41020655600631845,0.41020655600631845,0
14236,1.1183001828976922,1.1183001828976922,1.1183001828976922,0
14237,-0.7351282369424906,-0.7351282369424906,-0.7351282369424906,0
14238,0.4765872012103219,,-0.7903189665347656,1
14239,0.20381360893538528,,-0.8455096961270407,1
14240,-0.8304110340662587,,-0.9007004257193157,1
14241,0.09784260203874681,,-0.9558911553115907,1
14242,1.945683888419716,,-1.0110818849038659,1
14243,-1.3325224481295184,,-1.0662726144961407,1
14244,-0.8005397005873882,,-1.1214633440884159,1
14245,0.6640721576258607,,-1.176654073680691,1
14246,0.5389315809751236,,-1.231844803272966,1
14247,0.06780046758735163,,-1.2870355328652412,1
14248,-1.342226262457516,-1.342226262457516,-1.342226262457516,0
14249,-1.1089799008354135,-1.1089799008354135,-1.1089799008354135,0
14250,1.4438294551482695,1.4438294551482695,1.4438294551482695,0
14251,-1.4763410040000775,-1.4763410040000775,-1.4763410040000775,0
14252,-0.8912828374636026,-0.8912828374636026,-0.8912828374636026,0
14253,-0.5870536698062141,,-0.8198729638799922,1
14254,-0.46581763308019103,,-0.7484630902963817,1
14255,1.6745937082895783,,-0.6770532167127712,1
14256,-1.904696110647249,,-0.6056433431291608,1
14257,-0.7671422207071361,,-0.5342334695455504,1
14258,-0.22273013647013273,,-0.4628235959619399,1
14259,0.9052302882482436,,-0.39141372237832944,1
14260,-0.40070538390922583,,-0.320003848794719,1
14261,-0.8303733109959706,,-0.2485939752111086,1
14262,-0.07086381666486279,,-0.1771841016274981,1
14263,-0.10577422804388767,-0.10577422804388767,-0.10577422804388767,0
14264,0.318070274692968,0.318070274692968,0.318070274692968,0
14265,-1.1731018429343256,-1.1731018429343256,-1.1731018429343256,0
14266,-1.5393085341197361,-1.5393085341197361,-1.5393085341197361,0
14267,0.059537924407440754,0.059537924407440754,0.059537924407440754,0
14268,-0.8819929007748583,-0.8819929007748583,-0.8819929007748583,0
14269,-0.7009558613892646,-0.7009558613892646,-0.7009558613892646,0
14270,-1.6752034091132546,-1.6752034091132546,-1.6752034091132546,0
14271,-0.9410557420871404,-0.9410557420871404,-0.9410557420871404,0
14272,-0.18304248574090895,-0.18304248574090895,-0.18304248574090895,0
14273,-0.7076718220674372,-0.7076718220674372,-0.7076718220674372,0
14274,0.8582252552208818,0.8582252552208818,0.8582252552208818,0
14275,0.11858188338570237,0.11858188338570237,0.11858188338570237,0
14276,0.5674720616138231,0.5674720616138231,0.5674720616138231,0
14277,-2.1589392647431573,-2.1589392647431573,-2.1589392647431573,0
14278,-0.33011829644324736,-0.33011829644324736,-0.33011829644324736,0
14279,1.2416253213099795,1.2416253213099795,1.2416253213099795,0
14280,-0.7407352660031249,-0.7407352660031249,-0.7407352660031249,0
14281,0.3312226649307329,0.3312226649307329,0.3312226649307329,0
14282,-0.5701858263112397,-0.5701858263112397,-0.5701858263112397,0
14283,1.5990298741998124,1.5990298741998124,1.5990298741998124,0
14284,0.8771484834761752,0.8771484834761752,0.8771484834761752,0
14285,1.7807853734214618,1.7807853734214618,1.7807853734214618,0
14286,-0.9880706437237555,-0.9880706437237555,-0.9880706437237555,0
14287,0.5486353206248146,0.5486353206248146,0.5486353206248146,0
14288,0.15461439004563787,0.15461439004563787,0.15461439004563787,0
14289,0.6846445954123446,,0.12943797152099423,1
14290,0.9792026719954063,,0.1042615529963506,1
14291,-0.6676760806758385,,0.07908513447170698,1
14292,0.2589569522552601,,0.05390871594706334,1
14293,-0.4122884212930957,,0.0287322974224197,1
14294,-0.47636298384934306,,0.003555878897776088,1
14295,1.1930870707591323,,-0.021620539626867552,1
14296,-0.8785614052418431,,-0.04679695815151119,1
14297,0.5749431887814122,,-0.07197337667615483,1
14298,1.7229447996198652,,-0.09714979520079847,1
14299,-0.07315763997860267,,-0.12232621372544211,1
14300,-0.3279402336667962,,-0.1475026322500857,1
14301,0.8131531324719219,,-0.17267905077472934,1
14302,0.8606952749913647,,-0.19785546929937298,1
14303,0.2385034212951718,,-0.22303188782401662,1
14304,1.3632224586323618,,-0.24820830634866026,1
14305,-0.6109278116399063,,-0.2733847248733039,1
14306,-0.9547037998266149,,-0.29856114339794754,1
14307,0.42508960809288393,,-0.3237375619225912,1
14308,-0.012550308207198355,,-0.3489139804472348,1
14309,-0.37409039897187846,-0.37409039897187846,-0.37409039897187846,0
14310,0.3303770142454046,0.3303770142454046,0.3303770142454046,0
14311,0.8170853544199355,0.8170853544199355,0.8170853544199355,0
14312,0.5187525628168492,0.5187525628168492,0.5187525628168492,0
14313,1.1314240841371315,1.1314240841371315,1.1314240841371315,0
14314,-0.9036139987580193,-0.9036139987580193,-0.9036139987580193,0
14315,0.04429383947788561,0.04429383947788561,0.04429383947788561,0
14316,0.3408947261204734,,0.1249907934285878,1
14317,0.05141360516094457,,0.20568774737928996,1
14318,-1.2661616122283263,,0.28638470132999216,1
14319,0.3966876548208812,,0.36708165528069436,1
14320,-0.4902075361239201,,0.44777860923139656,1
14321,-0.37227786571669186,,0.5284755631820987,1
14322,0.36893367084887135,,0.6091725171328009,1
14323,0.5044524333662417,,0.689869471083503,1
14324,0.13888243827166863,,0.7705664250342052,1
14325,-0.6960994245094942,,0.8512633789849074,1
14326,0.9319603329356096,0.9319603329356096,0.9319603329356096,0
14327,1.6733539307927339,1.6733539307927339,1.6733539307927339,0
14328,-0.9001277101029773,-0.9001277101029773,-0.9001277101029773,0
14329,-1.4163876054370494,-1.4163876054370494,-1.4163876054370494,0
14330,-1.8820681213573314,-1.8820681213573314,-1.8820681213573314,0
14331,-0.5780301126043628,-0.5780301126043628,-0.5780301126043628,0
14332,-1.076757392876527,-1.076757392876527,-1.076757392876527,0
14333,-1.2911452094774623,-1.2911452094774623,-1.2911452094774623,0
14334,1.367289994358657,1.367289994358657,1.367289994358657,0
14335,0.6009376736912242,,1.270634230308364,1
14336,0.41243518170553983,,1.173978466258071,1
14337,-0.36284683620985153,,1.077322702207778,1
14338,-1.3682083063138861,,0.9806669381574851,1
14339,0.30674965689468997,,0.8840111741071921,1
14340,0.2563522359101261,,0.7873554100568992,1
14341,-0.49346079824842676,,0.6906996460066063,1
14342,1.2417244274242631,,0.5940438819563133,1
14343,-0.9285890455197265,,0.49738811790602033,1
14344,0.9286836388695552,,0.40073235385572736,1
14345,0.30407658980543456,0.30407658980543456,0.30407658980543456,0
14346,-0.12045544215804506,-0.12045544215804506,-0.12045544215804506,0
14347,1.469246958264,1.469246958264,1.469246958264,0
14348,-0.6720831592195119,-0.6720831592195119,-0.6720831592195119,0
14349,-1.2591944928416052,-1.2591944928416052,-1.2591944928416052,0
14350,0.335005080107893,0.335005080107893,0.335005080107893,0
14351,0.6936565315868486,0.6936565315868486,0.6936565315868486,0
14352,-0.950276110714761,-0.950276110714761,-0.950276110714761,0
14353,0.8913190630906793,0.8913190630906793,0.8913190630906793,0
14354,0.8403656240045164,0.8403656240045164,0.8403656240045164,0
14355,-0.16776797836748528,-0.16776797836748528,-0.16776797836748528,0
14356,-0.8772387379218927,-0.8772387379218927,-0.8772387379218927,0
14357,-0.2071077675277137,,-0.9254066828745751,1
14358,-0.3000431976154557,,-0.9735746278272576,1
14359,1.238702920869283,,-1.02174257277994,1
14360,0.6967555968001264,,-1.0699105177326225,1
14361,1.322109998249183,,-1.1180784626853049,1
14362,-0.2767088437513374,,-1.1662464076379873,1
14363,-0.9121991086159018,,-1.2144143525906697,1
14364,-0.35998775835305713,,-1.2625822975433523,1
14365,0.8259356651756384,,-1.3107502424960347,1
14366,-0.4045663689856793,,-1.358918187448717,1
14367,-1.4070861324013995,-1.4070861324013995,-1.4070861324013995,0
14368,-0.874804040826967,-0.874804040826967,-0.874804040826967,0
14369,-0.0967647432170807,-0.0967647432170807,-0.0967647432170807,0
14370,0.17270779553071994,0.17270779553071994,0.17270779553071994,0
14371,0.9534128835711174,0.9534128835711174,0.9534128835711174,0
14372,-0.9085937080792208,-0.9085937080792208,-0.9085937080792208,0
14373,-0.9087252537583379,-0.9087252537583379,-0.9087252537583379,0
14374,1.396060774463897,1.396060774463897,1.396060774463897,0
14375,-2.596730269006531,-2.596730269006531,-2.596730269006531,0
14376,0.09942294392739273,0.09942294392739273,0.09942294392739273,0
14377,0.19648925848359403,,-0.007122529525947691,1
14378,-0.025548671794250112,,-0.11366800297928811,1
14379,0.10042164792573106,,-0.22021347643262854,1
14380,0.1461713354456463,,-0.326758949885969,1
14381,-0.7971413450904572,,-0.4333044233393094,1
14382,0.2489694988655739,,-0.5398498967926498,1
14383,0.4122064119440573,,-0.6463953702459903,1
14384,0.014864669629081987,,-0.7529408436993307,1
14385,-0.4812451381468184,,-0.8594863171526711,1
14386,0.4458419733336771,,-0.9660317906060115,1
14387,-1.0725772640593518,-1.0725772640593518,-1.0725772640593518,0
14388,0.0071644629232310835,0.0071644629232310835,0.0071644629232310835,0
14389,1.999203932335579,1.999203932335579,1.999203932335579,0
14390,0.5824327304517717,,1.9045938961381494,1
14391,0.3296676457957726,,1.80998385994072,1
14392,-0.5904392461778918,,1.7153738237432905,1
14393,0.6046980209735294,,1.620763787545861,1
14394,0.08229171017596787,,1.5261537513484313,1
14395,-1.3967093326091473,,1.431543715151002,1
14396,0.20184865713617153,,1.3369336789535724,1
14397,-0.7767781566744029,,1.2423236427561428,1
14398,0.17637004088216732,,1.1477136065587135,1
14399,0.9485941268202704,,1.0531035703612839,1
14400,-0.21779844420933933,,0.9584935341638543,1
14401,-0.15610246711011416,,0.8638834979664249,1
14402,-0.26258318111317897,,0.7692734617689954,1
14403,0.27497331339601855,,0.6746634255715658,1
14404,0.2605896131041208,,0.5800533893741364,1
14405,0.02063077808484203,,0.48544335317670684,1
14406,-0.007788627154846114,,0.39083331697927726,1
14407,0.971807047132339,,0.2962232807818479,1
14408,0.2449349447729635,,0.20161324458441832,1
14409,-2.05372875341157,,0.10700320838698874,1
14410,0.012393172189559412,0.012393172189559412,0.012393172189559412,0
14411,0.9665687622015898,0.9665687622015898,0.9665687622015898,0
14412,0.49715999665415483,0.49715999665415483,0.49715999665415483,0
14413,0.5312379319256301,0.5312379319256301,0.5312379319256301,0
14414,-0.39989540825847353,-0.39989540825847353,-0.39989540825847353,0
14415,0.19334394056026838,0.19334394056026838,0.19334394056026838,0
14416,-1.4653128127600477,-1.4653128127600477,-1.4653128127600477,0
14417,-1.004269326626847,-1.004269326626847,-1.004269326626847,0
14418,-0.2677201302582086,-0.2677201302582086,-0.2677201302582086,0
14419,0.17544888938963846,,-0.21020249427063278,1
14420,0.04320272516213449,,-0.15268485828305695,1
14421,1.3564703119478008,,-0.09516722229548111,1
14422,-2.141169876728847,,-0.03764958630790527,1
14423,0.8374504600094509,,0.019868049679670596,1
14424,0.33596414843844974,,0.0773856856672464,1
14425,1.7320427055191623,,0.13490332165482222,1
14426,0.22671727274162756,,0.19242095764239808,1
14427,-0.9634172909254992,,0.24993859362997395,1
14428,0.1709819642448253,,0.3074562296175498,1
14429,0.3649738656051256,0.3649738656051256,0.3649738656051256,0
14430,0.9557534033718621,0.9557534033718621,0.9557534033718621,0
14431,1.1034945558372653,1.1034945558372653,1.1034945558372653,0
14432,-0.6106909361170655,,0.9982090471678021,1
14433,-0.31272141848452567,,0.8929235384983389,1
14434,0.20320443527697274,,0.7876380298288759,1
14435,0.3388643253806155,,0.6823525211594126,1
14436,0.7277619734527521,,0.5770670124899495,1
14437,-0.8753971627907987,,0.47178150382048634,1
14438,-1.5523733503534816,,0.36649599515102316,1
14439,1.1492093130305394,,0.26121048648156,1
14440,0.4343925445412312,,0.1559249778120968,1
14441,0.8925738360771995,,0.05063946914263373,1
14442,-0.05464603952682964,-0.05464603952682964,-0.05464603952682964,0
14443,-0.8122574935181004,-0.8122574935181004,-0.8122574935181004,0
14444,0.44006029160411764,0.44006029160411764,0.44006029160411764,0
14445,0.5845156620552776,0.5845156620552776,0.5845156620552776,0
14446,-0.40878887445811735,-0.40878887445811735,-0.40878887445811735,0
14447,0.03648028786060347,0.03648028786060347,0.03648028786060347,0
14448,-0.6527963074943831,-0.6527963074943831,-0.6527963074943831,0
14449,1.7096554102707058,1.7096554102707058,1.7096554102707058,0
14450,-0.9765810872292597,-0.9765810872292597,-0.9765810872292597,0
14451,-0.5649645133040654,-0.5649645133040654,-0.5649645133040654,0
14452,1.088409631042462,1.088409631042462,1.088409631042462,0
14453,-0.12569308313108082,-0.12569308313108082,-0.12569308313108082,0
14454,-0.5693454923978566,-0.5693454923978566,-0.5693454923978566,0
14455,0.7064485374866188,0.7064485374866188,0.7064485374866188,0
14456,0.6320077718656432,0.6320077718656432,0.6320077718656432,0
14457,1.4462709558398117,1.4462709558398117,1.4462709558398117,0
14458,-0.3991630107742983,-0.3991630107742983,-0.3991630107742983,0
14459,-1.1965419639486776,-1.1965419639486776,-1.1965419639486776,0
14460,-1.0308199503744289,,-0.976257865468928,1
14461,-1.3405058484371823,,-0.7559737669891784,1
14462,1.5663747256917304,,-0.5356896685094289,1
14463,0.7489651865754845,,-0.3154055700296793,1
14464,-0.1893113372988087,,-0.09512147154992978,1
14465,0.13532945529094284,,0.12516262692981983,1
14466,0.4412132915201637,,0.34544672540956944,1
14467,-2.385864971272509,,0.5657308238893191,1
14468,0.23216587114316015,,0.7860149223690687,1
14469,0.8656083448157045,,1.006299020848818,1
14470,1.2265831193285675,1.2265831193285675,1.2265831193285675,0
14471,0.19673178825842821,0.19673178825842821,0.19673178825842821,0
14472,2.1152875960533666,2.1152875960533666,2.1152875960533666,0
14473,-0.24326990909817336,,1.8674392292432258,1
14474,-0.31827423920200065,,1.6195908624330848,1
14475,1.5479717239326305,,1.371742495622944,1
14476,0.09789068957917534,,1.123894128812803,1
14477,-0.9934104455068334,,0.8760457620026623,1
14478,-0.3478323913397663,,0.6281973951925215,1
14479,-1.2434273654813324,,0.3803490283823805,1
14480,0.4048310822151178,,0.13250066157223972,1
14481,1.6623663202334609,,-0.11534770523790128,1
14482,-0.16420798235798634,,-0.36319607204804205,1
14483,-0.6110444388581827,-0.6110444388581827,-0.6110444388581827,0
14484,0.7878737244457383,0.7878737244457383,0.7878737244457383,0
14485,-0.31077384833514365,-0.31077384833514365,-0.31077384833514365,0
14486,1.3727392706485828,1.3727392706485828,1.3727392706485828,0
14487,0.9310299587520539,0.9310299587520539,0.9310299587520539,0
14488,0.09266969224188598,0.09266969224188598,0.09266969224188598,0
14489,0.19886239608676945,0.19886239608676945,0.19886239608676945,0
14490,-0.8167560882266053,-0.8167560882266053,-0.8167560882266053,0
14491,1.615788427783728,1.615788427783728,1.615788427783728,0
14492,-2.0058938482055053,-2.0058938482055053,-2.0058938482055053,0
14493,1.4973890925337932,1.4973890925337932,1.4973890925337932,0
14494,-0.6480366648163555,-0.6480366648163555,-0.6480366648163555,0
14495,-0.6668253562223267,-0.6668253562223267,-0.6668253562223267,0
14496,-0.5741572414286177,-0.5741572414286177,-0.5741572414286177,0
14497,0.14328900110435952,,-0.4644643247506618,1
14498,-0.164359927959815,,-0.3547714080727059,1
14499,-1.778295312545757,,-0.24507849139475008,1
14500,0.7890889730616187,,-0.1353855747167942,1
14501,0.8484494471235243,,-0.025692658038838356,1
14502,0.18745296575608603,,0.08400025863911753,1
14503,1.5858671424570696,,0.19369317531707342,1
14504,0.5478063125427879,,0.3033860919950293,1
14505,0.07284800860565863,,0.4130790086729852,1
14506,-1.3463533036142727,,0.522771925350941,1
14507,0.6324648420288967,0.6324648420288967,0.6324648420288967,0
14508,-2.1540139382531156,-2.1540139382531156,-2.1540139382531156,0
14509,-0.2701042168238372,-0.2701042168238372,-0.2701042168238372,0
14510,-0.07504932536958327,-0.07504932536958327,-0.07504932536958327,0
14511,-0.7433206353714663,,0.014366957270724165,1
14512,-0.4913087932012875,,0.1037832399110316,1
14513,-0.12044484920001425,,0.19319952255133904,1
14514,-0.17456308485726466,,0.2826158051916465,1
14515,-1.1776061108600668,,0.3720320878319539,1
14516,2.8835409040205287,,0.46144837047226134,1
14517,-0.38896391738437375,,0.5508646531125687,1
14518,-0.4941890900883501,,0.6402809357528761,1
14519,-1.2292626244261087,,0.7296972183931836,1
14520,1.1195406277300817,,0.819113501033491,1
14521,0.9085297836737984,0.9085297836737984,0.9085297836737984,0
14522,-1.0966784583216618,-1.0966784583216618,-1.0966784583216618,0
14523,1.589905155179817,1.589905155179817,1.589905155179817,0
14524,-2.4575756162860767,-2.4575756162860767,-2.4575756162860767,0
14525,0.10174889169936788,0.10174889169936788,0.10174889169936788,0
14526,-1.6633662909336007,-1.6633662909336007,-1.6633662909336007,0
14527,2.731412824088706,2.731412824088706,2.731412824088706,0
14528,0.9622954097329772,0.9622954097329772,0.9622954097329772,0
14529,0.6131592104582856,0.6131592104582856,0.6131592104582856,0
14530,0.7128491437200076,0.7128491437200076,0.7128491437200076,0
14531,-1.031424016292608,-1.031424016292608,-1.031424016292608,0
14532,-0.18430993144393504,,-0.8512379916420385,1
14533,-0.5356983257526015,,-0.671051966991469,1
14534,-0.9293011033441166,,-0.4908659423408993,1
14535,-2.358739014759029,,-0.31067991769032977,1
14536,0.2698428826181676,,-0.13049389303976022,1
14537,-0.07096190550013823,,0.04969213161080943,1
14538,-0.5474493008776748,,0.22987815626137897,1
14539,0.8257489204292445,,0.4100641809119485,1
14540,-1.2247796670185211,,0.5902502055625181,1
14541,1.1911509069443336,,0.7704362302130876,1
14542,0.9506222548636573,0.9506222548636573,0.9506222548636573,0
14543,0.7063600687908259,,0.9220720569673728,1
14544,0.5951574953676507,,0.8935218590710883,1
14545,-0.3804796063469823,,0.8649716611748038,1
14546,-2.1677235284404723,,0.8364214632785194,1
14547,-0.7398263054120527,,0.8078712653822349,1
14548,0.19833409995810058,,0.7793210674859504,1
14549,-0.7297804545991456,,0.750770869589666,1
14550,1.259986434756599,,0.7222206716933814,1
14551,0.42613363117350034,,0.6936704737970969,1
14552,-0.8326194003905854,,0.6651202759008125,1
14553,0.636570078004528,0.636570078004528,0.636570078004528,0
14554,-0.4391118488560825,-0.4391118488560825,-0.4391118488560825,0
14555,1.4664454497801211,1.4664454497801211,1.4664454497801211,0
14556,1.3909273940171811,1.3909273940171811,1.3909273940171811,0
14557,0.17800121063943752,0.17800121063943752,0.17800121063943752,0
14558,-0.14763552877942784,-0.14763552877942784,-0.14763552877942784,0
14559,1.0695563152235323,,-0.05993559313834439,1
14560,0.850090650574513,,0.02776434250273907,1
14561,-0.21838326310606854,,0.11546427814382251,1
14562,0.2816117140916953,,0.20316421378490598,1
14563,0.7120352082101591,,0.2908641494259895,1
14564,-1.032931410723539,,0.37856408506707284,1
14565,0.08073937981968622,,0.4662640207081563,1
14566,-0.3574860758869884,,0.5539639563492398,1
14567,-1.574464523142161,,0.6416638919903233,1
14568,1.0261254050220412,,0.7293638276314067,1
14569,0.8170637632724901,0.8170637632724901,0.8170637632724901,0
14570,1.8751412078806242,1.8751412078806242,1.8751412078806242,0
14571,0.5620280825993456,0.5620280825993456,0.5620280825993456,0
14572,-0.9019527161422332,-0.9019527161422332,-0.9019527161422332,0
14573,0.2487187986522066,0.2487187986522066,0.2487187986522066,0
14574,1.9915110820647897,1.9915110820647897,1.9915110820647897,0
14575,-0.9782895074443916,-0.9782895074443916,-0.9782895074443916,0
14576,-0.9612571917635019,-0.9612571917635019,-0.9612571917635019,0
14577,0.26632983058093945,,-0.8873368487124592,1
14578,0.1653757400585647,,-0.8134165056614165,1
14579,-0.32968553293550124,,-0.739496162610374,1
14580,-0.5231499913814155,,-0.6655758195593313,1
14581,1.158898973735029,,-0.5916554765082886,1
14582,0.28629010563493335,,-0.517735133457246,1
14583,0.9913791957716097,,-0.4438147904062033,1
14584,-0.23663747418233172,,-0.36989444735516064,1
14585,-0.8063708355044017,,-0.29597410430411797,1
14586,0.18627847035868214,,-0.2220537612530753,1
14587,-0.1481334182020326,-0.1481334182020326,-0.1481334182020326,0
14588,0.6439847632686323,0.6439847632686323,0.6439847632686323,0
14589,-1.0000175489284238,-1.0000175489284238,-1.0000175489284238,0
14590,0.3706425544938475,0.3706425544938475,0.3706425544938475,0
14591,-0.9459887322889665,-0.9459887322889665,-0.9459887322889665,0
14592,2.7312737276782464,2.7312737276782464,2.7312737276782464,0
14593,-0.18555961046531336,-0.18555961046531336,-0.18555961046531336,0
14594,0.9326942702259075,0.9326942702259075,0.9326942702259075,0
14595,0.0507651699197516,0.0507651699197516,0.0507651699197516,0
14596,1.5141997679563828,,0.036349985677856134,1
14597,1.6847647079056072,,0.021934801435960667,1
14598,-1.2682267620534406,,0.007519617194065201,1
14599,0.14476093771123005,,-0.006895567047830266,1
14600,-0.5429786974516504,,-0.02131075128972574,1
14601,-0.6835309236839485,,-0.0357259355316212,1
14602,0.5539223443923784,,-0.05014111977351666,1
14603,-0.16498682364784892,,-0.06455630401541212,1
14604,-1.032967737438351,,-0.0789714882573076,1
14605,0.23438114148843375,,-0.09338667249920307,1
14606,-0.10780185674109852,-0.10780185674109852,-0.10780185674109852,0
14607,-0.06455998993426296,-0.06455998993426296,-0.06455998993426296,0
14608,1.4347176358393114,1.4347176358393114,1.4347176358393114,0
14609,-1.102639285659354,-1.102639285659354,-1.102639285659354,0
14610,-0.13396713011024552,-0.13396713011024552,-0.13396713011024552,0
14611,0.509011785729315,0.509011785729315,0.509011785729315,0
14612,-0.8762529131559701,-0.8762529131559701,-0.8762529131559701,0
14613,0.17875997797770293,0.17875997797770293,0.17875997797770293,0
14614,1.383326819483157,1.383326819483157,1.383326819483157,0
14615,-1.2689429498255052,-1.2689429498255052,-1.2689429498255052,0
14616,-1.4930551638899054,-1.4930551638899054,-1.4930551638899054,0
14617,0.06478652256722985,0.06478652256722985,0.06478652256722985,0
14618,0.8817579871156895,0.8817579871156895,0.8817579871156895,0
14619,1.8351630195762547,1.8351630195762547,1.8351630195762547,0
14620,-0.8448352943825551,,1.6232615743324639,1
14621,-0.7287727905633665,,1.411360129088673,1
14622,0.8905017099951615,,1.199458683844882,1
14623,0.6591604601416263,,0.9875572386010912,1
14624,-0.9707263421185713,,0.7756557933573003,1
14625,0.6445125847825957,,0.5637543481135094,1
14626,-1.292602033992775,,0.3518529028697186,1
14627,-0.6159786574021526,,0.13995145762592776,1
14628,1.1867523008184961,,-0.07194998761786309,1
14629,-0.08849101465366727,,-0.28385143286165415,1
14630,-0.4957528781054451,-0.4957528781054451,-0.4957528781054451,0
14631,0.17519808782748897,0.17519808782748897,0.17519808782748897,0
14632,1.0623017540955035,1.0623017540955035,1.0623017540955035,0
14633,0.21464014346551819,0.21464014346551819,0.21464014346551819,0
14634,1.2886156316185753,1.2886156316185753,1.2886156316185753,0
14635,0.08174337016929349,0.08174337016929349,0.08174337016929349,0
14636,-1.592862158276868,-1.592862158276868,-1.592862158276868,0
14637,2.385676654980802,2.385676654980802,2.385676654980802,0
14638,1.234156998959544,1.234156998959544,1.234156998959544,0
14639,-0.8643263137525506,-0.8643263137525506,-0.8643263137525506,0
14640,-0.16290542265643482,-0.16290542265643482,-0.16290542265643482,0
14641,0.07679265855589856,0.07679265855589856,0.07679265855589856,0
14642,-1.655783756924802,-1.655783756924802,-1.655783756924802,0
14643,-0.08494414843806539,-0.08494414843806539,-0.08494414843806539,0
14644,-0.7927122320220099,-0.7927122320220099,-0.7927122320220099,0
14645,0.8024330597453679,0.8024330597453679,0.8024330597453679,0
14646,-0.33817775937889666,-0.33817775937889666,-0.33817775937889666,0
14647,-1.0294745106099203,-1.0294745106099203,-1.0294745106099203,0
14648,0.4907773876825459,0.4907773876825459,0.4907773876825459,0
14649,-0.44244377807200325,-0.44244377807200325,-0.44244377807200325,0
14650,0.4685305518186327,0.4685305518186327,0.4685305518186327,0
14651,-0.9984479230726571,-0.9984479230726571,-0.9984479230726571,0
14652,-1.4033168613925502,-1.4033168613925502,-1.4033168613925502,0
14653,-0.014162537908110092,,-1.1661501832912875,1
14654,-0.14661104299290226,,-0.9289835051900248,1
14655,-1.8846852899559021,,-0.6918168270887622,1
14656,0.7358521308562063,,-0.45465014898749956,1
14657,0.0637783571853055,,-0.21748347088623698,1
14658,-0.019270243959711733,,0.0196832072150257,1
14659,0.7283061105796531,,0.2568498853162884,1
14660,1.3896254952856864,,0.49401656341755107,1
14661,-0.12135757565490997,,0.7311832415188138,1
14662,2.3074359717671915,,0.9683499196200762,1
14663,1.2055165977213391,1.2055165977213391,1.2055165977213391,0
14664,0.5254373870994787,0.5254373870994787,0.5254373870994787,0
14665,-1.3163457962238367,-1.3163457962238367,-1.3163457962238367,0
14666,0.6227233884062754,0.6227233884062754,0.6227233884062754,0
14667,-0.18233465395762277,-0.18233465395762277,-0.18233465395762277,0
14668,-1.3642065574896955,-1.3642065574896955,-1.3642065574896955,0
14669,-0.9816338973542009,-0.9816338973542009,-0.9816338973542009,0
14670,0.5872087620249498,0.5872087620249498,0.5872087620249498,0
14671,0.44344541670326515,0.44344541670326515,0.44344541670326515,0
14672,-1.5052550975900234,-1.5052550975900234,-1.5052550975900234,0
14673,-0.9543447006676649,-0.9543447006676649,-0.9543447006676649,0
14674,1.0022261610351229,1.0022261610351229,1.0022261610351229,0
14675,-0.379683749785943,-0.379683749785943,-0.379683749785943,0
14676,0.38036623065318786,0.38036623065318786,0.38036623065318786,0
14677,2.585305674324589,2.585305674324589,2.585305674324589,0
14678,-0.7638739361854504,-0.7638739361854504,-0.7638739361854504,0
14679,1.9681748812165027,1.9681748812165027,1.9681748812165027,0
14680,1.5706593298879685,1.5706593298879685,1.5706593298879685,0
14681,0.10227856477171278,0.10227856477171278,0.10227856477171278,0
14682,0.31726719908416884,,0.0992470648194882,1
14683,0.09175480174423131,,0.09621556486726363,1
14684,0.9721477652815181,,0.09318406491503904,1
14685,0.061922868159057086,,0.09015256496281446,1
14686,0.030997202309327416,,0.08712106501058989,1
14687,0.3006128752587247,,0.0840895650583653,1
14688,-1.972132495469475,,0.08105806510614072,1
14689,1.1508417176705241,,0.07802656515391615,1
14690,1.977862463440611,,0.07499506520169157,1
14691,-0.814636152998533,,0.07196356524946698,1
14692,-0.05741358293877781,,0.06893206529724241,1
14693,-0.36276142783122584,,0.06590056534501783,1
14694,-0.1838592867785535,,0.06286906539279324,1
14695,-0.41353537405537905,,0.059837565440568674,1
14696,-0.25062777548674786,,0.05680606548834409,1
14697,-0.1919355077682334,,0.05377456553611951,1
14698,0.034415551362053515,,0.050743065583894936,1
14699,1.209488185855547,,0.04771156563167035,1
14700,0.10099173802960182,,0.044680065679445775,1
14701,-0.1278040713829837,,0.0416485657272212,1
14702,0.03861706577499662,0.03861706577499662,0.03861706577499662,0
14703,-0.9358316186695514,-0.9358316186695514,-0.9358316186695514,0
14704,-0.6765686630489299,-0.6765686630489299,-0.6765686630489299,0
14705,0.10751004212025908,0.10751004212025908,0.10751004212025908,0
14706,-0.6843452416585107,,0.2892980719746523,1
14707,-0.5281324222100613,,0.47108610182904553,1
14708,-0.6002182118123622,,0.6528741316834387,1
14709,-0.2645045424403665,,0.8346621615378319,1
14710,1.0482069495003534,,1.0164501913922253,1
14711,0.24835386059370604,,1.1982382212466183,1
14712,0.09343017079243666,,1.3800262511010115,1
14713,-1.1176965500412384,,1.5618142809554048,1
14714,0.6997209428388537,,1.743602310809798,1
14715,-0.39124605183689987,,1.9253903406641912,1
14716,2.1071783705185845,2.1071783705185845,2.1071783705185845,0
14717,-0.4984934165972877,-0.4984934165972877,-0.4984934165972877,0
14718,-1.1091881546215039,-1.1091881546215039,-1.1091881546215039,0
14719,0.04028672555788878,0.04028672555788878,0.04028672555788878,0
14720,-1.5508804893399915,-1.5508804893399915,-1.5508804893399915,0
14721,1.1858483400438378,,-1.3606280135488182,1
14722,1.5249069912486553,,-1.1703755377576452,1
14723,-1.5340513854347204,,-0.980123061966472,1
14724,0.05002400210661591,,-0.7898705861752989,1
14725,0.5395120533180731,,-0.5996181103841258,1
14726,0.3331034794938369,,-0.4093656345929526,1
14727,-0.8797293030914712,,-0.21911315880177962,1
14728,1.6751994984771517,,-0.028860683010606403,1
14729,1.1730419743779892,,0.1613917927805668,1
14730,-1.9313470070335903,,0.3516442685717398,1
14731,0.541896744362913,0.541896744362913,0.541896744362913,0
14732,-0.6944406877049365,-0.6944406877049365,-0.6944406877049365,0
14733,-1.5308156137600737,-1.5308156137600737,-1.5308156137600737,0
14734,1.6925008645501858,1.6925008645501858,1.6925008645501858,0
14735,1.4692585758090317,1.4692585758090317,1.4692585758090317,0
14736,-0.07235446678321271,-0.07235446678321271,-0.07235446678321271,0
14737,1.4335817248174385,1.4335817248174385,1.4335817248174385,0
14738,0.5453362465354767,0.5453362465354767,0.5453362465354767,0
14739,0.7914478314287285,0.7914478314287285,0.7914478314287285,0
14740,0.9779499314405378,0.9779499314405378,0.9779499314405378,0
14741,0.9818263732810858,0.9818263732810858,0.9818263732810858,0
14742,-0.4239082930520455,-0.4239082930520455,-0.4239082930520455,0
14743,0.23229905577103177,0.23229905577103177,0.23229905577103177,0
14744,-1.6856061083898761,-1.6856061083898761,-1.6856061083898761,0
14745,-0.7474607765414822,-0.7474607765414822,-0.7474607765414822,0
14746,-0.5555365881583456,-0.5555365881583456,-0.5555365881583456,0
14747,0.41169857966852413,,-0.45288988954522885,1
14748,0.41000682429405766,,-0.3502431909321121,1
14749,-0.721622191563221,,-0.2475964923189954,1
14750,-1.1332407553190955,,-0.14494979370587863,1
14751,0.9536174863351068,,-0.042303095092761867,1
14752,0.6873479270787319,,0.06034360352035484,1
14753,0.5632800419115979,,0.16299030213347165,1
14754,-0.162514444474954,,0.26563700074658836,1
14755,1.2765062484596876,,0.36828369935970506,1
14756,0.11782403415794845,,0.4709303979728219,1
14757,0.5735770965859385,0.5735770965859385,0.5735770965859385,0
14758,0.18163530704275185,,0.6447941351994365,1
14759,0.4593519210505348,,0.7160111738129344,1
14760,0.43088993650409013,,0.7872282124264325,1
14761,1.560910711525943,,0.8584452510399305,1
14762,0.4549128508053376,,0.9296622896534286,1
14763,0.7824031324905605,,1.0008793282669266,1
14764,0.9897077415774141,,1.0720963668804244,1
14765,0.14044807621357205,,1.1433134054939225,1
14766,1.6063723138532222,,1.2145304441074205,1
14767,-0.4037857064712365,,1.2857474827209185,1
14768,1.3569645213344166,1.3569645213344166,1.3569645213344166,0
14769,0.10009244336745121,0.10009244336745121,0.10009244336745121,0
14770,0.22109904356825122,0.22109904356825122,0.22109904356825122,0
14771,0.6662873831170113,0.6662873831170113,0.6662873831170113,0
14772,-0.3916826020220613,-0.3916826020220613,-0.3916826020220613,0
14773,-0.4006598289204973,-0.4006598289204973,-0.4006598289204973,0
14774,-0.2765245254975611,-0.2765245254975611,-0.2765245254975611,0
14775,-0.06673231772482414,-0.06673231772482414,-0.06673231772482414,0
14776,0.2609847900353218,0.2609847900353218,0.2609847900353218,0
14777,0.5196753060206961,0.5196753060206961,0.5196753060206961,0
14778,-0.22792629969187964,,0.38710936365823795,1
14779,-0.4398503066199082,,0.2545434212957798,1
14780,-1.5027850584931493,,0.12197747893332161,1
14781,0.03764124150264108,,-0.010588463429136552,1
14782,-2.0162929730506143,,-0.14315440579159466,1
14783,-0.47141197427763026,,-0.2757203481540529,1
14784,0.5287922344029683,,-0.4082862905165111,1
14785,-0.5302207023909276,,-0.5408522328789692,1
14786,2.067246098519372,,-0.6734181752414273,1
14787,-0.8077082969654836,,-0.8059841176038854,1
14788,-0.9385500599663437,-0.9385500599663437,-0.9385500599663437,0
14789,1.250614331865461,1.250614331865461,1.250614331865461,0
14790,0.7041196370294825,0.7041196370294825,0.7041196370294825,0
14791,-0.5832532041164983,-0.5832532041164983,-0.5832532041164983,0
14792,0.4512046579608381,0.4512046579608381,0.4512046579608381,0
14793,-0.5257428273938324,,0.4318417619764767,1
14794,-0.5421525065681442,,0.41247886599211536,1
14795,1.4588277506107754,,0.393115970007754,1
14796,2.4505354896585856,,0.37375307402339264,1
14797,0.6263680350602366,,0.3543901780390313,1
14798,-0.3489870663077064,,0.3350272820546699,1
14799,0.7060397179151914,,0.31566438607030856,1
14800,-0.06692448583212421,,0.2963014900859472,1
14801,-2.5118786112205016,,0.27693859410158583,1
14802,-0.6255134953836657,,0.25757569811722447,1
14803,0.23821280213286317,0.23821280213286317,0.23821280213286317,0
14804,0.6932195687449882,0.6932195687449882,0.6932195687449882,0
14805,-1.5697286194515916,-1.5697286194515916,-1.5697286194515916,0
14806,1.834739485368074,,-1.6348823513430357,1
14807,1.7828051025388951,,-1.7000360832344799,1
14808,0.3789586451123222,,-1.765189815125924,1
14809,-0.9015574205150747,,-1.830343547017368,1
14810,2.185980278249878,,-1.895497278908812,1
14811,0.3363731900371624,,-1.9606510108002562,1
14812,0.020234742440761486,,-2.0258047426917,1
14813,1.36695128880862,,-2.0909584745831444,1
14814,-0.5878720309261143,,-2.1561122064745883,1
14815,-0.12075133092636799,,-2.2212659383660327,1
14816,-2.2864196702574766,-2.2864196702574766,-2.2864196702574766,0
14817,0.1510628358915968,0.1510628358915968,0.1510628358915968,0
14818,-0.786798667224547,-0.786798667224547,-0.786798667224547,0
14819,0.6277719647618966,0.6277719647618966,0.6277719647618966,0
14820,-0.2153771427208363,-0.2153771427208363,-0.2153771427208363,0
14821,-0.9764853562412501,-0.9764853562412501,-0.9764853562412501,0
14822,0.8474823379662003,0.8474823379662003,0.8474823379662003,0
14823,0.9133092738377643,0.9133092738377643,0.9133092738377643,0
14824,-1.7216279579978564,-1.7216279579978564,-1.7216279579978564,0
14825,-0.39759492924701506,-0.39759492924701506,-0.39759492924701506,0
14826,-0.12826233524142802,-0.12826233524142802,-0.12826233524142802,0
14827,-1.1926001890614675,-1.1926001890614675,-1.1926001890614675,0
14828,0.15207766066131867,0.15207766066131867,0.15207766066131867,0
14829,1.124662834658398,1.124662834658398,1.124662834658398,0
14830,-0.2370223719756343,-0.2370223719756343,-0.2370223719756343,0
14831,1.3208989024117528,1.3208989024117528,1.3208989024117528,0
14832,-0.7889725723043054,-0.7889725723043054,-0.7889725723043054,0
14833,-0.5320242335192047,-0.5320242335192047,-0.5320242335192047,0
14834,0.888660750868192,0.888660750868192,0.888660750868192,0
14835,1.3524890126348206,1.3524890126348206,1.3524890126348206,0
14836,-0.28226562350006906,-0.28226562350006906,-0.28226562350006906,0
14837,-1.3913471373534572,-1.3913471373534572,-1.3913471373534572,0
14838,-0.1462209142160034,-0.1462209142160034,-0.1462209142160034,0
14839,-3.0301496699178934,-3.0301496699178934,-3.0301496699178934,0
14840,-0.06541788720044805,-0.06541788720044805,-0.06541788720044805,0
14841,0.37987397089719876,0.37987397089719876,0.37987397089719876,0
14842,0.6710139966085686,0.6710139966085686,0.6710139966085686,0
14843,1.005651461959807,1.005651461959807,1.005651461959807,0
14844,1.1689279917716229,1.1689279917716229,1.1689279917716229,0
14845,-0.39343305813857016,-0.39343305813857016,-0.39343305813857016,0
14846,0.005078550437410747,0.005078550437410747,0.005078550437410747,0
14847,1.193151393062536,1.193151393062536,1.193151393062536,0
14848,1.1485371688016115,1.1485371688016115,1.1485371688016115,0
14849,-1.2686891366480193,,1.0734989493536125,1
14850,-1.5738257180616744,,0.9984607299056133,1
14851,0.5543652266919266,,0.9234225104576141,1
14852,1.4045430503479426,,0.8483842910096151,1
14853,1.4236481278372133,,0.773346071561616,1
14854,2.0900513759059725,,0.6983078521136169,1
14855,0.914452747107955,,0.6232696326656177,1
14856,-1.3746996254848787,,0.5482314132176187,1
14857,-1.39577643369006,,0.47319319376961966,1
14858,0.1669462382904058,,0.3981549743216205,1
14859,0.3231167548736213,0.3231167548736213,0.3231167548736213,0
14860,1.8573429809770454,1.8573429809770454,1.8573429809770454,0
14861,0.015037047500108248,0.015037047500108248,0.015037047500108248,0
14862,-0.4139621130151722,-0.4139621130151722,-0.4139621130151722,0
14863,0.6078952972126912,0.6078952972126912,0.6078952972126912,0
14864,-1.8401793226294236,-1.8401793226294236,-1.8401793226294236,0
14865,0.5237973125417756,,-1.6969458380955829,1
14866,0.5346350678132976,,-1.5537123535617423,1
14867,0.7311896180500713,,-1.4104788690279015,1
14868,0.5941455122807606,,-1.267245384494061,1
14869,-0.7664852961529781,,-1.1240118999602202,1
14870,-0.12667850946778428,,-0.9807784154263794,1
14871,0.2710483325843222,,-0.8375449308925389,1
14872,0.35166552497058023,,-0.6943114463586981,1
14873,-0.46773437364734116,,-0.5510779618248574,1
14874,-0.15767500899815817,,-0.4078444772910168,1
14875,1.4781318625117863,,-0.26461099275717603,1
14876,1.5264137516409464,,-0.12137750822333526,1
14877,0.31807907204605373,,0.021855976310505287,1
14878,-0.7092173029876452,,0.16508946084434584,1
14879,1.2010749971541503,,0.30832294537818683,1
14880,-0.5164481244818105,,0.4515564299120274,1
14881,-0.06737159788824301,,0.5947899144458679,1
14882,1.1013510220662484,,0.7380233989797089,1
14883,-0.8509760273137515,,0.8812568835135495,1
14884,1.3018789312788206,,1.02449036804739,1
14885,1.167723852581231,1.167723852581231,1.167723852581231,0
14886,-0.23767690210142445,-0.23767690210142445,-0.23767690210142445,0
14887,0.24241018600194483,0.24241018600194483,0.24241018600194483,0
14888,0.369405403521097,0.369405403521097,0.369405403521097,0
14889,0.430044608006083,0.430044608006083,0.430044608006083,0
14890,0.39027882139415054,0.39027882139415054,0.39027882139415054,0
14891,-1.6386414724194274,-1.6386414724194274,-1.6386414724194274,0
14892,0.367413963278313,0.367413963278313,0.367413963278313,0
14893,0.22675521374311533,0.22675521374311533,0.22675521374311533,0
14894,0.3501493281222003,0.3501493281222003,0.3501493281222003,0
14895,-1.2720349990589521,,0.4448813622598889,1
14896,-1.0647852249995842,,0.5396133963975775,1
14897,0.9740444493799304,,0.6343454305352662,1
14898,0.7345198420490057,,0.7290774646729548,1
14899,0.7578156567816658,,0.8238094988106434,1
14900,-2.6754106731359144,,0.918541532948332,1
14901,2.1409638677137734,,1.0132735670860207,1
14902,-0.010449165945955467,,1.1080056012237092,1
14903,-1.549985453272631,,1.2027376353613979,1
14904,-0.7834716815487842,,1.2974696694990864,1
14905,1.392201703636775,1.392201703636775,1.392201703636775,0
14906,0.020672967937067698,0.020672967937067698,0.020672967937067698,0
14907,0.39947548903208796,0.39947548903208796,0.39947548903208796,0
14908,-0.6105499650129413,-0.6105499650129413,-0.6105499650129413,0
14909,1.3621153530558603,1.3621153530558603,1.3621153530558603,0
14910,-0.6592836482248557,-0.6592836482248557,-0.6592836482248557,0
14911,1.556291248067729,1.556291248067729,1.556291248067729,0
14912,-1.0133215997332083,-1.0133215997332083,-1.0133215997332083,0
14913,1.7766216857589878,1.7766216857589878,1.7766216857589878,0
14914,1.0489984542802022,1.0489984542802022,1.0489984542802022,0
14915,-1.1339728211832751,-1.1339728211832751,-1.1339728211832751,0
14916,0.282194387678827,0.282194387678827,0.282194387678827,0
14917,0.818967193940544,0.818967193940544,0.818967193940544,0
14918,-1.8494468691703032,-1.8494468691703032,-1.8494468691703032,0
14919,0.021931014729590685,0.021931014729590685,0.021931014729590685,0
14920,-0.4853539063042843,-0.4853539063042843,-0.4853539063042843,0
14921,-0.09518152705109281,-0.09518152705109281,-0.09518152705109281,0
14922,-1.303854984433768,-1.303854984433768,-1.303854984433768,0
14923,0.15458578368548828,,-1.0852481931912108,1
14924,0.23042894594489388,,-0.8666414019486539,1
14925,0.09217141240961163,,-0.6480346107060968,1
14926,0.9228802764546812,,-0.4294278194635398,1
14927,0.9376937176903725,,-0.2108210282209828,1
14928,-0.04891122217956379,,0.007785763021574299,1
14929,0.6856280945530561,,0.22639255426413118,1
14930,-1.3138764737422093,,0.4449993455066883,1
14931,0.39756391167549054,,0.6636061367492454,1
14932,1.7466530594061844,,0.8822129279918023,1
14933,1.1008197192343596,1.1008197192343596,1.1008197192343596,0
14934,-0.45526103594911776,-0.45526103594911776,-0.45526103594911776,0
14935,-0.38445685762126336,-0.38445685762126336,-0.38445685762126336,0
14936,-1.2959332195126838,-1.2959332195126838,-1.2959332195126838,0
14937,-0.507548338102197,-0.507548338102197,-0.507548338102197,0
14938,0.9694166648855697,0.9694166648855697,0.9694166648855697,0
14939,0.07427864594791064,0.07427864594791064,0.07427864594791064,0
14940,1.8861483595147452,1.8861483595147452,1.8861483595147452,0
14941,-0.24754067029365276,-0.24754067029365276,-0.24754067029365276,0
14942,-0.44145164215041693,-0.44145164215041693,-0.44145164215041693,0
14943,1.2240738318137092,1.2240738318137092,1.2240738318137092,0
14944,1.2941664958146644,1.2941664958146644,1.2941664958146644,0
14945,-0.6648662964211225,-0.6648662964211225,-0.6648662964211225,0
14946,-1.030978944124079,-1.030978944124079,-1.030978944124079,0
14947,0.6813502975162444,0.6813502975162444,0.6813502975162444,0
14948,0.14684332105075174,0.14684332105075174,0.14684332105075174,0
14949,-0.3092938903486803,-0.3092938903486803,-0.3092938903486803,0
14950,0.22626637955472825,0.22626637955472825,0.22626637955472825,0
14951,-1.9460877001031065,-1.9460877001031065,-1.9460877001031065,0
14952,0.7237758161610187,0.7237758161610187,0.7237758161610187,0
14953,0.5944818320102259,0.5944818320102259,0.5944818320102259,0
14954,-0.86690470665439,-0.86690470665439,-0.86690470665439,0
14955,-0.09517628647920089,,-0.7615476496927309,1
14956,-0.13600471985738952,,-0.6561905927310717,1
14957,-0.3273767515514287,,-0.5508335357694125,1
14958,1.416418053270822,,-0.44547647880775343,1
14959,-1.5385910443221433,,-0.34011942184609434,1
14960,2.10124524091798,,-0.23476236488443514,1
14961,0.34789863577128927,,-0.12940530792277594,1
14962,1.264523367636707,,-0.024048250961116846,1
14963,-1.2085369793314555,,0.08130880600054224,1
14964,-0.7506044236993266,,0.18666586296220133,1
14965,0.29202291992386065,0.29202291992386065,0.29202291992386065,0
14966,-1.914275847672628,-1.914275847672628,-1.914275847672628,0
14967,0.6144602442698462,0.6144602442698462,0.6144602442698462,0
14968,1.1340138609132593,1.1340138609132593,1.1340138609132593,0
14969,-0.3275675613385673,-0.3275675613385673,-0.3275675613385673,0
14970,-0.3494105506853448,-0.3494105506853448,-0.3494105506853448,0
14971,0.9885437893062432,0.9885437893062432,0.9885437893062432,0
14972,0.07532867794718304,0.07532867794718304,0.07532867794718304,0
14973,0.43592824937657265,0.43592824937657265,0.43592824937657265,0
14974,0.8499617028581529,0.8499617028581529,0.8499617028581529,0
14975,-0.69929083383107,-0.69929083383107,-0.69929083383107,0
14976,0.16167921347061562,,-0.5391589528476322,1
14977,0.2433471760225433,,-0.37902707186419426,1
14978,-0.8071961755291547,,-0.21889519088075637,1
14979,1.1500433049768095,,-0.05876330989731848,1
14980,-0.35372564994377764,,0.10136857108611941,1
14981,2.252596173826616,,0.2615004520695573,1
14982,-0.04213889772733138,,0.4216323330529951,1
14983,-1.0782118338549673,,0.5817642140364331,1
14984,-1.2664838703940644,,0.7418960950198711,1
14985,-0.10096030400655305,,0.9020279760033089,1
14986,1.0621598569867468,1.0621598569867468,1.0621598569867468,0
14987,-0.47111877427935617,-0.47111877427935617,-0.47111877427935617,0
14988,-0.3837390169702189,,-0.49075787166588797,1
14989,-0.04622687593918751,,-0.5103969690524198,1
14990,1.1693666541658605,,-0.5300360664389516,1
14991,0.8652915800158605,,-0.5496751638254834,1
14992,1.5211804002261033,,-0.5693142612120152,1
14993,0.488573796189193,,-0.588953358598547,1
14994,-0.5119358067756365,,-0.6085924559850788,1
14995,-1.645737877851754,,-0.6282315533716106,1
14996,0.780203816953934,,-0.6478706507581424,1
14997,-0.17021222526199267,,-0.6675097481446742,1
14998,-0.687148845531206,-0.687148845531206,-0.687148845531206,0
14999,0.036070035251636684,,-0.6074136777286467,1
15000,-0.07856431720194355,,-0.5276785099260876,1
15001,-0.5809998961098137,,-0.44794334212352827,1
15002,-0.5840569332317388,,-0.36820817432096903,1
15003,0.6007513154398276,,-0.2884730065184098,1
15004,-1.2009135203306784,,-0.2087378387158505,1
15005,-0.09149228686887005,,-0.12900267091329132,1
15006,0.6577230886556914,,-0.049267503110732025,1
15007,0.5335489215817896,,0.030467664691827268,1
15008,0.08182059174417958,,0.11020283249438645,1
15009,0.18993800029694569,0.18993800029694569,0.18993800029694569,0
15010,0.7485156558047769,0.7485156558047769,0.7485156558047769,0
15011,-1.1237833329945672,-1.1237833329945672,-1.1237833329945672,0
15012,0.21705560592964818,0.21705560592964818,0.21705560592964818,0
15013,1.3261519917023434,1.3261519917023434,1.3261519917023434,0
15014,1.4562616658164491,1.4562616658164491,1.4562616658164491,0
15015,1.145188124921326,1.145188124921326,1.145188124921326,0
15016,0.8524983995656205,0.8524983995656205,0.8524983995656205,0
15017,-0.395005076040719,,0.9095670159990208,1
15018,-0.14214354713978616,,0.9666356324324211,1
15019,-0.7473209947588287,,1.0237042488658215,1
15020,0.29861691415900377,,1.080772865299222,1
15021,-0.6164853224290829,,1.1378414817326221,1
15022,-1.0023362821278428,,1.1949100981660226,1
15023,0.07470191288874582,,1.251978714599423,1
15024,0.21055175330813558,,1.3090473310328232,1
15025,0.2789805023766838,,1.3661159474662237,1
15026,-0.7482582277442607,,1.4231845638996239,1
15027,1.4802531803330243,1.4802531803330243,1.4802531803330243,0
15028,-0.3462894386079316,,1.219428290993684,1
15029,-0.3711191780708825,,0.9586034016543438,1
15030,-0.960888875072239,,0.6977785123150035,1
15031,-1.2650182326856436,,0.4369536229756632,1
15032,2.6845584311141817,,0.17612873363632287,1
15033,0.20134692508133695,,-0.08469615570301725,1
15034,0.08318999551350545,,-0.3455210450423576,1
15035,0.39453118394891595,,-0.6063459343816979,1
15036,0.43137135135787935,,-0.8671708237210383,1
15037,-0.8183313476792351,,-1.1279957130603786,1
15038,-1.3888206023997183,-1.3888206023997183,-1.3888206023997183,0
15039,0.2702206521740346,,-1.3225009037199233,1
15040,0.2600392957246247,,-1.2561812050401284,1
15041,0.24924200489508186,,-1.1898615063603335,1
15042,0.3039436734727931,,-1.1235418076805386,1
15043,1.1319829141544153,,-1.0572221090007436,1
15044,-1.6075920640484127,,-0.9909024103209486,1
15045,-0.8557600086029362,,-0.9245827116411537,1
15046,-0.6517948922934521,,-0.8582630129613588,1
15047,0.6207661067026508,,-0.7919433142815638,1
15048,-0.24768651997725516,,-0.7256236156017689,1
15049,-0.6593039169219739,-0.6593039169219739,-0.6593039169219739,0
15050,-1.9611078081330666,-1.9611078081330666,-1.9611078081330666,0
15051,-0.2463674044686544,-0.2463674044686544,-0.2463674044686544,0
15052,-0.7580726085182079,-0.7580726085182079,-0.7580726085182079,0
15053,0.06068410508485126,0.06068410508485126,0.06068410508485126,0
15054,-0.5874228026824794,-0.5874228026824794,-0.5874228026824794,0
15055,-0.9687390388546085,-0.9687390388546085,-0.9687390388546085,0
15056,0.6496927126902615,0.6496927126902615,0.6496927126902615,0
15057,1.7011816958183297,1.7011816958183297,1.7011816958183297,0
15058,0.5590473946572532,0.5590473946572532,0.5590473946572532,0
15059,-3.0205428363586906,-3.0205428363586906,-3.0205428363586906,0
15060,0.7599180662336431,0.7599180662336431,0.7599180662336431,0
15061,-0.7999761056476251,-0.7999761056476251,-0.7999761056476251,0
15062,-0.7081621405207593,-0.7081621405207593,-0.7081621405207593,0
15063,0.3722275205146499,,-0.7012173507714101,1
15064,0.4241929260406128,,-0.694272561022061,1
15065,0.9518182059670578,,-0.6873277712727118,1
15066,0.3403224811419881,,-0.6803829815233626,1
15067,-0.5918890706437449,,-0.6734381917740135,1
15068,0.019784231098566696,,-0.6664934020246643,1
15069,-0.1632764576116004,,-0.6595486122753152,1
15070,1.6561682118174046,,-0.652603822525966,1
15071,-0.8881904827581638,,-0.6456590327766168,1
15072,-0.14014598597784977,,-0.6387142430272678,1
15073,-0.6317694532779186,-0.6317694532779186,-0.6317694532779186,0
15074,1.4364397649191467,1.4364397649191467,1.4364397649191467,0
15075,1.309977909888362,1.309977909888362,1.309977909888362,0
15076,-0.6723101102608096,,1.4106758763324971,1
15077,-0.6216482135766247,,1.5113738427766326,1
15078,-0.03935111042576137,,1.6120718092207678,1
15079,0.8110197570663088,,1.7127697756649032,1
15080,-0.7893413055485,,1.8134677421090384,1
15081,0.9731390903705774,,1.9141657085531736,1
15082,1.4869473522054664,,2.014863674997309,1
15083,0.8809171773243345,,2.1155616414414444,1
15084,1.4663749240105723,,2.2162596078855796,1
15085,-1.7552925495704388,,2.316957574329715,1
15086,2.41765554077385,2.41765554077385,2.41765554077385,0
15087,-0.4781867741052401,-0.4781867741052401,-0.4781867741052401,0
15088,-0.15971287110490257,-0.15971287110490257,-0.15971287110490257,0
15089,-1.598840780345359,-1.598840780345359,-1.598840780345359,0
15090,0.45290318623142445,0.45290318623142445,0.45290318623142445,0
15091,-0.31863312205708055,-0.31863312205708055,-0.31863312205708055,0
15092,2.559172437852214,2.559172437852214,2.559172437852214,0
15093,1.3018220517465364,,2.364474024563844,1
15094,1.5912038457598743,,2.1697756112754734,1
15095,0.9120667084319739,,1.9750771979871034,1
15096,0.4114252972765876,,1.7803787846987333,1
15097,-0.40021751355651936,,1.5856803714103633,1
15098,1.1158921567906035,,1.390981958121993,1
15099,-0.07216459047344946,,1.1962835448336229,1
15100,-0.6497994337534219,,1.0015851315452529,1
15101,-0.07244857012084735,,0.8068867182568829,1
15102,-1.2566606801857203,,0.6121883049685126,1
15103,0.4174898916801426,0.4174898916801426,0.4174898916801426,0
15104,-1.2628725592559948,-1.2628725592559948,-1.2628725592559948,0
15105,-0.9812651146058252,-0.9812651146058252,-0.9812651146058252,0
15106,1.6048464812636234,1.6048464812636234,1.6048464812636234,0
15107,-1.770738615124631,-1.770738615124631,-1.770738615124631,0
15108,0.03823642645906895,0.03823642645906895,0.03823642645906895,0
15109,-1.3329686149047821,,0.08196926055511028,1
15110,-1.3331131261840066,,0.12570209465115162,1
15111,0.7967632912606758,,0.1694349287471929,1
15112,0.28709368968287374,,0.21316776284323424,1
15113,-0.08910376769524828,,0.2569005969392756,1
15114,0.21359819134397642,,0.30063343103531687,1
15115,0.6914037732681058,,0.3443662651313582,1
15116,0.24567024664418477,,0.38809909922739955,1
15117,-1.2104277483611334,,0.4318319333234409,1
15118,0.49514648412328177,,0.4755647674194822,1
15119,0.5192976015155235,0.5192976015155235,0.5192976015155235,0
15120,-0.9440991922408742,-0.9440991922408742,-0.9440991922408742,0
15121,-0.0726778792568029,-0.0726778792568029,-0.0726778792568029,0
15122,-1.2519947113149452,-1.2519947113149452,-1.2519947113149452,0
15123,0.2985930467521036,0.2985930467521036,0.2985930467521036,0
15124,-0.6776034398371454,-0.6776034398371454,-0.6776034398371454,0
15125,0.009898805292790306,,-0.5368144779206591,1
15126,0.20325669998882928,,-0.39602551600417274,1
15127,1.9731010344799007,,-0.2552365540876864,1
15128,1.5746899847488998,,-0.11444759217120004,1
15129,-0.3842471746555667,,0.026341369745286336,1
15130,0.8237820761845928,,0.1671303316617726,1
15131,-0.7578319800534422,,0.307919293578259,1
15132,0.3214651039626542,,0.44870825549474536,1
15133,0.09023488110215631,,0.5894972174112317,1
15134,-0.22307861836929094,,0.7302861793277181,1
15135,0.8710751412442046,0.8710751412442046,0.8710751412442046,0
15136,0.12468601436457714,,0.7829274301242151,1
15137,0.4031492794053227,,0.6947797190042255,1
15138,0.9138830797618044,,0.606632007884236,1
15139,-2.457754211520001,,0.5184842967642465,1
15140,-1.6409635754983862,,0.430336585644257,1
15141,-1.558691876193753,,0.3421888745242675,1
15142,1.1617832877427463,,0.25404116340427796,1
15143,0.23269296778711185,,0.16589345228428842,1
15144,-0.5013816270894187,,0.07774574116429889,1
15145,0.7132359705348911,,-0.010401969955690649,1
15146,-0.0985496810756801,-0.0985496810756801,-0.0985496810756801,0
15147,-0.5845589353219623,-0.5845589353219623,-0.5845589353219623,0
15148,0.5103196384795194,0.5103196384795194,0.5103196384795194,0
15149,-0.42483453826676204,-0.42483453826676204,-0.42483453826676204,0
15150,2.2691133450037273,2.2691133450037273,2.2691133450037273,0
15151,1.5631028998096537,1.5631028998096537,1.5631028998096537,0
15152,-0.1473523240212814,-0.1473523240212814,-0.1473523240212814,0
15153,0.4031540803415561,0.4031540803415561,0.4031540803415561,0
15154,0.9293289242422336,0.9293289242422336,0.9293289242422336,0
15155,0.7340971502969963,0.7340971502969963,0.7340971502969963,0
15156,-0.20116369532275705,-0.20116369532275705,-0.20116369532275705,0
15157,1.9808273457422665,1.9808273457422665,1.9808273457422665,0
15158,-0.9996538512057913,-0.9996538512057913,-0.9996538512057913,0
15159,-0.911058391748603,-0.911058391748603,-0.911058391748603,0
15160,1.0319259865351904,1.0319259865351904,1.0319259865351904,0
15161,-0.9027518789018028,-0.9027518789018028,-0.9027518789018028,0
15162,0.06935851354124958,0.06935851354124958,0.06935851354124958,0
15163,0.48336746156121674,0.48336746156121674,0.48336746156121674,0
15164,-1.133520389035167,,0.5845668184116779,1
15165,-1.243112603611892,,0.685766175262139,1
15166,0.5104356401679055,,0.7869655321126001,1
15167,-1.034318433080333,,0.8881648889630613,1
15168,-0.0006390310086893189,,0.9893642458135223,1
15169,0.17169967783437434,,1.0905636026639836,1
15170,-0.07716993243732158,,1.1917629595144448,1
15171,0.973395020167121,,1.2929623163649058,1
15172,-1.353283627909624,,1.394161673215367,1
15173,-1.3893778841122062,,1.495361030065828,1
15174,1.5965603869162892,1.5965603869162892,1.5965603869162892,0
15175,-0.34682694812304093,-0.34682694812304093,-0.34682694812304093,0
15176,-0.04849870336306568,-0.04849870336306568,-0.04849870336306568,0
15177,-0.4248123183771047,-0.4248123183771047,-0.4248123183771047,0
15178,-0.03834287057561077,,-0.4005327106649481,1
15179,-0.050159721191932516,,-0.37625310295279146,1
15180,1.375249130627296,,-0.35197349524063487,1
15181,-1.2726770860377001,,-0.3276938875284783,1
15182,-0.355293960423962,,-0.30341427981632163,1
15183,-0.16169703104942218,,-0.27913467210416504,1
15184,1.35955008214846,,-0.25485506439200845,1
15185,-0.49630130365465197,,-0.2305754566798518,1
15186,0.7728413854685796,,-0.20629584896769518,1
15187,2.6719766796724556,,-0.18201624125553856,1
15188,-0.15773663354338197,-0.15773663354338197,-0.15773663354338197,0
15189,-0.7386941267870201,,-0.0760899035378915,1
15190,-0.9030208182466135,,0.005556826467598974,1
15191,2.1485561506197897,,0.08720355647308944,1
15192,-0.9107081426722393,,0.16885028647857991,1
15193,-0.22440539072271962,,0.2504970164840704,1
15194,0.6567184416052756,,0.33214374648956085,1
15195,-0.3458511711263053,,0.4137904764950513,1
15196,0.7516838685539766,,0.4954372065005418,1
15197,-0.07484610525105527,,0.5770839365060323,1
15198,0.39969324171242515,,0.6587306665115228,1
15199,0.7403773965170132,0.7403773965170132,0.7403773965170132,0
15200,0.3756502028238214,0.3756502028238214,0.3756502028238214,0
15201,0.08302566870925826,,0.4090396708570838,1
15202,0.04848926501672399,,0.44242913889034624,1
15203,-0.9851389672916075,,0.47581860692360867,1
15204,0.7704923060462127,,0.5092080749568711,1
15205,0.32176686024078655,,0.5425975429901335,1
15206,-1.0618989552530451,,0.575987011023396,1
15207,0.9480404993822567,,0.6093764790566585,1
15208,-0.8470198344466735,,0.6427659470899209,1
15209,0.9386318973570215,,0.6761554151231832,1
15210,0.1789855398487498,,0.7095448831564457,1
15211,0.7429343511897082,0.7429343511897082,0.7429343511897082,0
15212,-0.2818556942628914,-0.2818556942628914,-0.2818556942628914,0
15213,0.5752066142789228,0.5752066142789228,0.5752066142789228,0
15214,-1.9003605700123436,-1.9003605700123436,-1.9003605700123436,0
15215,-1.2380762388553725,-1.2380762388553725,-1.2380762388553725,0
15216,0.5153497553331196,0.5153497553331196,0.5153497553331196,0
15217,-0.21233104880694748,-0.21233104880694748,-0.21233104880694748,0
15218,0.7622496081046196,,-0.16795114432259656,1
15219,0.9976692652891196,,-0.12357123983824563,1
15220,-1.8659059086004166,,-0.07919133535389469,1
15221,-1.6323332202894052,,-0.034811430869543775,1
15222,0.535115548838614,,0.009568473614807144,1
15223,2.5015932238137655,,0.05394837809915809,1
15224,0.22793670408082756,,0.09832828258350901,1
15225,1.1394090624527493,,0.14270818706785993,1
15226,-1.0583779256055794,,0.18708809155221084,1
15227,-0.1841326801523366,,0.23146799603656176,1
15228,0.27584790052091274,0.27584790052091274,0.27584790052091274,0
15229,0.6494795144529636,0.6494795144529636,0.6494795144529636,0
15230,-0.3752435767425327,-0.3752435767425327,-0.3752435767425327,0
15231,-1.2014975587551076,-1.2014975587551076,-1.2014975587551076,0
15232,2.0623283971484976,2.0623283971484976,2.0623283971484976,0
15233,-2.2454951308843776,-2.2454951308843776,-2.2454951308843776,0
15234,-0.8519828776275887,-0.8519828776275887,-0.8519828776275887,0
15235,0.4501993400025898,0.4501993400025898,0.4501993400025898,0
15236,-0.11361632170788202,,0.428533576446389,1
15237,-0.19158792005413236,,0.4068678128901882,1
15238,0.29102324487669645,,0.3852020493339874,1
15239,0.9051405763398686,,0.36353628577778657,1
15240,-0.24607191337230605,,0.34187052222158576,1
15241,0.0007056265383585333,,0.3202047586653849,1
15242,0.850388223922324,,0.29853899510918414,1
15243,0.33659892663496627,,0.27687323155298327,1
15244,0.8839747062474498,,0.2552074679967825,1
15245,0.7605747640313214,,0.23354170444058167,1
15246,0.21187594088438083,0.21187594088438083,0.21187594088438083,0
15247,0.1635861671981469,0.1635861671981469,0.1635861671981469,0
15248,-0.1830716820046526,-0.1830716820046526,-0.1830716820046526,0
15249,-0.3898781655676676,,-0.151392725814289,1
15250,-0.38688023016672274,,-0.11971376962392542,1
15251,0.019138595608301057,,-0.08803481343356184,1
15252,-1.1323119153844798,,-0.05635585724319825,1
15253,-1.9819102403362336,,-0.024676901052834654,1
15254,0.0017713361733599309,,0.007002055137528912,1
15255,-1.2381621824768316,,0.038681011327892506,1
15256,0.15197926284331684,,0.0703599675182561,1
15257,0.32949775266231696,,0.1020389237086197,1
15258,2.53809620931758,,0.1337178798989833,1
15259,0.16539683608934688,0.16539683608934688,0.16539683608934688,0
15260,-0.815641375938218,-0.815641375938218,-0.815641375938218,0
15261,-0.14390611533624778,-0.14390611533624778,-0.14390611533624778,0
15262,0.7251945733825383,0.7251945733825383,0.7251945733825383,0
15263,-2.968193945880191,-2.968193945880191,-2.968193945880191,0
15264,0.8676615774280299,0.8676615774280299,0.8676615774280299,0
15265,0.15643802544714638,0.15643802544714638,0.15643802544714638,0
15266,1.239681787948279,1.239681787948279,1.239681787948279,0
15267,0.5033015604701607,,1.2084392647673767,1
15268,0.4028009988141121,,1.1771967415864744,1
15269,-0.025948869476922348,,1.145954218405572,1
15270,1.456795799679733,,1.1147116952246696,1
15271,0.9623612775024764,,1.0834691720437672,1
15272,-0.4092715868108543,,1.0522266488628649,1
15273,0.4666446961733539,,1.0209841256819625,1
15274,1.6448857983603364,,0.9897416025010601,1
15275,-0.3014926176832015,,0.9584990793201578,1
15276,-0.7745749529567658,,0.9272565561392554,1
15277,0.896014032958353,0.896014032958353,0.896014032958353,0
15278,-1.0701964423919332,-1.0701964423919332,-1.0701964423919332,0
15279,-0.4640412551141769,-0.4640412551141769,-0.4640412551141769,0
15280,-0.004030042217605051,,-0.44268397463965664,1
15281,0.266565187019784,,-0.4213266941651364,1
15282,-0.5765517359264479,,-0.3999694136906161,1
15283,-0.9386122939972752,,-0.3786121332160959,1
15284,-1.182548085909189,,-0.35725485274157565,1
15285,-0.2890809590947739,,-0.3358975722670554,1
15286,-1.0221082544384024,,-0.3145402917925352,1
15287,0.23973690917763057,,-0.29318301131801494,1
15288,-1.19794165349883,,-0.2718257308434947,1
15289,-0.2583191012639723,,-0.2504684503689744,1
15290,-0.22911116989445418,-0.22911116989445418,-0.22911116989445418,0
15291,-1.3690942607493024,-1.3690942607493024,-1.3690942607493024,0
15292,0.15820506049676578,0.15820506049676578,0.15820506049676578,0
15293,-0.4896542270912933,-0.4896542270912933,-0.4896542270912933,0
15294,0.8642724200533441,0.8642724200533441,0.8642724200533441,0
15295,-0.6300182000560337,-0.6300182000560337,-0.6300182000560337,0
15296,0.8864886184807598,0.8864886184807598,0.8864886184807598,0
15297,-0.9798596772870856,-0.9798596772870856,-0.9798596772870856,0
15298,-1.1370650239578726,-1.1370650239578726,-1.1370650239578726,0
15299,1.0397331304947286,1.0397331304947286,1.0397331304947286,0
15300,-0.8477282141426372,-0.8477282141426372,-0.8477282141426372,0
15301,0.14598619764454818,0.14598619764454818,0.14598619764454818,0
15302,0.029339034504470816,0.029339034504470816,0.029339034504470816,0
15303,-0.1530584270898538,,-0.04495461565017392,1
15304,-0.23296807359965777,,-0.11924826580481865,1
15305,0.23354175293848511,,-0.19354191595946338,1
15306,-1.937694199556919,,-0.2678355661141081,1
15307,0.29249188951442673,,-0.3421292162687528,1
15308,-1.8145083118421423,,-0.41642286642339754,1
15309,-0.5383952737671314,,-0.49071651657804227,1
15310,0.15805618520290127,,-0.565010166732687,1
15311,-1.3915121178038887,,-0.6393038168873317,1
15312,-0.5797807924027047,,-0.7135974670419765,1
15313,-0.2307885161834486,,-0.7878911171966212,1
15314,-0.19288634347371636,,-0.8621847673512659,1
15315,-0.08825592241009096,,-0.9364784175059107,1
15316,0.568148743501973,,-1.0107720676605554,1
15317,-1.6508417876182835,,-1.0850657178152001,1
15318,-0.6058678397588798,,-1.1593593679698448,1
15319,1.8881349673069616,,-1.2336530181244896,1
15320,0.5283332003342056,,-1.3079466682791343,1
15321,0.2111587496202342,,-1.382240318433779,1
15322,0.16570915235767916,,-1.4565339685884238,1
15323,-1.5308276187430685,-1.5308276187430685,-1.5308276187430685,0
15324,1.2246953937174185,1.2246953937174185,1.2246953937174185,0
15325,-0.7226688793670265,-0.7226688793670265,-0.7226688793670265,0
15326,0.47383691815738443,0.47383691815738443,0.47383691815738443,0
15327,-1.4811268565828863,-1.4811268565828863,-1.4811268565828863,0
15328,0.8491292879470798,0.8491292879470798,0.8491292879470798,0
15329,2.0563941314249217,2.0563941314249217,2.0563941314249217,0
15330,0.2115627464677114,0.2115627464677114,0.2115627464677114,0
15331,1.2239398129139145,1.2239398129139145,1.2239398129139145,0
15332,-1.3841660746434639,-1.3841660746434639,-1.3841660746434639,0
15333,0.4704206322789259,0.4704206322789259,0.4704206322789259,0
15334,0.7021086738892864,0.7021086738892864,0.7021086738892864,0
15335,0.2747296041426559,0.2747296041426559,0.2747296041426559,0
15336,-0.41728214386930346,-0.41728214386930346,-0.41728214386930346,0
15337,-1.1196545174384023,-1.1196545174384023,-1.1196545174384023,0
15338,0.535146185568234,0.535146185568234,0.535146185568234,0
15339,-0.8408867845569865,-0.8408867845569865,-0.8408867845569865,0
15340,-1.1815526602965032,-1.1815526602965032,-1.1815526602965032,0
15341,1.8261191644716428,1.8261191644716428,1.8261191644716428,0
15342,0.03980267595747313,0.03980267595747313,0.03980267595747313,0
15343,0.7389128252756261,0.7389128252756261,0.7389128252756261,0
15344,-0.8584765463100116,-0.8584765463100116,-0.8584765463100116,0
15345,-0.18883261575262836,-0.18883261575262836,-0.18883261575262836,0
15346,0.22758677444663952,0.22758677444663952,0.22758677444663952,0
15347,0.41604208910032725,0.41604208910032725,0.41604208910032725,0
15348,0.5070139922075833,0.5070139922075833,0.5070139922075833,0
15349,-0.5901560905274739,,0.4752258664476574,1
15350,-0.24605463426183052,,0.44343774068773156,1
15351,1.1118728169357057,,0.4116496149278057,1
15352,0.6755450216569494,,0.3798614891678799,1
15353,0.2499400998949979,,0.34807336340795403,1
15354,-0.206462261274716,,0.3162852376480282,1
15355,1.5306391692865462,,0.28449711188810234,1
15356,0.8758180950009221,,0.2527089861281765,1
15357,0.44198519877654335,,0.22092086036825065,1
15358,0.18627547377739545,,0.1891327346083248,1
15359,0.15734460884839893,0.15734460884839893,0.15734460884839893,0
15360,-1.1295159921243494,,0.14624814077288234,1
15361,-1.080661369902499,,0.13515167269736578,1
15362,0.46933442402249914,,0.12405520462184919,1
15363,-0.7778790899318789,,0.11295873654633262,1
15364,-0.026698346563731424,,0.10186226847081603,1
15365,1.7965728468712725,,0.09076580039529945,1
15366,0.04892412957790909,,0.07966933231978288,1
15367,-1.2511892475296318,,0.0685728642442663,1
15368,-0.7056539464776366,,0.05747639616874972,1
15369,1.3420607212435416,,0.046379928093233144,1
15370,0.03528346001771655,0.03528346001771655,0.03528346001771655,0
15371,-0.584900262430787,,0.09785177831404027,1
15372,-0.7620810212156056,,0.160420096610364,1
15373,0.4753283462529322,,0.2229884149066877,1
15374,-0.48525175206976584,,0.2855567332030114,1
15375,-0.6497534544924449,,0.3481250514993351,1
15376,-0.9701140112143808,,0.41069336979565885,1
15377,0.3930240913587355,,0.47326168809198255,1
15378,0.2695797659037119,,0.5358300063883062,1
15379,0.0038071005181495466,,0.59839832468463,1
15380,1.6335297260138406,,0.6609666429809536,1
15381,0.7235349612772775,0.7235349612772775,0.7235349612772775,0
15382,0.8615362846452742,0.8615362846452742,0.8615362846452742,0
15383,0.19491473019963326,0.19491473019963326,0.19491473019963326,0
15384,-1.5328263521970795,-1.5328263521970795,-1.5328263521970795,0
15385,1.1300826801806134,1.1300826801806134,1.1300826801806134,0
15386,0.30696747367705074,0.30696747367705074,0.30696747367705074,0
15387,-0.3451200290888863,-0.3451200290888863,-0.3451200290888863,0
15388,0.7493855677372434,0.7493855677372434,0.7493855677372434,0
15389,-1.4590604762873156,-1.4590604762873156,-1.4590604762873156,0
15390,-0.35129386503403687,,-1.157033542851712,1
15391,-0.37623456663018445,,-0.8550066094161083,1
15392,-0.012547307467407339,,-0.5529796759805046,1
15393,1.0378010454939386,,-0.25095274254490096,1
15394,0.27060352634449913,,0.05107419089070264,1
15395,-0.9228001907097281,,0.35310112432630647,1
15396,0.05287571575192445,,0.6551280577619101,1
15397,0.31242075749392345,,0.9571549911975137,1
15398,0.1742364167310879,,1.2591819246331173,1
15399,-0.4942893006554991,,1.561208858068721,1
15400,1.8632357915043243,1.8632357915043243,1.8632357915043243,0
15401,-0.7479473687491849,-0.7479473687491849,-0.7479473687491849,0
15402,0.23026043789391704,0.23026043789391704,0.23026043789391704,0
15403,-1.8066803911812006,-1.8066803911812006,-1.8066803911812006,0
15404,2.000357975839567,2.000357975839567,2.000357975839567,0
15405,-1.168642953166004,-1.168642953166004,-1.168642953166004,0
15406,-1.1410975256937255,-1.1410975256937255,-1.1410975256937255,0
15407,0.9612994486833029,0.9612994486833029,0.9612994486833029,0
15408,0.06119350868965652,,0.811091006479822,1
15409,0.29004690820193013,,0.6608825642763412,1
15410,-0.8271236665252871,,0.5106741220728602,1
15411,-0.7523567469864931,,0.3604656798693794,1
15412,1.352331652720698,,0.21025723766589854,1
15413,-0.6340335231002932,,0.06004879546241759,1
15414,0.9794805267328927,,-0.09015964674106325,1
15415,-1.128863688184786,,-0.2403680889445441,1
15416,-2.1105768626761052,,-0.39057653114802493,1
15417,-0.40658788081376573,,-0.5407849733515058,1
15418,-0.6909934155549867,-0.6909934155549867,-0.6909934155549867,0
15419,-0.7983541119257229,-0.7983541119257229,-0.7983541119257229,0
15420,1.5593950830267476,1.5593950830267476,1.5593950830267476,0
15421,-0.9305722449249273,,1.5257225605891538,1
15422,-1.2425372534552188,,1.4920500381515598,1
15423,0.27434202899985755,,1.458377515713966,1
15424,-0.34120791991417865,,1.4247049932763722,1
15425,0.029598058993852736,,1.3910324708387785,1
15426,1.101566587452353,,1.3573599484011845,1
15427,-0.3834863477209583,,1.3236874259635907,1
15428,0.2603537412540667,,1.290014903525997,1
15429,0.9148115420396835,,1.2563423810884031,1
15430,-0.06407150260746368,,1.2226698586508091,1
15431,1.1889973362132154,1.1889973362132154,1.1889973362132154,0
15432,-0.23980607466952716,-0.23980607466952716,-0.23980607466952716,0
15433,-0.337092371846584,-0.337092371846584,-0.337092371846584,0
15434,-0.6175410831259915,-0.6175410831259915,-0.6175410831259915,0
15435,-0.7556457300268564,-0.7556457300268564,-0.7556457300268564,0
15436,1.8276838897443728,1.8276838897443728,1.8276838897443728,0
15437,-0.25150880367324147,-0.25150880367324147,-0.25150880367324147,0
15438,-0.05113945045359013,-0.05113945045359013,-0.05113945045359013,0
15439,-0.6236174698033252,-0.6236174698033252,-0.6236174698033252,0
15440,-0.447338091934225,,-0.5094253253731162,1
15441,-0.1214228180044597,,-0.39523318094290727,1
15442,0.8069522901824223,,-0.28104103651269835,1
15443,-1.0402874354639908,,-0.16684889208248938,1
15444,0.7464286297615031,,-0.052656747652280456,1
15445,-1.2242089794544808,,0.06153539677792852,1
15446,-0.21110033947500573,,0.1757275412081375,1
15447,0.2184838216414,,0.28991968563834647,1
15448,-0.5173562877592875,,0.40411183006855533,1
15449,-0.8885102146240775,,0.5183039744987643,1
15450,0.6324961189289734,0.6324961189289734,0.6324961189289734,0
15451,0.4338720203212424,0.4338720203212424,0.4338720203212424,0
15452,-0.534573713824891,-0.534573713824891,-0.534573713824891,0
15453,-1.5558992149859778,-1.5558992149859778,-1.5558992149859778,0
15454,-1.059561766210098,-1.059561766210098,-1.059561766210098,0
15455,1.1819376095609995,1.1819376095609995,1.1819376095609995,0
15456,-0.957076236957425,-0.957076236957425,-0.957076236957425,0
15457,-0.3444883215938594,-0.3444883215938594,-0.3444883215938594,0
15458,-0.3463769560011463,-0.3463769560011463,-0.3463769560011463,0
15459,-0.36479349208748424,,-0.35827107901705535,1
15460,-0.15219631515272927,,-0.3701652020329644,1
15461,-1.0880830298538033,,-0.3820593250488734,1
15462,1.3603505626231904,,-0.3939534480647825,1
15463,-0.5009545090420439,,-0.4058475710806915,1
15464,1.1365095911341017,,-0.41774169409660056,1
15465,-0.2986140754849708,,-0.4296358171125096,1
15466,0.8900207270444093,,-0.4415299401284186,1
15467,0.44965557644422355,,-0.4534240631443277,1
15468,2.0860400120320284,,-0.46531818616023674,1
15469,-0.47721230917614577,-0.47721230917614577,-0.47721230917614577,0
15470,-1.030778055002096,-1.030778055002096,-1.030778055002096,0
15471,2.038983084173554,2.038983084173554,2.038983084173554,0
15472,0.7743217841942608,0.7743217841942608,0.7743217841942608,0
15473,1.5397669793953774,1.5397669793953774,1.5397669793953774,0
15474,-2.5170528219050508,-2.5170528219050508,-2.5170528219050508,0
15475,-1.5381419738461253,-1.5381419738461253,-1.5381419738461253,0
15476,-0.059816604067705975,-0.059816604067705975,-0.059816604067705975,0
15477,-0.8060993085311429,-0.8060993085311429,-0.8060993085311429,0
15478,0.8900684375666038,0.8900684375666038,0.8900684375666038,0
15479,0.3097563197972654,0.3097563197972654,0.3097563197972654,0
15480,-0.7553549776084542,-0.7553549776084542,-0.7553549776084542,0
15481,-0.7161108158364813,-0.7161108158364813,-0.7161108158364813,0
15482,-1.2112593696794711,-1.2112593696794711,-1.2112593696794711,0
15483,-0.022809031807442846,,-0.9675462826278692,1
15484,-0.17601812307501452,,-0.7238331955762674,1
15485,-0.1332945925688195,,-0.48012010852466547,1
15486,0.22857120714216408,,-0.23640702147306358,1
15487,-0.25726731729762353,,0.007306065578538412,1
15488,-1.110059650111488,,0.2510191526301402,1
15489,-0.1290283636104411,,0.49473223968174196,1
15490,-1.8576925806977285,,0.738445326733344,1
15491,0.96046535670868,,0.982158413784946,1
15492,1.2312607560310231,,1.225871500836548,1
15493,1.4695845878881495,1.4695845878881495,1.4695845878881495,0
15494,0.6718095613994296,0.6718095613994296,0.6718095613994296,0
15495,0.39481458171137596,0.39481458171137596,0.39481458171137596,0
15496,0.1827423452415117,,0.36887783043460337,1
15497,-0.08327145217306198,,0.3429410791578308,1
15498,0.5649595861880088,,0.31700432788105815,1
15499,0.02260877935447652,,0.29106757660428556,1
15500,-1.2555051401870951,,0.265130825327513,1
15501,-0.8423066668126031,,0.23919407405074036,1
15502,0.8514009806370746,,0.21325732277396775,1
15503,-1.287183734102396,,0.18732057149719517,1
15504,0.5788292399826656,,0.16138382022042258,1
15505,-1.1047691585815997,,0.13544706894365,1
15506,0.10951031766687734,0.10951031766687734,0.10951031766687734,0
15507,-1.3041218504228074,-1.3041218504228074,-1.3041218504228074,0
15508,-0.5198941656581882,-0.5198941656581882,-0.5198941656581882,0
15509,0.541655032884512,0.541655032884512,0.541655032884512,0
15510,-0.9226685893092818,-0.9226685893092818,-0.9226685893092818,0
15511,-0.49532307035885587,,-0.8578471337293544,1
15512,-0.3784981916437133,,-0.7930256781494269,1
15513,1.281197756041859,,-0.7282042225694996,1
15514,1.4087088426834913,,-0.6633827669895722,1
15515,0.2935055165144992,,-0.5985613114096449,1
15516,0.45745882050524006,,-0.5337398558297175,1
15517,0.5049210567724567,,-0.46891840024979003,1
15518,-2.6273153792407244,,-0.4040969446698627,1
15519,0.8481706553959265,,-0.3392754890899353,1
15520,-1.282458876261751,,-0.27445403351000797,1
15521,-0.20963257793008047,-0.20963257793008047,-0.20963257793008047,0
15522,1.4727542023842404,1.4727542023842404,1.4727542023842404,0
15523,-1.3771247268005589,-1.3771247268005589,-1.3771247268005589,0
15524,-0.6161630798179023,-0.6161630798179023,-0.6161630798179023,0
15525,-0.1921619071451322,-0.1921619071451322,-0.1921619071451322,0
15526,0.02497879521993741,0.02497879521993741,0.02497879521993741,0
15527,-0.22910025028887424,-0.22910025028887424,-0.22910025028887424,0
15528,-0.430572226407911,-0.430572226407911,-0.430572226407911,0
15529,1.4687973290176262,1.4687973290176262,1.4687973290176262,0
15530,-1.121443397493095,-1.121443397493095,-1.121443397493095,0
15531,1.0865947879600213,1.0865947879600213,1.0865947879600213,0
15532,0.08910356217070364,0.08910356217070364,0.08910356217070364,0
15533,1.2973667609675275,1.2973667609675275,1.2973667609675275,0
15534,-0.21784561002387218,,1.2770599059444843,1
15535,-0.1869707990816061,,1.256753050921441,1
15536,-2.0286481270657757,,1.236446195898398,1
15537,-0.8779872373193606,,1.216139340875355,1
15538,-1.058101968133204,,1.1958324858523117,1
15539,-0.11127062089945641,,1.1755256308292685,1
15540,1.4557748141479903,,1.1552187758062253,1
15541,-0.903035525456676,,1.1349119207831824,1
15542,-0.9618103715858348,,1.1146050657601392,1
15543,0.8061415499691594,,1.094298210737096,1
15544,1.0739913557140528,1.0739913557140528,1.0739913557140528,0
15545,-0.5093416504923451,-0.5093416504923451,-0.5093416504923451,0
15546,1.6856366309338864,1.6856366309338864,1.6856366309338864,0
15547,-1.1918568619474357,-1.1918568619474357,-1.1918568619474357,0
15548,-1.0596443600117795,-1.0596443600117795,-1.0596443600117795,0
15549,-0.287950281634703,-0.287950281634703,-0.287950281634703,0
15550,-0.923193929496431,-0.923193929496431,-0.923193929496431,0
15551,0.11324114396781922,0.11324114396781922,0.11324114396781922,0
15552,-0.3610543386537343,-0.3610543386537343,-0.3610543386537343,0
15553,0.7870009884872305,,-0.27389337043056744,1
15554,0.7652183216984508,,-0.18673240220740053,1
15555,2.2682323883278217,,-0.09957143398423363,1
15556,-1.1064647940954044,,-0.012410465761066747,1
15557,0.5544516618224373,,0.07475050246210013,1
15558,-0.9387187150524128,,0.16191147068526707,1
15559,1.9780180479685412,,0.24907243890843395,1
15560,0.5153724524495892,,0.3362334071316008,1
15561,-0.1838086577455463,,0.4233943753547677,1
15562,1.2860337274863571,,0.5105553435779346,1
15563,0.5977163118011015,0.5977163118011015,0.5977163118011015,0
15564,-1.3193786568792107,-1.3193786568792107,-1.3193786568792107,0
15565,-0.763158005883837,-0.763158005883837,-0.763158005883837,0
15566,-1.045702363432749,-1.045702363432749,-1.045702363432749,0
15567,-0.31019747316869967,-0.31019747316869967,-0.31019747316869967,0
15568,-0.253890216847941,-0.253890216847941,-0.253890216847941,0
15569,-1.6503875585400043,-1.6503875585400043,-1.6503875585400043,0
15570,-0.37068020669945073,-0.37068020669945073,-0.37068020669945073,0
15571,1.0780973148562667,1.0780973148562667,1.0780973148562667,0
15572,0.19798311175167113,,0.9673530911430193,1
15573,0.34111140700738035,,0.8566088674297718,1
15574,1.4596510780517877,,0.7458646437165244,1
15575,0.4603445914581803,,0.635120420003277,1
15576,0.7405598270612954,,0.5243761962900296,1
15577,0.5356920467253603,,0.4136319725767822,1
15578,1.1015847994937011,,0.30288774886353476,1
15579,-0.4275671987798755,,0.19214352515028732,1
15580,0.24280632102897004,,0.08139930143703988,1
15581,1.803750724427843,,-0.02934492227620744,1
15582,-0.14008914598945496,-0.14008914598945496,-0.14008914598945496,0
15583,-1.058963832559226,-1.058963832559226,-1.058963832559226,0
15584,-0.28439054894987864,-0.28439054894987864,-0.28439054894987864,0
15585,1.1593196291612036,1.1593196291612036,1.1593196291612036,0
15586,0.4481135695995706,0.4481135695995706,0.4481135695995706,0
15587,-0.17190395599717082,,0.3437152027075413,1
15588,-0.14889779861239236,,0.23931683581551205,1
15589,1.2775190543576178,,0.1349184689234828,1
15590,-1.1314271859280387,,0.0305201020314535,1
15591,-0.008880419562525896,,-0.0738782648605758,1
15592,-0.21509038786722293,,-0.178276631752605,1
15593,-0.05918597431485436,,-0.2826749986446343,1
15594,-0.22565430921828508,,-0.3870733655366636,1
15595,0.6361233999850859,,-0.4914717324286929,1
15596,-1.4861662203328738,,-0.5958700993207222,1
15597,-0.7002684662127514,-0.7002684662127514,-0.7002684662127514,0
15598,0.74479670312216,0.74479670312216,0.74479670312216,0
15599,-1.3447545699147592,-1.3447545699147592,-1.3447545699147592,0
15600,-0.7065165328162045,-0.7065165328162045,-0.7065165328162045,0
15601,-1.1917452896960723,-1.1917452896960723,-1.1917452896960723,0
15602,1.2078366041221125,1.2078366041221125,1.2078366041221125,0
15603,-0.33299486999866773,-0.33299486999866773,-0.33299486999866773,0
15604,-0.6973572111111088,-0.6973572111111088,-0.6973572111111088,0
15605,1.5657185027220422,1.5657185027220422,1.5657185027220422,0
15606,-0.8635717009580678,-0.8635717009580678,-0.8635717009580678,0
15607,0.8866563786624049,0.8866563786624049,0.8866563786624049,0
15608,-0.0033144616039112434,-0.0033144616039112434,-0.0033144616039112434,0
15609,0.2736198423047336,0.2736198423047336,0.2736198423047336,0
15610,-0.007802455883474902,-0.007802455883474902,-0.007802455883474902,0
15611,0.5867190452641677,0.5867190452641677,0.5867190452641677,0
15612,-1.864110749983437,-1.864110749983437,-1.864110749983437,0
15613,-0.1606414287802312,-0.1606414287802312,-0.1606414287802312,0
15614,-0.10496128979813585,-0.10496128979813585,-0.10496128979813585,0
15615,1.456510755171788,1.456510755171788,1.456510755171788,0
15616,-0.877152847069915,-0.877152847069915,-0.877152847069915,0
15617,0.3102375681804014,,-0.581654820534776,1
15618,0.23972415410798512,,-0.2861567939996371,1
15619,-0.5744764469085287,,0.009341232535501787,1
15620,1.2610211466098509,,0.3048392590706408,1
15621,0.5018149068802626,,0.6003372856057798,1
15622,0.05032103853252689,,0.8958353121409186,1
15623,1.2425516911796668,,1.1913333386760578,1
15624,0.23234723592078402,,1.4868313652111966,1
15625,1.7760346168014278,,1.7823293917463354,1
15626,0.2921003557531749,,2.0778274182814744,1
15627,2.3733254448166132,2.3733254448166132,2.3733254448166132,0
15628,0.5425094241432049,0.5425094241432049,0.5425094241432049,0
15629,-0.2946737983938171,-0.2946737983938171,-0.2946737983938171,0
15630,0.6720306311885689,0.6720306311885689,0.6720306311885689,0
15631,-0.17180937193686224,-0.17180937193686224,-0.17180937193686224,0
15632,0.24495152583181296,0.24495152583181296,0.24495152583181296,0
15633,-0.6926693834522479,-0.6926693834522479,-0.6926693834522479,0
15634,-1.2203863816608151,-1.2203863816608151,-1.2203863816608151,0
15635,1.2511331926884302,1.2511331926884302,1.2511331926884302,0
15636,0.2363248560798897,,0.9750440332078703,1
15637,0.5210421144158535,,0.6989548737273102,1
15638,-1.288944921591686,,0.42286571424675024,1
15639,1.645481860230678,,0.14677655476619034,1
15640,1.2770182414231248,,-0.12931260471436956,1
15641,-2.319513955971643,,-0.4054017641949297,1
15642,0.14874445552635004,,-0.6814909236754896,1
15643,-0.36599979601509947,,-0.9575800831560495,1
15644,0.5257560275175129,,-1.2336692426366096,1
15645,-0.770555395970345,,-1.5097584021171693,1
15646,-1.7858475615977296,-1.7858475615977296,-1.7858475615977296,0
15647,-0.703401329221161,-0.703401329221161,-0.703401329221161,0
15648,0.8421539748403328,0.8421539748403328,0.8421539748403328,0
15649,-0.5605993978136217,-0.5605993978136217,-0.5605993978136217,0
15650,0.9050688365125502,0.9050688365125502,0.9050688365125502,0
15651,-0.41598774117444903,-0.41598774117444903,-0.41598774117444903,0
15652,0.9836711992627564,0.9836711992627564,0.9836711992627564,0
15653,-0.12112343051609263,-0.12112343051609263,-0.12112343051609263,0
15654,0.9290496181848654,0.9290496181848654,0.9290496181848654,0
15655,-0.7739935733238056,-0.7739935733238056,-0.7739935733238056,0
15656,1.1255051446101567,,-0.8806090268817032,1
15657,0.9135183891245419,,-0.9872244804396006,1
15658,-0.1548139066989255,,-1.0938399339974982,1
15659,-0.8910188820095898,,-1.2004553875553958,1
15660,1.2718052199576295,,-1.3070708411132932,1
15661,0.4202757304984258,,-1.4136862946711908,1
15662,1.7005101825642495,,-1.5203017482290884,1
15663,-2.3396681270746718,,-1.626917201786986,1
15664,-0.37028556354977926,,-1.7335326553448835,1
15665,-1.1737922994292633,,-1.8401481089027811,1
15666,-1.9467635624606787,-1.9467635624606787,-1.9467635624606787,0
15667,-0.2333694156347538,-0.2333694156347538,-0.2333694156347538,0
15668,1.371610669351479,1.371610669351479,1.371610669351479,0
15669,0.44680217264381655,0.44680217264381655,0.44680217264381655,0
15670,-1.5450673587957693,-1.5450673587957693,-1.5450673587957693,0
15671,0.2925475411154619,,-1.3669534452211574,1
15672,0.4918423348848216,,-1.1888395316465454,1
15673,-0.15053850120834944,,-1.0107256180719335,1
15674,0.5293083183989745,,-0.8326117044973217,1
15675,0.8310618577158551,,-0.6544977909227098,1
15676,1.139921057210287,,-0.47638387734809795,1
15677,-2.3994687190983512,,-0.298269963773486,1
15678,-0.9813796199563535,,-0.1201560501988741,1
15679,0.7539160023487752,,0.05795786337573783,1
15680,-1.0784373054889353,,0.23607177695034975,1
15681,0.4141856905249617,0.4141856905249617,0.4141856905249617,0
15682,-0.6906122871272466,-0.6906122871272466,-0.6906122871272466,0
15683,2.32472459946313,,-0.6934291811624411,1
15684,2.518118811927665,,-0.6962460751976357,1
15685,-0.6765580221522183,,-0.6990629692328302,1
15686,1.065273742427354,,-0.7018798632680247,1
15687,1.1121754664655963,,-0.7046967573032191,1
15688,1.8247474856165198,,-0.7075136513384137,1
15689,0.11015821985087572,,-0.7103305453736082,1
15690,0.21905320050199167,,-0.7131474394088027,1
15691,-1.0316669481789034,,-0.7159643334439971,1
15692,0.8419463350083806,,-0.7187812274791917,1
15693,-0.7215981215143862,-0.7215981215143862,-0.7215981215143862,0
15694,3.247428417928039,3.247428417928039,3.247428417928039,0
15695,0.4409025507754793,0.4409025507754793,0.4409025507754793,0
15696,-0.24809259710591539,-0.24809259710591539,-0.24809259710591539,0
15697,-0.6393292235408321,-0.6393292235408321,-0.6393292235408321,0
15698,0.9896212227785223,0.9896212227785223,0.9896212227785223,0
15699,-0.31280540972264215,-0.31280540972264215,-0.31280540972264215,0
15700,0.16981007448527138,0.16981007448527138,0.16981007448527138,0
15701,1.749656394402744,1.749656394402744,1.749656394402744,0
15702,0.17959221228766903,0.17959221228766903,0.17959221228766903,0
15703,-0.5487788790365201,-0.5487788790365201,-0.5487788790365201,0
15704,1.111416069287979,1.111416069287979,1.111416069287979,0
15705,-0.884741632613723,-0.884741632613723,-0.884741632613723,0
15706,-1.0266856123218604,-1.0266856123218604,-1.0266856123218604,0
15707,1.3851620189753147,1.3851620189753147,1.3851620189753147,0
15708,-1.8217242302113021,-1.8217242302113021,-1.8217242302113021,0
15709,0.43586809549864425,0.43586809549864425,0.43586809549864425,0
15710,1.4052774735673965,1.4052774735673965,1.4052774735673965,0
15711,-0.7765708375039544,-0.7765708375039544,-0.7765708375039544,0
15712,2.296040037095882,2.296040037095882,2.296040037095882,0
15713,0.23114094111867492,,2.1765251010885494,1
15714,0.36180983885376383,,2.0570101650812163,1
15715,-0.5657040923813876,,1.9374952290738834,1
15716,2.964241970566117,,1.8179802930665505,1
15717,0.7118619818015897,,1.6984653570592179,1
15718,1.0702584702800713,,1.5789504210518848,1
15719,-2.4040865335826656,,1.4594354850445521,1
15720,-1.2128705587842243,,1.339920549037219,1
15721,0.7411814569273751,,1.2204056130298864,1
15722,-1.117630799719991,,1.1008906770225535,1
15723,-0.2514882310327128,,0.9813757410152206,1
15724,-0.010050666494524213,,0.8618608050078878,1
15725,-0.26162612874465246,,0.7423458690005549,1
15726,0.470889635029861,,0.622830932993222,1
15727,0.48614139861662925,,0.5033159969858891,1
15728,-1.0216361279614934,,0.38380106097855626,1
15729,0.46659683162501897,,0.2642861249712234,1
15730,-1.069017310406636,,0.14477118896389074,1
15731,0.2204316670972856,,0.025256252956557645,1
15732,0.8867037127265793,,-0.094258683050775,1
15733,-0.21377361905810793,-0.21377361905810793,-0.21377361905810793,0
15734,-1.8426683851730865,,-0.19060023196313353,1
15735,-1.7651868152309729,,-0.16742684486815912,1
15736,0.8538868252905664,,-0.1442534577731847,1
15737,-0.08274217065724047,,-0.1210800706782103,1
15738,-2.320055752415427,,-0.0979066835832359,1
15739,1.1283386440670358,,-0.07473329648826149,1
15740,-1.0222595256887639,,-0.051559909393287084,1
15741,-0.5869710440297433,,-0.028386522298312677,1
15742,1.623369863971181,,-0.0052131352033382705,1
15743,-0.3740031449995204,,0.017960251891636136,1
15744,0.04113363898661052,0.04113363898661052,0.04113363898661052,0
15745,-0.939753611846332,-0.939753611846332,-0.939753611846332,0
15746,1.0053408135037023,1.0053408135037023,1.0053408135037023,0
15747,1.884132780585365,1.884132780585365,1.884132780585365,0
15748,0.7551143606904986,0.7551143606904986,0.7551143606904986,0
15749,1.4563096636488437,1.4563096636488437,1.4563096636488437,0
15750,1.5889923039606977,1.5889923039606977,1.5889923039606977,0
15751,0.6201663943090849,0.6201663943090849,0.6201663943090849,0
15752,-0.14457126677268128,-0.14457126677268128,-0.14457126677268128,0
15753,0.35731949265413476,0.35731949265413476,0.35731949265413476,0
15754,0.5137948301200184,0.5137948301200184,0.5137948301200184,0
15755,0.6111762927407678,0.6111762927407678,0.6111762927407678,0
15756,-2.419624681954835,-2.419624681954835,-2.419624681954835,0
15757,0.5729536795537613,0.5729536795537613,0.5729536795537613,0
15758,-0.27593553814388616,-0.27593553814388616,-0.27593553814388616,0
15759,0.7725092091327209,0.7725092091327209,0.7725092091327209,0
15760,0.8996597754020116,0.8996597754020116,0.8996597754020116,0
15761,-1.226916125443163,-1.226916125443163,-1.226916125443163,0
15762,0.07583721149978241,0.07583721149978241,0.07583721149978241,0
15763,-0.9432869733636321,-0.9432869733636321,-0.9432869733636321,0
15764,-0.46279577208351147,-0.46279577208351147,-0.46279577208351147,0
15765,1.0068204212829894,1.0068204212829894,1.0068204212829894,0
15766,0.24521605351277928,0.24521605351277928,0.24521605351277928,0
15767,1.660197129784366,1.660197129784366,1.660197129784366,0
15768,-1.4138077874022086,-1.4138077874022086,-1.4138077874022086,0
15769,-0.09204572983864656,-0.09204572983864656,-0.09204572983864656,0
15770,-1.069257327033053,,-0.1111534093896889,1
15771,-0.9816625603094081,,-0.13026108894073124,1
15772,1.0161315758386562,,-0.14936876849177355,1
15773,-0.6609439441240132,,-0.16847644804281592,1
15774,-0.007889114929262496,,-0.18758412759385823,1
15775,-0.46214428851734995,,-0.20669180714490057,1
15776,0.4331418667688937,,-0.2257994866959429,1
15777,0.33761557762625377,,-0.24490716624698525,1
15778,-0.07253893274586025,,-0.2640148457980276,1
15779,1.8370828640101258,,-0.2831225253490699,1
15780,-0.30223020490011226,-0.30223020490011226,-0.30223020490011226,0
15781,0.9010733698925711,0.9010733698925711,0.9010733698925711,0
15782,-0.2305896507945089,-0.2305896507945089,-0.2305896507945089,0
15783,-0.5029656307705035,,-0.03280045309455773,1
15784,-0.6471336852939408,,0.16498874460539345,1
15785,-1.2490512858462393,,0.36277794230534466,1
15786,-1.2977815950047151,,0.5605671400052958,1
15787,-0.4700713953288644,,0.758356337705247,1
15788,1.5345004042171615,,0.9561455354051982,1
15789,0.356399246318172,,1.1539347331051493,1
15790,-0.8163454912188274,,1.3517239308051006,1
15791,1.18146050200175,,1.5495131285050519,1
15792,-1.7386407130765063,,1.747302326205003,1
15793,1.9450915239049538,1.9450915239049538,1.9450915239049538,0
15794,-0.8267202946465657,-0.8267202946465657,-0.8267202946465657,0
15795,-0.7864063261720613,-0.7864063261720613,-0.7864063261720613,0
15796,0.32025884637458224,0.32025884637458224,0.32025884637458224,0
15797,0.22377989702607629,0.22377989702607629,0.22377989702607629,0
15798,0.5827041601864688,0.5827041601864688,0.5827041601864688,0
15799,0.41236368920672095,0.41236368920672095,0.41236368920672095,0
15800,-1.1155357299665907,-1.1155357299665907,-1.1155357299665907,0
15801,-1.9570985155146352,-1.9570985155146352,-1.9570985155146352,0
15802,0.13387422884384828,0.13387422884384828,0.13387422884384828,0
15803,-0.11958897038831272,-0.11958897038831272,-0.11958897038831272,0
15804,-0.20764090592650972,,0.036751136017590155,1
15805,-0.054339418822723036,,0.19309124242349301,1
15806,0.44837475628668544,,0.34943134882939586,1
15807,-0.4984259517756181,,0.5057714552352988,1
15808,1.306094485766839,,0.6621115616412017,1
15809,0.9044506752349578,,0.8184516680471045,1
15810,0.014901697196369986,,0.9747917744530074,1
15811,0.5180540997069466,,1.1311318808589104,1
15812,-1.061186464869542,,1.2874719872648133,1
15813,0.6948900176193894,,1.4438120936707162,1
15814,1.600152200076619,1.600152200076619,1.600152200076619,0
15815,-1.672629388768232,-1.672629388768232,-1.672629388768232,0
15816,0.4873351949153362,0.4873351949153362,0.4873351949153362,0
15817,0.08000684279200082,0.08000684279200082,0.08000684279200082,0
15818,-0.6224193016711387,-0.6224193016711387,-0.6224193016711387,0
15819,-0.7287268537187641,-0.7287268537187641,-0.7287268537187641,0
15820,-0.8640544388808248,-0.8640544388808248,-0.8640544388808248,0
15821,0.35207986673476643,,-0.6702804398801071,1
15822,0.01644813872821201,,-0.47650644087938937,1
15823,-0.7279354185612917,,-0.28273244187867164,1
15824,0.34392803211927003,,-0.08895844287795396,1
15825,-0.5983443443258555,,0.10481555612276372,1
15826,0.12994880138845796,,0.2985895551234815,1
15827,0.15137911780437752,,0.4923635541241992,1
15828,-0.20540348797872562,,0.6861375531249169,1
15829,-0.016775233188020877,,0.8799115521256345,1
15830,0.2722290378357951,,1.0736855511263523,1
15831,1.26745955012707,1.26745955012707,1.26745955012707,0
15832,-0.1583711743985162,-0.1583711743985162,-0.1583711743985162,0
15833,-0.838118904525487,-0.838118904525487,-0.838118904525487,0
15834,1.2147400849746328,1.2147400849746328,1.2147400849746328,0
15835,0.6299388051348198,0.6299388051348198,0.6299388051348198,0
15836,-0.8838447433987209,-0.8838447433987209,-0.8838447433987209,0
15837,1.035241283375867,1.035241283375867,1.035241283375867,0
15838,-0.08943876432156883,-0.08943876432156883,-0.08943876432156883,0
15839,0.8209658589694229,0.8209658589694229,0.8209658589694229,0
15840,-0.33190397316821424,-0.33190397316821424,-0.33190397316821424,0
15841,-1.0962900254034285,-1.0962900254034285,-1.0962900254034285,0
15842,1.0104988355310696,1.0104988355310696,1.0104988355310696,0
15843,-1.0066551175589853,-1.0066551175589853,-1.0066551175589853,0
15844,0.5977439246335583,0.5977439246335583,0.5977439246335583,0
15845,-0.5654553576066685,-0.5654553576066685,-0.5654553576066685,0
15846,-1.0263710873309149,-1.0263710873309149,-1.0263710873309149,0
15847,0.442528279866785,0.442528279866785,0.442528279866785,0
15848,-0.19347596945022258,-0.19347596945022258,-0.19347596945022258,0
15849,-1.7307524128608276,-1.7307524128608276,-1.7307524128608276,0
15850,-0.5600484368155164,-0.5600484368155164,-0.5600484368155164,0
15851,0.13268755874128785,0.13268755874128785,0.13268755874128785,0
15852,1.3192003757417465,1.3192003757417465,1.3192003757417465,0
15853,0.3236894928172482,0.3236894928172482,0.3236894928172482,0
15854,-1.6234671878399707,-1.6234671878399707,-1.6234671878399707,0
15855,0.43679738345088687,,-1.5197280873727672,1
15856,0.7465254646544494,,-1.4159889869055637,1
15857,1.8996732385678976,,-1.3122498864383605,1
15858,-1.3051449765957817,,-1.208510785971157,1
15859,0.9582256219822601,,-1.1047716855039535,1
15860,1.0265303984896847,,-1.00103258503675,1
15861,-0.581090189228041,,-0.8972934845695466,1
15862,-0.40240153292773645,,-0.7935543841023431,1
15863,-0.1567967926651392,,-0.6898152836351397,1
15864,-1.4063149642276693,,-0.5860761831679362,1
15865,0.9540569605913214,,-0.4823370827007327,1
15866,1.2742542294238381,,-0.3785979822335295,1
15867,0.05816865896334847,,-0.274858881766326,1
15868,-0.45107720281384656,,-0.17111978129912253,1
15869,0.45501457815082164,,-0.06738068083191906,1
15870,-0.2430623326371777,,0.03635841963528441,1
15871,-0.2298757885676407,,0.14009752010248788,1
15872,1.7640407564540057,,0.24383662056969135,1
15873,0.4598634314562796,,0.3475757210368948,1
15874,-0.16508984275567823,,0.4513148215040983,1
15875,0.5550539219713018,0.5550539219713018,0.5550539219713018,0
15876,-0.7831040763409703,-0.7831040763409703,-0.7831040763409703,0
15877,-0.3667672794856001,-0.3667672794856001,-0.3667672794856001,0
15878,-0.4149843040884266,-0.4149843040884266,-0.4149843040884266,0
15879,0.9199749008121204,0.9199749008121204,0.9199749008121204,0
15880,-0.10349335657077934,,0.8792424994526926,1
15881,-0.26569648128994344,,0.8385100980932648,1
15882,-0.840342405079063,,0.797777696733837,1
15883,0.7252186094271602,,0.7570452953744092,1
15884,0.3848158974228773,,0.7163128940149814,1
15885,-1.1903937582922732,,0.6755804926555538,1
15886,1.6666583440493337,,0.6348480912961258,1
15887,-1.4696554101553625,,0.5941156899366982,1
15888,-0.40582049257880215,,0.5533832885772703,1
15889,-0.9024223807587434,,0.5126508872178426,1
15890,0.4719184858584147,0.4719184858584147,0.4719184858584147,0
15891,0.4721570913843268,0.4721570913843268,0.4721570913843268,0
15892,0.9179439071285739,0.9179439071285739,0.9179439071285739,0
15893,0.8541682640471976,0.8541682640471976,0.8541682640471976,0
15894,0.43700875498657515,0.43700875498657515,0.43700875498657515,0
15895,-0.11387049872977274,-0.11387049872977274,-0.11387049872977274,0
15896,0.9381940320900755,0.9381940320900755,0.9381940320900755,0
15897,0.5737488665770091,0.5737488665770091,0.5737488665770091,0
15898,1.1783808979572394,1.1783808979572394,1.1783808979572394,0
15899,0.22619003160672055,0.22619003160672055,0.22619003160672055,0
15900,-1.1907815948741463,-1.1907815948741463,-1.1907815948741463,0
15901,1.8919859098559038,1.8919859098559038,1.8919859098559038,0
15902,0.7579125410502159,,1.78591352975971,1
15903,0.63008835684725,,1.6798411496635162,1
15904,-0.39161429728917796,,1.5737687695673224,1
15905,-0.4308194303408381,,1.4676963894711286,1
15906,-0.5695455488610347,,1.3616240093749348,1
15907,1.0370737977481839,,1.255551629278741,1
15908,0.7834390786270842,,1.1494792491825472,1
15909,2.289532228375695,,1.0434068690863534,1
15910,0.7134303839452766,,0.9373344889901596,1
15911,0.05292288123702171,,0.8312621088939658,1
15912,0.7251897287977719,0.7251897287977719,0.7251897287977719,0
15913,-0.015760419883546716,-0.015760419883546716,-0.015760419883546716,0
15914,-0.29256018174193893,-0.29256018174193893,-0.29256018174193893,0
15915,-0.31907604987661675,,-0.2003983775672138,1
15916,-0.5336920926848906,,-0.10823657339248863,1
15917,-0.5410889918736281,,-0.016074769217763463,1
15918,-0.1957717147433943,,0.07608703495696167,1
15919,-0.9497157824466544,,0.1682488391316868,1
15920,1.092595735091259,,0.260410643306412,1
15921,0.1735238567192903,,0.3525724474811371,1
15922,0.31195580278974205,,0.4447342516558623,1
15923,-0.017608847067182753,,0.5368960558305875,1
15924,-0.10351142466089293,,0.6290578600053125,1
15925,0.7212196641800378,0.7212196641800378,0.7212196641800378,0
15926,-1.9142579937815705,-1.9142579937815705,-1.9142579937815705,0
15927,-0.29928420351876217,-0.29928420351876217,-0.29928420351876217,0
15928,1.3110039585878135,1.3110039585878135,1.3110039585878135,0
15929,-0.8048382129955111,-0.8048382129955111,-0.8048382129955111,0
15930,0.19922215946256205,0.19922215946256205,0.19922215946256205,0
15931,1.6329109836324538,1.6329109836324538,1.6329109836324538,0
15932,0.19986825032517994,0.19986825032517994,0.19986825032517994,0
15933,-2.076988401082139,-2.076988401082139,-2.076988401082139,0
15934,-0.5364638863366833,-0.5364638863366833,-0.5364638863366833,0
15935,-0.9564448220011643,-0.9564448220011643,-0.9564448220011643,0
15936,-0.0913214861640468,-0.0913214861640468,-0.0913214861640468,0
15937,-1.5662485094833787,-1.5662485094833787,-1.5662485094833787,0
15938,0.25651408095459394,0.25651408095459394,0.25651408095459394,0
15939,-1.6563412233936885,-1.6563412233936885,-1.6563412233936885,0
15940,2.316771417233096,2.316771417233096,2.316771417233096,0
15941,-0.09647631232730196,-0.09647631232730196,-0.09647631232730196,0
15942,-2.2507276827667435,-2.2507276827667435,-2.2507276827667435,0
15943,-0.46194276940973983,-0.46194276940973983,-0.46194276940973983,0
15944,-0.6746178015324061,-0.6746178015324061,-0.6746178015324061,0
15945,-1.0847037040713408,-1.0847037040713408,-1.0847037040713408,0
15946,-1.0575016287501477,-1.0575016287501477,-1.0575016287501477,0
15947,-1.1167277104811613,-1.1167277104811613,-1.1167277104811613,0
15948,-0.333971202503433,-0.333971202503433,-0.333971202503433,0
15949,0.2540111776144655,0.2540111776144655,0.2540111776144655,0
15950,-0.796460681223492,-0.796460681223492,-0.796460681223492,0
15951,-0.8157208192426456,,-0.5357273406975767,1
15952,-1.0044151213276329,,-0.2749940001716613,1
15953,1.011993535007263,,-0.014260659645745966,1
15954,0.5037161469493114,,0.24647268088016938,1
15955,0.11741465165889695,,0.5072060214060847,1
15956,0.4070697497905156,,0.7679393619320001,1
15957,-1.4203608869004305,,1.0286727024579154,1
15958,-0.4428133507200658,,1.2894060429838308,1
15959,1.173069396625004,,1.550139383509746,1
15960,1.361224403868384,,1.8108727240356615,1
15961,2.071606064561577,2.071606064561577,2.071606064561577,0
15962,0.21085279738749763,0.21085279738749763,0.21085279738749763,0
15963,1.5335509737010808,1.5335509737010808,1.5335509737010808,0
15964,-0.7572564089290117,-0.7572564089290117,-0.7572564089290117,0
15965,0.49974272372473616,0.49974272372473616,0.49974272372473616,0
15966,-2.1123485907343564,-2.1123485907343564,-2.1123485907343564,0
15967,-0.599610527066046,-0.599610527066046,-0.599610527066046,0
15968,0.30123929461881227,0.30123929461881227,0.30123929461881227,0
15969,-0.712858979887129,-0.712858979887129,-0.712858979887129,0
15970,0.9156876874740973,0.9156876874740973,0.9156876874740973,0
15971,0.13258151946028485,0.13258151946028485,0.13258151946028485,0
15972,0.23879318436469432,0.23879318436469432,0.23879318436469432,0
15973,-0.272285661607681,-0.272285661607681,-0.272285661607681,0
15974,-1.3251339626711156,-1.3251339626711156,-1.3251339626711156,0
15975,-1.5229745949102862,-1.5229745949102862,-1.5229745949102862,0
15976,0.1531378064777672,0.1531378064777672,0.1531378064777672,0
15977,-0.32614080145427243,-0.32614080145427243,-0.32614080145427243,0
15978,-1.0869818692149964,-1.0869818692149964,-1.0869818692149964,0
15979,-0.8056148391354612,-0.8056148391354612,-0.8056148391354612,0
15980,1.3098480646145856,1.3098480646145856,1.3098480646145856,0
15981,0.9426627529471623,0.9426627529471623,0.9426627529471623,0
15982,-0.9750790183079489,-0.9750790183079489,-0.9750790183079489,0
15983,-0.6654119623901259,,-0.9431049096949087,1
15984,-0.8759975396008809,,-0.9111308010818686,1
15985,-0.5207722310318583,,-0.8791566924688284,1
15986,-0.3948575135539304,,-0.8471825838557883,1
15987,0.13351934785017958,,-0.8152084752427481,1
15988,-0.1882691740742,,-0.7832343666297079,1
15989,0.06475084100645659,,-0.7512602580166678,1
15990,-0.12440088889800884,,-0.7192861494036277,1
15991,0.33324939096201034,,-0.6873120407905875,1
15992,0.9263417027677976,,-0.6553379321775474,1
15993,-0.6233638235645073,-0.6233638235645073,-0.6233638235645073,0
15994,1.1488205654990882,1.1488205654990882,1.1488205654990882,0
15995,-1.5891301916668703,-1.5891301916668703,-1.5891301916668703,0
15996,-0.47011322326946836,-0.47011322326946836,-0.47011322326946836,0
15997,1.4615643770464364,1.4615643770464364,1.4615643770464364,0
15998,-1.127774284970145,-1.127774284970145,-1.127774284970145,0
15999,1.450409363848458,1.450409363848458,1.450409363848458,0
16000,0.3251524622174736,0.3251524622174736,0.3251524622174736,0
16001,-0.4117960332366838,-0.4117960332366838,-0.4117960332366838,0
16002,-0.1446520415995605,-0.1446520415995605,-0.1446520415995605,0
16003,1.4221016270689144,1.4221016270689144,1.4221016270689144,0
16004,1.3435216609087206,,1.220236967358907,1
16005,1.5217371177972654,,1.0183723076489,1
16006,0.06476922178316954,,0.8165076479388926,1
16007,-0.1061504278835979,,0.6146429882288853,1
16008,0.55367577965204,,0.41277832851887797,1
16009,-0.6794863783368795,,0.21091366880887086,1
16010,0.9059553502679415,,0.009049009098863525,1
16011,0.4814125992561239,,-0.1928156506111438,1
16012,-0.5575878936213026,,-0.39468031032115114,1
16013,-1.4322350715749002,,-0.5965449700311585,1
16014,-0.7984096297411658,-0.7984096297411658,-0.7984096297411658,0
16015,0.946295808339987,0.946295808339987,0.946295808339987,0
16016,-0.393460102646,-0.393460102646,-0.393460102646,0
16017,1.557811309671703,1.557811309671703,1.557811309671703,0
16018,0.64145802187178,0.64145802187178,0.64145802187178,0
16019,-0.38371574081134824,-0.38371574081134824,-0.38371574081134824,0
16020,-2.0856840928991645,-2.0856840928991645,-2.0856840928991645,0
16021,-0.47415119105995485,-0.47415119105995485,-0.47415119105995485,0
16022,1.165127992482485,1.165127992482485,1.165127992482485,0
16023,-0.14176420779708748,-0.14176420779708748,-0.14176420779708748,0
16024,-1.5080754139381765,-1.5080754139381765,-1.5080754139381765,0
16025,-2.1262173451661335,-2.1262173451661335,-2.1262173451661335,0
16026,-0.3892787244856815,-0.3892787244856815,-0.3892787244856815,0
16027,0.5197132457033151,0.5197132457033151,0.5197132457033151,0
16028,0.16103221912923127,0.16103221912923127,0.16103221912923127,0
16029,-1.7999178129318654,-1.7999178129318654,-1.7999178129318654,0
16030,-0.8567864633459606,-0.8567864633459606,-0.8567864633459606,0
16031,0.9111196502113391,0.9111196502113391,0.9111196502113391,0
16032,-0.1534928983508347,-0.1534928983508347,-0.1534928983508347,0
16033,0.7653960951639827,0.7653960951639827,0.7653960951639827,0
16034,1.2084043161917857,1.2084043161917857,1.2084043161917857,0
16035,-1.8533561243988461,-1.8533561243988461,-1.8533561243988461,0
16036,0.6085931501721127,0.6085931501721127,0.6085931501721127,0
16037,-0.042897096597988314,-0.042897096597988314,-0.042897096597988314,0
16038,-0.6340636122382937,-0.6340636122382937,-0.6340636122382937,0
16039,-0.45352561092576427,-0.45352561092576427,-0.45352561092576427,0
16040,1.2892191997302542,1.2892191997302542,1.2892191997302542,0
16041,-0.34283913318863984,-0.34283913318863984,-0.34283913318863984,0
16042,-0.32421443638814346,-0.32421443638814346,-0.32421443638814346,0
16043,-0.7131542988669738,-0.7131542988669738,-0.7131542988669738,0
16044,-1.079508371166232,,-0.5671021610791762,1
16045,-0.9553461935275125,,-0.42105002329137864,1
16046,-0.5694004320572666,,-0.27499788550358106,1
16047,-1.2076871290270907,,-0.1289457477157835,1
16048,0.24008657116700458,,0.017106390072014088,1
16049,-0.20433267138515743,,0.16315852785981166,1
16050,-0.4407643217289014,,0.30921066564760913,1
16051,-0.7674779755486764,,0.4552628034354068,1
16052,-0.7828843585425344,,0.6013149412232045,1
16053,0.9041824779822215,,0.747367079011002,1
16054,0.8934192167987995,0.8934192167987995,0.8934192167987995,0
16055,-0.5605414231734254,-0.5605414231734254,-0.5605414231734254,0
16056,0.054303549482663555,0.054303549482663555,0.054303549482663555,0
16057,0.004115922219524677,,0.10285433305511615,1
16058,0.31373766163051886,,0.15140511662756875,1
16059,0.7398110649555208,,0.19995590020002135,1
16060,-0.8814232693375337,,0.24850668377247395,1
16061,-0.026468871766152632,,0.29705746734492655,1
16062,0.6293886492344087,,0.3456082509173791,1
16063,2.1857240905332898,,0.3941590344898318,1
16064,-0.9596862084779416,,0.4427098180622844,1
16065,-2.034970950728392,,0.49126060163473695,1
16066,-0.38968289444328086,,0.5398113852071895,1
16067,0.5883621687796422,0.5883621687796422,0.5883621687796422,0
16068,0.23059362481241436,0.23059362481241436,0.23059362481241436,0
16069,1.0165206026073756,1.0165206026073756,1.0165206026073756,0
16070,-0.5999437139658619,-0.5999437139658619,-0.5999437139658619,0
16071,1.399608503270004,1.399608503270004,1.399608503270004,0
16072,0.42866143193034145,0.42866143193034145,0.42866143193034145,0
16073,-0.970812528544956,-0.970812528544956,-0.970812528544956,0
16074,1.1839835008578752,,-0.852984306668002,1
16075,1.1587997675780224,,-0.7351560847910479,1
16076,0.9795847579337753,,-0.6173278629140937,1
16077,-0.28157661494924957,,-0.4994996410371397,1
16078,2.5405219085841333,,-0.38167141916018554,1
16079,-0.9683948007451086,,-0.26384319728323147,1
16080,1.4920819862970411,,-0.1460149754062774,1
16081,-1.1966202375688595,,-0.028186753529323316,1
16082,0.9033159240781065,,0.08964146834763076,1
16083,-0.3625168598580277,,0.20746969022458495,1
16084,0.32529791210153886,0.32529791210153886,0.32529791210153886,0
16085,-2.520865786101435,-2.520865786101435,-2.520865786101435,0
16086,-0.3415886934656745,-0.3415886934656745,-0.3415886934656745,0
16087,-1.1194190008140754,,-0.3812896847911703,1
16088,-1.2427437935320436,,-0.4209906761166662,1
16089,1.5786927190894904,,-0.460691667442162,1
16090,-0.06548008490823597,,-0.5003926587676578,1
16091,-0.4795266970886383,,-0.5400936500931537,1
16092,0.8841706894489697,,-0.5797946414186494,1
16093,0.7995677239384273,,-0.6194956327441454,1
16094,0.8855626857001161,,-0.6591966240696412,1
16095,-0.7070749247609988,,-0.698897615395137,1
16096,1.433005867530451,,-0.7385986067206329,1
16097,-0.7782995980461287,-0.7782995980461287,-0.7782995980461287,0
16098,-1.1472620853339182,-1.1472620853339182,-1.1472620853339182,0
16099,0.08969186473517818,,-1.233707661906153,1
16100,-0.1921483891664279,,-1.320153238478388,1
16101,-0.7246553751134741,,-1.4065988150506228,1
16102,0.7319534147730276,,-1.4930443916228577,1
16103,0.23321228290994753,,-1.5794899681950927,1
16104,-1.1303100761162632,,-1.6659355447673274,1
16105,0.40104499198537913,,-1.7523811213395624,1
16106,0.7091424061949763,,-1.8388266979117973,1
16107,0.6705156181654223,,-1.9252722744840323,1
16108,-0.020226043475788824,,-2.011717851056267,1
16109,-2.098163427628502,-2.098163427628502,-2.098163427628502,0
16110,-2.049043119984616,-2.049043119984616,-2.049043119984616,0
16111,-0.006074997842509804,-0.006074997842509804,-0.006074997842509804,0
16112,-1.3143481945389346,-1.3143481945389346,-1.3143481945389346,0
16113,-1.1913998862714452,-1.1913998862714452,-1.1913998862714452,0
16114,1.0905305943058226,1.0905305943058226,1.0905305943058226,0
16115,-0.8600675378492955,-0.8600675378492955,-0.8600675378492955,0
16116,-0.19621860018030537,-0.19621860018030537,-0.19621860018030537,0
16117,-0.4394823962633766,-0.4394823962633766,-0.4394823962633766,0
16118,1.4381649058530317,,-0.4698878004394217,1
16119,1.7424733499342229,,-0.5002932046154668,1
16120,-0.6824197924903818,,-0.5306986087915119,1
16121,-0.5821146967167533,,-0.561104012967557,1
16122,-0.738713632544783,,-0.591509417143602,1
16123,0.38376675791319126,,-0.621914821319647,1
16124,0.7337686758811701,,-0.6523202254956921,1
16125,0.20820173631492278,,-0.6827256296717372,1
16126,-2.2880139670158743,,-0.7131310338477823,1
16127,1.2817215488753957,,-0.7435364380238274,1
16128,-0.7739418421998725,-0.7739418421998725,-0.7739418421998725,0
16129,0.3335054276231212,0.3335054276231212,0.3335054276231212,0
16130,-0.07895302302149523,-0.07895302302149523,-0.07895302302149523,0
16131,1.2629816583922318,1.2629816583922318,1.2629816583922318,0
16132,-1.4139405216952563,,1.2815508909644904,1
16133,-1.5021957110053672,,1.3001201235367488,1
16134,-0.8046796653083336,,1.3186893561090074,1
16135,-1.0972801517085604,,1.337258588681266,1
16136,0.06112466061522059,,1.3558278212535244,1
16137,0.04199098404796191,,1.374397053825783,1
16138,-1.3569742906926079,,1.3929662863980417,1
16139,1.6864869573378771,,1.4115355189703,1
16140,1.2468462816183838,,1.4301047515425587,1
16141,-1.3786431867580282,,1.448673984114817,1
16142,1.4672432166870757,1.4672432166870757,1.4672432166870757,0
16143,-0.8447514117382656,,1.3127344532075427,1
16144,-0.7250439588689398,,1.1582256897280097,1
16145,-1.35722973527947,,1.0037169262484764,1
16146,0.020849041864041847,,0.8492081627689435,1
16147,-0.7772348452742491,,0.6946993992894105,1
16148,0.7447662973547258,,0.5401906358098774,1
16149,-0.025813848887496056,,0.38568187233034434,1
16150,-0.1565258252334059,,0.23117310885081133,1
16151,-0.4366666110744061,,0.07666434537127831,1
16152,-0.3366172347768178,,-0.07784441810825471,1
16153,-0.23235318158778795,-0.23235318158778795,-0.23235318158778795,0
16154,-0.36091134499710903,-0.36091134499710903,-0.36091134499710903,0
16155,-1.0517697214882038,-1.0517697214882038,-1.0517697214882038,0
16156,0.26951849529414124,0.26951849529414124,0.26951849529414124,0
16157,0.6523019553932594,0.6523019553932594,0.6523019553932594,0
16158,0.549508315366991,,0.6849614568717125,1
16159,0.7114691233600948,,0.7176209583501657,1
16160,-2.0407089202727766,,0.7502804598286188,1
16161,-0.16701593660458197,,0.782939961307072,1
16162,-0.4887114360251969,,0.8155994627855251,1
16163,-0.9698147969257757,,0.8482589642639782,1
16164,-0.6831965406184939,,0.8809184657424314,1
16165,0.9674417727071154,,0.9135779672208846,1
16166,-1.0395489681246972,,0.9462374686993377,1
16167,0.7407295729955208,,0.9788969701777908,1
16168,1.011556471656244,1.011556471656244,1.011556471656244,0
16169,0.34171719829238434,0.34171719829238434,0.34171719829238434,0
16170,0.22518820175411786,0.22518820175411786,0.22518820175411786,0
16171,-1.264117052939808,-1.264117052939808,-1.264117052939808,0
16172,-0.8947949679105133,-0.8947949679105133,-0.8947949679105133,0
16173,0.12017477702173597,0.12017477702173597,0.12017477702173597,0
16174,1.8216354420255303,1.8216354420255303,1.8216354420255303,0
16175,-0.745511686610539,-0.745511686610539,-0.745511686610539,0
16176,-0.35117036291454,-0.35117036291454,-0.35117036291454,0
16177,-0.271868692636051,,-0.2930183787121175,1
16178,-0.5227410287443961,,-0.234866394509695,1
16179,-0.9192340913046175,,-0.17671441030727247,1
16180,-0.8487693371406089,,-0.11856242610484996,1
16181,-0.04617372587827252,,-0.06041044190242745,1
16182,0.33821374079017463,,-0.0022584577000049344,1
16183,-0.5215792348316772,,0.05589352650241758,1
16184,0.6088547914896301,,0.11404551070484009,1
16185,1.4368606965626733,,0.1721974949072626,1
16186,0.523152363558544,,0.23034947910968512,1
16187,0.28850146331210763,0.28850146331210763,0.28850146331210763,0
16188,0.00776804685521456,0.00776804685521456,0.00776804685521456,0
16189,-0.8966120179022137,-0.8966120179022137,-0.8966120179022137,0
16190,1.7848884778405691,1.7848884778405691,1.7848884778405691,0
16191,-0.5226002661804656,-0.5226002661804656,-0.5226002661804656,0
16192,-1.2211288727057792,-1.2211288727057792,-1.2211288727057792,0
16193,1.2066171664275835,1.2066171664275835,1.2066171664275835,0
16194,-0.16279162190130594,-0.16279162190130594,-0.16279162190130594,0
16195,1.0817654729832957,,-0.18993272512332396,1
16196,0.8808012910496824,,-0.21707382834534195,1
16197,0.47730814759851625,,-0.24421493156735996,1
16198,-0.6663605110989003,,-0.271356034789378,1
16199,-0.6019858027677887,,-0.298497138011396,1
16200,-0.5450968382381778,,-0.325638241233414,1
16201,0.7491781858853237,,-0.35277934445543196,1
16202,1.1033256091773969,,-0.37992044767745,1
16203,-1.4576482899920502,,-0.407061550899468,1
16204,-0.2693315565499698,,-0.43420265412148595,1
16205,-0.461343757343504,-0.461343757343504,-0.461343757343504,0
16206,1.0381036084347848,1.0381036084347848,1.0381036084347848,0
16207,-0.35564401303648874,,1.0304988954115777,1
16208,-0.14748757429322565,,1.0228941823883704,1
16209,-1.177030586840065,,1.0152894693651633,1
16210,0.8655200083949752,,1.0076847563419562,1
16211,-0.770678636740345,,1.0000800433187491,1
16212,-1.045490551425275,,0.9924753302955419,1
16213,-0.9875526503564933,,0.9848706172723347,1
16214,-0.15211907857876444,,0.9772659042491276,1
16215,-0.28416843790831525,,0.9696611912259204,1
16216,0.8840205003651289,,0.9620564782027132,1
16217,0.9544517651795061,0.9544517651795061,0.9544517651795061,0
16218,0.5167636244816205,0.5167636244816205,0.5167636244816205,0
16219,0.8537222239988416,0.8537222239988416,0.8537222239988416,0
16220,2.352702029551989,2.352702029551989,2.352702029551989,0
16221,1.8380436090512438,1.8380436090512438,1.8380436090512438,0
16222,-1.5131610182290745,-1.5131610182290745,-1.5131610182290745,0
16223,-0.35657155658133993,-0.35657155658133993,-0.35657155658133993,0
16224,-0.7897961426498535,,-0.2880109631580331,1
16225,-0.4908126933421191,,-0.21945036973472623,1
16226,1.3302048069540224,,-0.15088977631141937,1
16227,-1.5833742575425886,,-0.08232918288811253,1
16228,0.0828630479039398,,-0.013768589464805692,1
16229,-0.7522644968635003,,0.0547920039585012,1
16230,-0.07391392338709213,,0.12335259738180804,1
16231,0.38834000052796414,,0.19191319080511487,1
16232,-1.6008643864155823,,0.26047378422842177,1
16233,0.5513285367744302,,0.32903437765172855,1
16234,0.3975949710750354,0.3975949710750354,0.3975949710750354,0
16235,0.1495056969291898,,0.4503520355575093,1
16236,0.2874185586326564,,0.5031091000399832,1
16237,-0.8457485970414587,,0.5558661645224572,1
16238,0.8621244265814492,,0.6086232290049312,1
16239,0.6765552498549788,,0.661380293487405,1
16240,0.12162404183519199,,0.714137357969879,1
16241,-0.8858193272056417,,0.7668944224523528,1
16242,-1.3454263027208813,,0.8196514869348268,1
16243,0.3648483598221217,,0.8724085514173008,1
16244,-0.6394987640865447,,0.9251656158997746,1
16245,0.9779226803822486,0.9779226803822486,0.9779226803822486,0
16246,-0.9712325095431676,-0.9712325095431676,-0.9712325095431676,0
16247,0.2984598277174431,0.2984598277174431,0.2984598277174431,0
16248,0.8701186255731683,0.8701186255731683,0.8701186255731683,0
16249,1.0693218728782208,1.0693218728782208,1.0693218728782208,0
16250,-1.6390426641264357,-1.6390426641264357,-1.6390426641264357,0
16251,0.1402708185148493,0.1402708185148493,0.1402708185148493,0
16252,0.14008626628775322,,0.16188919422207385,1
16253,0.03679171592035693,,0.1835075699292984,1
16254,1.0589891127963285,,0.20512594563652295,1
16255,-0.7046475475725799,,0.2267443213437475,1
16256,2.2987789114006034,,0.24836269705097205,1
16257,0.4186261663446023,,0.2699810727581966,1
16258,0.8996034360504023,,0.2915994484654212,1
16259,-0.09831796568157301,,0.3132178241726457,1
16260,1.0334390013101753,,0.33483619987987023,1
16261,0.27381274767953706,,0.3564545755870948,1
16262,0.4018436181716583,,0.3780729512943194,1
16263,0.07901066976134787,,0.3996913270015439,1
16264,-0.503354834201478,,0.4213097027087685,1
16265,-0.38844757548579145,,0.442928078415993,1
16266,-0.12563739153842862,,0.46454645412321754,1
16267,-0.2503537844462041,,0.4861648298304421,1
16268,-1.0286401328710904,,0.5077832055376668,1
16269,0.24460316828635945,,0.5294015812448912,1
16270,1.0209334493956264,,0.5510199569521157,1
16271,0.8526012593271722,,0.5726383326593403,1
16272,0.5942567083665649,0.5942567083665649,0.5942567083665649,0
16273,-2.0568218047112152,-2.0568218047112152,-2.0568218047112152,0
16274,0.005586294785238056,0.005586294785238056,0.005586294785238056,0
16275,-0.3903295405095407,-0.3903295405095407,-0.3903295405095407,0
16276,2.153547612178978,2.153547612178978,2.153547612178978,0
16277,-0.5719148401299672,-0.5719148401299672,-0.5719148401299672,0
16278,-1.2962839325722049,-1.2962839325722049,-1.2962839325722049,0
16279,0.4791371790212764,0.4791371790212764,0.4791371790212764,0
16280,0.00618416109511075,0.00618416109511075,0.00618416109511075,0
16281,0.22062293298104863,0.22062293298104863,0.22062293298104863,0
16282,-0.718054571247454,-0.718054571247454,-0.718054571247454,0
16283,1.5234452438751878,1.5234452438751878,1.5234452438751878,0
16284,-0.10255166743451216,,1.4752532910600973,1
16285,-0.4533646305748912,,1.4270613382450066,1
16286,-0.8724953868131112,,1.378869385429916,1
16287,0.20837709437247012,,1.3306774326148254,1
16288,0.0052310443866343025,,1.282485479799735,1
16289,0.4040109202548545,,1.2342935269846442,1
16290,1.164486012736281,,1.1861015741695538,1
16291,-1.028501315843405,,1.137909621354463,1
16292,1.1751160839036017,,1.0897176685393726,1
16293,0.3315935744175391,,1.0415257157242819,1
16294,0.9933337629091914,0.9933337629091914,0.9933337629091914,0
16295,0.4373463285990768,0.4373463285990768,0.4373463285990768,0
16296,-0.39893724430678595,-0.39893724430678595,-0.39893724430678595,0
16297,-1.8770191833810455,-1.8770191833810455,-1.8770191833810455,0
16298,-1.2158971952866866,-1.2158971952866866,-1.2158971952866866,0
16299,0.5092807590798551,0.5092807590798551,0.5092807590798551,0
16300,0.5777368377921034,0.5777368377921034,0.5777368377921034,0
16301,2.5567282761371675,2.5567282761371675,2.5567282761371675,0
16302,0.8717742848867365,0.8717742848867365,0.8717742848867365,0
16303,-0.051180273846018115,-0.051180273846018115,-0.051180273846018115,0
16304,-0.97721635336113,-0.97721635336113,-0.97721635336113,0
16305,0.3385677211525452,0.3385677211525452,0.3385677211525452,0
16306,-0.44938315274037405,-0.44938315274037405,-0.44938315274037405,0
16307,1.4470900649580032,1.4470900649580032,1.4470900649580032,0
16308,0.13904814800858975,0.13904814800858975,0.13904814800858975,0
16309,0.7240820793202463,0.7240820793202463,0.7240820793202463,0
16310,1.2978674592454398,1.2978674592454398,1.2978674592454398,0
16311,0.7608631534172189,0.7608631534172189,0.7608631534172189,0
16312,1.8812077496823318,1.8812077496823318,1.8812077496823318,0
16313,-0.7992162574665306,-0.7992162574665306,-0.7992162574665306,0
16314,-1.7028889760840225,-1.7028889760840225,-1.7028889760840225,0
16315,-0.1290469016882355,-0.1290469016882355,-0.1290469016882355,0
16316,-0.40196439016964064,-0.40196439016964064,-0.40196439016964064,0
16317,-1.1639042171782321,-1.1639042171782321,-1.1639042171782321,0
16318,0.8520135465334422,0.8520135465334422,0.8520135465334422,0
16319,-0.15970567409548928,,0.9298576557804674,1
16320,-0.16934632124224513,,1.0077017650274929,1
16321,-0.15884632816672423,,1.085545874274518,1
16322,0.5251409491333451,,1.1633899835215433,1
16323,1.9944929772929112,,1.2412340927685686,1
16324,1.5534961078200815,,1.3190782020155938,1
16325,-0.18285420883776476,,1.3969223112626192,1
16326,-0.7219988566710062,,1.4747664205096445,1
16327,1.5465663820758646,,1.5526105297566697,1
16328,-1.879626195943338,,1.6304546390036951,1
16329,1.7082987482507204,1.7082987482507204,1.7082987482507204,0
16330,-1.052258426799736,-1.052258426799736,-1.052258426799736,0
16331,0.11414104198754746,0.11414104198754746,0.11414104198754746,0
16332,-0.13701881855562628,-0.13701881855562628,-0.13701881855562628,0
16333,0.03127007338687662,0.03127007338687662,0.03127007338687662,0
16334,-0.5473513378457671,-0.5473513378457671,-0.5473513378457671,0
16335,-1.125574609269883,-1.125574609269883,-1.125574609269883,0
16336,0.1180943704137067,0.1180943704137067,0.1180943704137067,0
16337,-0.5441999419642641,-0.5441999419642641,-0.5441999419642641,0
16338,0.6167831327987235,0.6167831327987235,0.6167831327987235,0
16339,0.6352286513445023,0.6352286513445023,0.6352286513445023,0
16340,1.7410583769399817,,0.5999808410833501,1
16341,1.8906144218875807,,0.564733030822198,1
16342,0.34405834423325604,,0.5294852205610456,1
16343,0.8557690839725004,,0.49423741029989343,1
16344,-0.13671804505508606,,0.45898960003874123,1
16345,2.2869483979783163,,0.42374178977758903,1
16346,-0.17478943911255646,,0.3884939795164368,1
16347,-2.3390219571397575,,0.35324616925528457,1
16348,-0.5764371790057709,,0.31799835899413237,1
16349,-0.9476129133093616,,0.2827505487329801,1
16350,0.24750273847182788,0.24750273847182788,0.24750273847182788,0
16351,0.1859389139900357,0.1859389139900357,0.1859389139900357,0
16352,-1.1073454449962887,-1.1073454449962887,-1.1073454449962887,0
16353,0.4388508236542579,0.4388508236542579,0.4388508236542579,0
16354,-0.21702318911185528,-0.21702318911185528,-0.21702318911185528,0
16355,-0.6803906582465631,-0.6803906582465631,-0.6803906582465631,0
16356,0.4398303123563964,0.4398303123563964,0.4398303123563964,0
16357,-0.8707066528899575,-0.8707066528899575,-0.8707066528899575,0
16358,-0.26195081288470806,-0.26195081288470806,-0.26195081288470806,0
16359,-0.1430092335471527,-0.1430092335471527,-0.1430092335471527,0
16360,1.1547039031283897,1.1547039031283897,1.1547039031283897,0
16361,-0.4043510903660246,-0.4043510903660246,-0.4043510903660246,0
16362,-1.0257836579305877,-1.0257836579305877,-1.0257836579305877,0
16363,-0.6242455310128698,-0.6242455310128698,-0.6242455310128698,0
16364,0.7243897506677015,0.7243897506677015,0.7243897506677015,0
16365,-0.8836984372316289,-0.8836984372316289,-0.8836984372316289,0
16366,0.3031020473793471,0.3031020473793471,0.3031020473793471,0
16367,-0.9180060119984012,-0.9180060119984012,-0.9180060119984012,0
16368,0.15472382279469982,0.15472382279469982,0.15472382279469982,0
16369,-0.9242422301116682,-0.9242422301116682,-0.9242422301116682,0
16370,-0.25984653767361104,-0.25984653767361104,-0.25984653767361104,0
16371,-1.1241559577187445,-1.1241559577187445,-1.1241559577187445,0
16372,0.6122248239736108,0.6122248239736108,0.6122248239736108,0
16373,-1.55744867082744,-1.55744867082744,-1.55744867082744,0
16374,-1.0042452368556036,-1.0042452368556036,-1.0042452368556036,0
16375,-0.43336701753737517,-0.43336701753737517,-0.43336701753737517,0
16376,0.6547040976714039,0.6547040976714039,0.6547040976714039,0
16377,-0.278908371409712,-0.278908371409712,-0.278908371409712,0
16378,-0.2648914412183404,-0.2648914412183404,-0.2648914412183404,0
16379,0.008423070773018359,0.008423070773018359,0.008423070773018359,0
16380,-1.1596812925149367,-1.1596812925149367,-1.1596812925149367,0
16381,-1.3471075778671564,-1.3471075778671564,-1.3471075778671564,0
16382,1.056295795392694,1.056295795392694,1.056295795392694,0
16383,-1.0650959771666682,-1.0650959771666682,-1.0650959771666682,0
16384,1.6181286799937091,1.6181286799937091,1.6181286799937091,0
16385,0.7395097046963958,0.7395097046963958,0.7395097046963958,0
16386,-1.1147185113960882,,0.6967054184649925,1
16387,-0.9520201301049961,,0.6539011322335891,1
16388,0.24488370398409645,,0.6110968460021858,1
16389,-0.9069084675555779,,0.5682925597707825,1
16390,-1.509659022325127,,0.5254882735393792,1
16391,1.417275755112054,,0.48268398730797596,1
16392,1.3415057914595414,,0.43987970107657265,1
16393,-1.2609534668907898,,0.39707541484516934,1
16394,-0.49730305935868235,,0.35427112861376603,1
16395,0.735684101349558,,0.3114668423823627,1
16396,0.2686625561509594,0.2686625561509594,0.2686625561509594,0
16397,-0.3684965517441096,-0.3684965517441096,-0.3684965517441096,0
16398,-2.701312335413455,-2.701312335413455,-2.701312335413455,0
16399,-0.5427076570267391,-0.5427076570267391,-0.5427076570267391,0
16400,-2.0611880828717712,-2.0611880828717712,-2.0611880828717712,0
16401,1.429074864100675,1.429074864100675,1.429074864100675,0
16402,1.1200208790293456,1.1200208790293456,1.1200208790293456,0
16403,0.5064715558768896,0.5064715558768896,0.5064715558768896,0
16404,0.9443462120743681,,0.4642141488262116,1
16405,0.8278441423216798,,0.42195674177553355,1
16406,0.25909654205549926,,0.3796993347248555,1
16407,1.248936132958385,,0.33744192767417747,1
16408,-0.5050651677834648,,0.2951845206234994,1
16409,0.07296021678692244,,0.25292711357282144,1
16410,-0.25372352391070746,,0.2106697065221434,1
16411,-0.6084188788118138,,0.16841229947146535,1
16412,0.27398789387035866,,0.1261548924207873,1
16413,-1.3828053079651392,,0.08389748537010927,1
16414,0.04164007831943124,0.04164007831943124,0.04164007831943124,0
16415,0.6937984297570386,0.6937984297570386,0.6937984297570386,0
16416,-1.633864025294535,-1.633864025294535,-1.633864025294535,0
16417,-0.3489499073864608,-0.3489499073864608,-0.3489499073864608,0
16418,0.9128041744566041,0.9128041744566041,0.9128041744566041,0
16419,-1.4914128820639088,-1.4914128820639088,-1.4914128820639088,0
16420,-0.4420165320346826,-0.4420165320346826,-0.4420165320346826,0
16421,1.0404258093795022,1.0404258093795022,1.0404258093795022,0
16422,3.205639487254456,3.205639487254456,3.205639487254456,0
16423,0.030759896585828613,0.030759896585828613,0.030759896585828613,0
16424,1.0814607827142284,1.0814607827142284,1.0814607827142284,0
16425,1.9404484982810037,1.9404484982810037,1.9404484982810037,0
16426,0.1884036811046332,0.1884036811046332,0.1884036811046332,0
16427,1.692880745155403,1.692880745155403,1.692880745155403,0
16428,-0.1344021683313554,-0.1344021683313554,-0.1344021683313554,0
16429,-0.007910214218793251,-0.007910214218793251,-0.007910214218793251,0
16430,-1.3421938315419235,-1.3421938315419235,-1.3421938315419235,0
16431,0.06728292132720182,0.06728292132720182,0.06728292132720182,0
16432,-1.3504221765347673,-1.3504221765347673,-1.3504221765347673,0
16433,-0.872507544390183,-0.872507544390183,-0.872507544390183,0
16434,-0.1596828223967371,-0.1596828223967371,-0.1596828223967371,0
16435,1.431637849085254,1.431637849085254,1.431637849085254,0
16436,-0.6551523185035486,-0.6551523185035486,-0.6551523185035486,0
16437,-1.140675462353104,-1.140675462353104,-1.140675462353104,0
16438,0.43628872274912567,0.43628872274912567,0.43628872274912567,0
16439,-1.199597759389844,-1.199597759389844,-1.199597759389844,0
16440,0.9085675365378755,0.9085675365378755,0.9085675365378755,0
16441,1.487199289799961,1.487199289799961,1.487199289799961,0
16442,0.15680742939105963,0.15680742939105963,0.15680742939105963,0
16443,-0.595361453043494,-0.595361453043494,-0.595361453043494,0
16444,-0.6105301817211845,-0.6105301817211845,-0.6105301817211845,0
16445,1.2098663459146919,1.2098663459146919,1.2098663459146919,0
16446,-0.6899727942648908,-0.6899727942648908,-0.6899727942648908,0
16447,1.5459008044134706,1.5459008044134706,1.5459008044134706,0
16448,-1.4887318273170496,-1.4887318273170496,-1.4887318273170496,0
16449,0.4019447519880225,0.4019447519880225,0.4019447519880225,0
16450,-0.5695492022647941,-0.5695492022647941,-0.5695492022647941,0
16451,-0.2371943088274237,-0.2371943088274237,-0.2371943088274237,0
16452,0.39435651814419814,,-0.2873385499053743,1
16453,0.6608654884462003,,-0.33748279098332484,1
16454,-0.07640621779672044,,-0.38762703206127547,1
16455,-0.1828266174905729,,-0.43777127313922604,1
16456,0.7078542769580782,,-0.4879155142171766,1
16457,-0.3625252571975285,,-0.5380597552951272,1
16458,0.19910117454061446,,-0.5882039963730777,1
16459,-0.07349434297893942,,-0.6383482374510283,1
16460,0.5612759323473583,,-0.6884924785289789,1
16461,-0.7004519660457235,,-0.7386367196069294,1
16462,-0.78878096068488,-0.78878096068488,-0.78878096068488,0
16463,-1.0293829434130106,-1.0293829434130106,-1.0293829434130106,0
16464,-0.15229021685052943,-0.15229021685052943,-0.15229021685052943,0
16465,-2.391945861300671,-2.391945861300671,-2.391945861300671,0
16466,-0.278716201994827,-0.278716201994827,-0.278716201994827,0
16467,0.6955152511671935,0.6955152511671935,0.6955152511671935,0
16468,-1.7092864451478966,-1.7092864451478966,-1.7092864451478966,0
16469,0.17356530829589337,0.17356530829589337,0.17356530829589337,0
16470,-0.6804636392449331,-0.6804636392449331,-0.6804636392449331,0
16471,-1.137309911698652,-1.137309911698652,-1.137309911698652,0
16472,1.1404045277887722,1.1404045277887722,1.1404045277887722,0
16473,0.6738573057908404,,1.0415746722144317,1
16474,0.42075075497197095,,0.942744816640091,1
16475,-0.6585279857480367,,0.8439149610657504,1
16476,0.5862083849978874,,0.7450851054914098,1
16477,-0.4025662880508297,,0.6462552499170693,1
16478,0.30075647140805367,,0.5474253943427286,1
16479,0.6436371751649648,,0.448595538768388,1
16480,0.22166234519611766,,0.34976568319404744,1
16481,0.881925799483976,,0.2509358276197069,1
16482,0.9643500546896026,,0.15210597204536624,1
16483,0.053276116471025564,0.053276116471025564,0.053276116471025564,0
16484,0.0452819966151943,0.0452819966151943,0.0452819966151943,0
16485,-0.9021641438964865,-0.9021641438964865,-0.9021641438964865,0
16486,0.1658404993789324,,-0.8335832559766747,1
16487,0.36732912385879557,,-0.7650023680568628,1
16488,-0.8529040269985283,,-0.696421480137051,1
16489,0.881273100710269,,-0.6278405922172392,1
16490,-0.756104617662282,,-0.5592597042974274,1
16491,1.055632081686252,,-0.49067881637761557,1
16492,1.3208379539067587,,-0.42209792845780375,1
16493,-1.8786320393188807,,-0.35351704053799193,1
16494,-0.2287680903974429,,-0.28493615261818017,1
16495,-1.2607002126396643,,-0.2163552646983683,1
16496,-0.14777437677855643,-0.14777437677855643,-0.14777437677855643,0
16497,0.1414281037669001,0.1414281037669001,0.1414281037669001,0
16498,0.5113988110336206,0.5113988110336206,0.5113988110336206,0
16499,-1.5820876993998123,-1.5820876993998123,-1.5820876993998123,0
16500,0.4705150799343339,0.4705150799343339,0.4705150799343339,0
16501,1.0535721547364694,1.0535721547364694,1.0535721547364694,0
16502,-1.8208487873501185,-1.8208487873501185,-1.8208487873501185,0
16503,0.9798518415304952,0.9798518415304952,0.9798518415304952,0
16504,-1.0059685843213668,-1.0059685843213668,-1.0059685843213668,0
16505,0.982060927955968,0.982060927955968,0.982060927955968,0
16506,-0.4872580738919429,-0.4872580738919429,-0.4872580738919429,0
16507,1.349037543227112,1.349037543227112,1.349037543227112,0
16508,-0.6067998284449408,-0.6067998284449408,-0.6067998284449408,0
16509,0.2963845881811622,0.2963845881811622,0.2963845881811622,0
16510,2.3759474664989506,2.3759474664989506,2.3759474664989506,0
16511,-1.4295098399735948,-1.4295098399735948,-1.4295098399735948,0
16512,1.2871769864732796,1.2871769864732796,1.2871769864732796,0
16513,0.12175074067789429,0.12175074067789429,0.12175074067789429,0
16514,-1.035824750577379,-1.035824750577379,-1.035824750577379,0
16515,-0.2997370840276128,-0.2997370840276128,-0.2997370840276128,0
16516,0.3115887321477802,0.3115887321477802,0.3115887321477802,0
16517,-0.2841868069779428,-0.2841868069779428,-0.2841868069779428,0
16518,-0.17301078613960613,-0.17301078613960613,-0.17301078613960613,0
16519,-1.2550381636505485,-1.2550381636505485,-1.2550381636505485,0
16520,-0.9482659987990413,-0.9482659987990413,-0.9482659987990413,0
16521,-0.0014941770545209227,-0.0014941770545209227,-0.0014941770545209227,0
16522,0.20217003929743035,0.20217003929743035,0.20217003929743035,0
16523,-0.4976913303599405,-0.4976913303599405,-0.4976913303599405,0
16524,0.9961577506095458,0.9961577506095458,0.9961577506095458,0
16525,-1.5506872713061215,-1.5506872713061215,-1.5506872713061215,0
16526,-0.8840368628212966,-0.8840368628212966,-0.8840368628212966,0
16527,0.3146077973655732,0.3146077973655732,0.3146077973655732,0
16528,0.4231522161346196,,0.16161982496180252,1
16529,0.2686525450134712,,0.008631852558031838,1
16530,-1.8134822339624475,,-0.14435611984573882,1
16531,1.3442260661035335,,-0.29734409224950953,1
16532,-0.0311798592753717,,-0.45033206465328024,1
16533,0.23065960475391875,,-0.6033200370570508,1
16534,1.3595348920145391,,-0.7563080094608217,1
16535,-0.10733661610186973,,-0.9092959818645923,1
16536,0.3808082031197825,,-1.0622839542683629,1
16537,0.47024612989037956,,-1.2152719266721337,1
16538,-1.3682598990759043,-1.3682598990759043,-1.3682598990759043,0
16539,-0.13889108061034577,-0.13889108061034577,-0.13889108061034577,0
16540,-0.7561814738124641,-0.7561814738124641,-0.7561814738124641,0
16541,-0.36426325721061564,-0.36426325721061564,-0.36426325721061564,0
16542,0.37568982338265844,0.37568982338265844,0.37568982338265844,0
16543,-0.7558573356642,-0.7558573356642,-0.7558573356642,0
16544,0.14091096866205333,0.14091096866205333,0.14091096866205333,0
16545,-1.5577842866035345,-1.5577842866035345,-1.5577842866035345,0
16546,-0.2674954839172291,-0.2674954839172291,-0.2674954839172291,0
16547,0.7141655365077337,0.7141655365077337,0.7141655365077337,0
16548,-0.7041913205781862,-0.7041913205781862,-0.7041913205781862,0
16549,0.0453913250807181,0.0453913250807181,0.0453913250807181,0
16550,-1.1844381801616761,-1.1844381801616761,-1.1844381801616761,0
16551,1.725438065985859,1.725438065985859,1.725438065985859,0
16552,1.224406023224105,1.224406023224105,1.224406023224105,0
16553,-0.011773322674381286,-0.011773322674381286,-0.011773322674381286,0
16554,1.1700109366812828,1.1700109366812828,1.1700109366812828,0
16555,0.40234868635391385,0.40234868635391385,0.40234868635391385,0
16556,-1.3807766243719315,-1.3807766243719315,-1.3807766243719315,0
16557,0.808191065252309,0.808191065252309,0.808191065252309,0
16558,1.3124754374513805,1.3124754374513805,1.3124754374513805,0
16559,-0.7241233111888624,-0.7241233111888624,-0.7241233111888624,0
16560,1.4531791959505607,1.4531791959505607,1.4531791959505607,0
16561,-0.6827289319673404,-0.6827289319673404,-0.6827289319673404,0
16562,0.031945236971922066,0.031945236971922066,0.031945236971922066,0
16563,1.762978197471421,1.762978197471421,1.762978197471421,0
16564,0.47518592643127117,0.47518592643127117,0.47518592643127117,0
16565,-0.27747572149437755,-0.27747572149437755,-0.27747572149437755,0
16566,-0.14029035477810145,-0.14029035477810145,-0.14029035477810145,0
16567,-1.3919582231651357,,-0.14003656011141521,1
16568,-1.6101106254810031,,-0.13978276544472898,1
16569,0.8017421256419354,,-0.13952897077804277,1
16570,0.09378662847756512,,-0.13927517611135654,1
16571,0.9675125282692187,,-0.1390213814446703,1
16572,0.2560566942546335,,-0.13876758677798406,1
16573,0.41452484758323527,,-0.13851379211129783,1
16574,0.1936939900221333,,-0.1382599974446116,1
16575,-0.18940404794867002,,-0.13800620277792539,1
16576,0.8302877231232556,,-0.13775240811123915,1
16577,-0.13749861344455291,-0.13749861344455291,-0.13749861344455291,0
16578,0.5209775634407026,0.5209775634407026,0.5209775634407026,0
16579,-0.900856284249046,-0.900856284249046,-0.900856284249046,0
16580,-0.10915974466892785,-0.10915974466892785,-0.10915974466892785,0
16581,0.791702188324421,0.791702188324421,0.791702188324421,0
16582,-0.5978183353150821,,0.622761361968095,1
16583,-0.6887934261163048,,0.45382053561176905,1
16584,-0.8485953031315265,,0.28487970925544304,1
16585,0.404113541520305,,0.11593888289911713,1
16586,2.13856667820905,,-0.05300194345720877,1
16587,-0.10107738471499118,,-0.2219427698135349,1
16588,0.5034514869270619,,-0.3908835961698608,1
16589,-0.03533924596854385,,-0.5598244225261867,1
16590,-0.640336366890437,,-0.7287652488825126,1
16591,0.3840417766212273,,-0.8977060752388385,1
16592,-1.0666469015951645,-1.0666469015951645,-1.0666469015951645,0
16593,0.28565041656063717,0.28565041656063717,0.28565041656063717,0
16594,0.00022955484731117007,0.00022955484731117007,0.00022955484731117007,0
16595,-0.4942962943388306,-0.4942962943388306,-0.4942962943388306,0
16596,0.9703287410791043,,-0.44793825008179283,1
16597,0.6839917884363459,,-0.401580205824755,1
16598,-1.345711735318126,,-0.35522216156771724,1
16599,2.6186273303649643,,-0.3088641173106794,1
16600,0.9676755477803269,,-0.26250607305364165,1
16601,-0.6688284499209437,,-0.21614802879660389,1
16602,0.9650180677188611,,-0.16978998453956606,1
16603,0.4784543873754345,,-0.1234319402825283,1
16604,-0.1168290732138718,,-0.07707389602549053,1
16605,1.2043633953567248,,-0.030715851768452707,1
16606,-0.13113010745730302,,0.015642192488585116,1
16607,0.1436615424549058,,0.06200023674562283,1
16608,-0.14149361954275425,,0.10835828100266065,1
16609,-0.6323885012469331,,0.15471632525969847,1
16610,-2.189274219467354,,0.20107436951673618,1
16611,1.752255233353155,,0.247432413773774,1
16612,1.6759414575221818,,0.29379045803081183,1
16613,-0.33063372398546786,,0.34014850228784954,1
16614,0.8335962849018955,,0.38650654654488736,1
16615,0.8333160155833639,,0.4328645908019252,1
16616,0.47922263505896284,0.47922263505896284,0.47922263505896284,0
16617,1.036250454285838,,0.33240685700207684,1
16618,0.8781231405717457,,0.1855910789451909,1
16619,1.5006212412344198,,0.03877530088830489,1
16620,-1.4860911483684478,,-0.10804047716858106,1
16621,0.14073117839538032,,-0.254856255225467,1
16622,-1.5751858559562686,,-0.40167203328235307,1
16623,0.36773738606202633,,-0.5484878113392391,1
16624,-1.5577979515978324,,-0.695303589396125,1
16625,-1.1485402631672614,,-0.842119367453011,1
16626,-0.8515014763166433,,-0.9889351455098969,1
16627,-1.135750923566783,-1.135750923566783,-1.135750923566783,0
16628,-0.16092089822398392,-0.16092089822398392,-0.16092089822398392,0
16629,1.3024532564122586,1.3024532564122586,1.3024532564122586,0
16630,0.3632572532167816,0.3632572532167816,0.3632572532167816,0
16631,1.872498489239696,1.872498489239696,1.872498489239696,0
16632,-0.541098174073634,-0.541098174073634,-0.541098174073634,0
16633,0.9308030192954959,0.9308030192954959,0.9308030192954959,0
16634,0.8611628787807601,0.8611628787807601,0.8611628787807601,0
16635,-0.11328640092135007,-0.11328640092135007,-0.11328640092135007,0
16636,-1.0657070384182292,-1.0657070384182292,-1.0657070384182292,0
16637,-1.96342473018666,-1.96342473018666,-1.96342473018666,0
16638,1.150066464252544,1.150066464252544,1.150066464252544,0
16639,-1.0170139597346715,-1.0170139597346715,-1.0170139597346715,0
16640,-0.41889181898321437,-0.41889181898321437,-0.41889181898321437,0
16641,-0.39621199569901455,,-0.4730246373674191,1
16642,-0.08435753886066356,,-0.5271574557516239,1
16643,-0.7938294805103255,,-0.5812902741358286,1
16644,0.05581334509678644,,-0.6354230925200334,1
16645,1.9351690246746738,,-0.6895559109042381,1
16646,0.948470530740593,,-0.7436887292884429,1
16647,-0.9029549191788595,,-0.7978215476726476,1
16648,1.2525287428023881,,-0.8519543660568523,1
16649,-0.24453630932086481,,-0.9060871844410571,1
16650,0.3590830193865076,,-0.9602200028252618,1
16651,-1.0143528212094666,-1.0143528212094666,-1.0143528212094666,0
16652,-0.18513749746091004,-0.18513749746091004,-0.18513749746091004,0
16653,1.0613389241344742,1.0613389241344742,1.0613389241344742,0
16654,2.035709096487187,2.035709096487187,2.035709096487187,0
16655,-0.734154553060387,-0.734154553060387,-0.734154553060387,0
16656,-0.37210227183261924,-0.37210227183261924,-0.37210227183261924,0
16657,-1.2120739844344337,-1.2120739844344337,-1.2120739844344337,0
16658,0.009049453270266539,0.009049453270266539,0.009049453270266539,0
16659,-1.2785832550750058,,-0.13773811276153605,1
16660,-1.22737667863628,,-0.2845256787933387,1
16661,1.3547562901808885,,-0.4313132448251413,1
16662,-0.9206825406044878,,-0.5781008108569439,1
16663,0.7949355294105888,,-0.7248883768887464,1
16664,1.0003593112721731,,-0.8716759429205491,1
16665,-0.26856171439666265,,-1.0184635089523517,1
16666,2.2474865031158315,,-1.1652510749841543,1
16667,1.5971238951491664,,-1.3120386410159568,1
16668,0.9642503604955394,,-1.4588262070477593,1
16669,-1.605613773079562,-1.605613773079562,-1.605613773079562,0
16670,0.004779484205278103,0.004779484205278103,0.004779484205278103,0
16671,0.11584260480498709,0.11584260480498709,0.11584260480498709,0
16672,1.2183344400361924,1.2183344400361924,1.2183344400361924,0
16673,-0.33098800611540424,-0.33098800611540424,-0.33098800611540424,0
16674,0.42068822563902764,0.42068822563902764,0.42068822563902764,0
16675,-0.38806860256070114,-0.38806860256070114,-0.38806860256070114,0
16676,0.14465319767561566,0.14465319767561566,0.14465319767561566,0
16677,0.0343168652150326,,0.2853912988965622,1
16678,0.026956062642012984,,0.42612940011750866,1
16679,-0.5771695718673756,,0.5668675013384552,1
16680,-0.3939887507268821,,0.7076056025594017,1
16681,-2.5202589243687434,,0.8483437037803483,1
16682,-0.3068934540043487,,0.9890818050012947,1
16683,0.8986857054026176,,1.1298199062222412,1
16684,1.1251585725199962,,1.2705580074431877,1
16685,-1.1037239903508735,,1.4112961086641342,1
16686,-1.0207760666695673,,1.5520342098850808,1
16687,1.692772311106027,1.692772311106027,1.692772311106027,0
16688,0.10276912086727971,0.10276912086727971,0.10276912086727971,0
16689,1.0712157230321713,1.0712157230321713,1.0712157230321713,0
16690,0.3693418574739099,0.3693418574739099,0.3693418574739099,0
16691,0.8325406595772744,0.8325406595772744,0.8325406595772744,0
16692,0.5001532634657094,0.5001532634657094,0.5001532634657094,0
16693,-0.37248948762689105,,0.43490987923523505,1
16694,-0.11244621133581253,,0.3696664950047607,1
16695,1.1870037668933853,,0.30442311077428635,1
16696,1.785094255592046,,0.23917972654381198,1
16697,-0.21988662784263133,,0.1739363423133376,1
16698,0.8503573786281782,,0.10869295808286328,1
16699,0.5477465299860008,,0.0434495738523889,1
16700,-0.17167238337638235,,-0.021793810378085476,1
16701,2.01868476848911,,-0.08703719460855985,1
16702,0.05434840028943491,,-0.15228057883903423,1
16703,-0.21752396306950864,-0.21752396306950864,-0.21752396306950864,0
16704,-1.7659396157922638,-1.7659396157922638,-1.7659396157922638,0
16705,-0.752501765688916,-0.752501765688916,-0.752501765688916,0
16706,-1.2995232198290174,-1.2995232198290174,-1.2995232198290174,0
16707,-0.7471538625228773,-0.7471538625228773,-0.7471538625228773,0
16708,0.6976727329134859,0.6976727329134859,0.6976727329134859,0
16709,-0.023052944657474636,-0.023052944657474636,-0.023052944657474636,0
16710,-0.9204340482543306,-0.9204340482543306,-0.9204340482543306,0
16711,-0.1991391761266941,-0.1991391761266941,-0.1991391761266941,0
16712,0.48695008747707974,0.48695008747707974,0.48695008747707974,0
16713,-0.5284586899693491,-0.5284586899693491,-0.5284586899693491,0
16714,0.27779757303381786,,-0.5809173328566315,1
16715,0.038090805988228234,,-0.633375975743914,1
16716,-0.6379477276834267,,-0.6858346186311964,1
16717,-0.31468977360313155,,-0.738293261518479,1
16718,-0.6835211951786233,,-0.7907519044057614,1
16719,0.3954835459011991,,-0.8432105472930438,1
16720,-1.4657492043155447,,-0.8956691901803262,1
16721,0.30470177565586437,,-0.9481278330676087,1
16722,0.8166775945327621,,-1.0005864759548913,1
16723,0.09567104228110301,,-1.0530451188421737,1
16724,-1.105503761729456,-1.105503761729456,-1.105503761729456,0
16725,1.0646696505169917,1.0646696505169917,1.0646696505169917,0
16726,-0.44100734859850993,-0.44100734859850993,-0.44100734859850993,0
16727,-0.4828384590530606,-0.4828384590530606,-0.4828384590530606,0
16728,1.893685895579806,1.893685895579806,1.893685895579806,0
16729,0.012024420238163152,0.012024420238163152,0.012024420238163152,0
16730,-1.9762919778814259,-1.9762919778814259,-1.9762919778814259,0
16731,0.7156242727140613,0.7156242727140613,0.7156242727140613,0
16732,0.5274433182125561,0.5274433182125561,0.5274433182125561,0
16733,-0.666320803912299,-0.666320803912299,-0.666320803912299,0
16734,0.8490751476080596,0.8490751476080596,0.8490751476080596,0
16735,0.23920904335167187,0.23920904335167187,0.23920904335167187,0
16736,-0.42553951243366306,-0.42553951243366306,-0.42553951243366306,0
16737,0.08271402403186781,0.08271402403186781,0.08271402403186781,0
16738,0.12730921979957602,0.12730921979957602,0.12730921979957602,0
16739,0.04852060738974332,,0.15542116701124242,1
16740,0.33892239046083134,,0.18353311422290886,1
16741,-0.90484007373399,,0.21164506143457526,1
16742,0.35880262876311714,,0.23975700864624166,1
16743,0.6932325966971107,,0.26786895585790804,1
16744,0.3118885024109434,,0.2959809030695745,1
16745,0.07739545179245844,,0.3240928502812409,1
16746,-1.4441273658831026,,0.35220479749290734,1
16747,0.704808858953355,,0.3803167447045738,1
16748,0.010648229559652068,,0.4084286919162401,1
16749,0.4365406391279065,0.4365406391279065,0.4365406391279065,0
16750,-0.3365115036849509,-0.3365115036849509,-0.3365115036849509,0
16751,1.3793927447887602,1.3793927447887602,1.3793927447887602,0
16752,-1.0046864905397364,-1.0046864905397364,-1.0046864905397364,0
16753,1.2226803665213006,1.2226803665213006,1.2226803665213006,0
16754,-0.5180293915851244,-0.5180293915851244,-0.5180293915851244,0
16755,1.6530384096565782,1.6530384096565782,1.6530384096565782,0
16756,-0.3560506474307836,-0.3560506474307836,-0.3560506474307836,0
16757,0.6256339870523707,0.6256339870523707,0.6256339870523707,0
16758,-0.3667267787578987,-0.3667267787578987,-0.3667267787578987,0
16759,1.7418468799644786,1.7418468799644786,1.7418468799644786,0
16760,-0.5157996275324284,-0.5157996275324284,-0.5157996275324284,0
16761,1.061450902969123,1.061450902969123,1.061450902969123,0
16762,-0.3283555330022309,-0.3283555330022309,-0.3283555330022309,0
16763,-1.2287681743700538,-1.2287681743700538,-1.2287681743700538,0
16764,0.08914207581252968,0.08914207581252968,0.08914207581252968,0
16765,-0.7891272961824178,-0.7891272961824178,-0.7891272961824178,0
16766,0.9195908717230856,,-0.6997643661075981,1
16767,1.0944013244877724,,-0.6104014360327783,1
16768,-0.4551323775423637,,-0.5210385059579585,1
16769,-1.8304387392827797,,-0.4316755758831387,1
16770,-0.040646599777932724,,-0.34231264580831894,1
16771,-1.6911141516695523,,-0.2529497157334991,1
16772,-1.1645090402128688,,-0.16358678565867935,1
16773,0.5183919709063937,,-0.07422385558385958,1
16774,-0.25944979869668205,,0.015139074490960192,1
16775,0.20083858297538543,,0.10450200456577996,1
16776,0.19386493464059987,0.19386493464059987,0.19386493464059987,0
16777,-0.6734191307748255,-0.6734191307748255,-0.6734191307748255,0
16778,0.5501016860936225,0.5501016860936225,0.5501016860936225,0
16779,-0.881407991227254,-0.881407991227254,-0.881407991227254,0
16780,0.3606414766315415,0.3606414766315415,0.3606414766315415,0
16781,-1.3839391227747426,-1.3839391227747426,-1.3839391227747426,0
16782,0.6679340075916002,0.6679340075916002,0.6679340075916002,0
16783,-1.4771406086389915,-1.4771406086389915,-1.4771406086389915,0
16784,0.37233239408000757,0.37233239408000757,0.37233239408000757,0
16785,-1.1070197574442207,-1.1070197574442207,-1.1070197574442207,0
16786,0.38418433549060405,,-1.0565600599854474,1
16787,0.18961384133605744,,-1.006100362526674,1
16788,-0.14703472308065388,,-0.9556406650679008,1
16789,-1.140494463414581,,-0.9051809676091275,1
16790,-0.8552842133923717,,-0.8547212701503542,1
16791,-0.8077058730753175,,-0.8042615726915809,1
16792,-1.9743069037943606,,-0.7538018752328076,1
16793,0.6428288451247121,,-0.7033421777740343,1
16794,-0.6454387414205764,,-0.652882480315261,1
16795,0.678842997495997,,-0.6024227828564876,1
16796,-0.5519630853977144,-0.5519630853977144,-0.5519630853977144,0
16797,0.4619577372626413,0.4619577372626413,0.4619577372626413,0
16798,-1.864322931843026,-1.864322931843026,-1.864322931843026,0
16799,-0.09558942973141869,,-1.723553194500514,1
16800,-0.0035786145955772884,,-1.5827834571580017,1
16801,-0.7633518067987164,,-1.4420137198154896,1
16802,-1.447952786900596,,-1.3012439824729776,1
16803,0.2288658709464306,,-1.1604742451304655,1
16804,-0.7464242527500708,,-1.0197045077879534,1
16805,0.22934350578044402,,-0.8789347704454411,1
16806,-0.34077146246220547,,-0.738165033102929,1
16807,-1.4604366201670964,,-0.5973952957604169,1
16808,1.7892281384910964,,-0.45662555841790486,1
16809,-0.3158558210753925,-0.3158558210753925,-0.3158558210753925,0
16810,0.5162260773058901,0.5162260773058901,0.5162260773058901,0
16811,-1.1580499226918728,-1.1580499226918728,-1.1580499226918728,0
16812,-1.502946037757608,-1.502946037757608,-1.502946037757608,0
16813,0.690496095156691,0.690496095156691,0.690496095156691,0
16814,-0.7657826080974441,-0.7657826080974441,-0.7657826080974441,0
16815,0.1824011208930306,0.1824011208930306,0.1824011208930306,0
16816,0.6045023210557537,0.6045023210557537,0.6045023210557537,0
16817,0.8602833377462094,0.8602833377462094,0.8602833377462094,0
16818,-0.2421043210924932,-0.2421043210924932,-0.2421043210924932,0
16819,1.18153648228609,1.18153648228609,1.18153648228609,0
16820,-1.1925594235318833,-1.1925594235318833,-1.1925594235318833,0
16821,1.164762377508343,1.164762377508343,1.164762377508343,0
16822,-1.1522444331410133,-1.1522444331410133,-1.1522444331410133,0
16823,1.099420869443034,1.099420869443034,1.099420869443034,0
16824,-1.5784898650261645,-1.5784898650261645,-1.5784898650261645,0
16825,0.9860049404455938,0.9860049404455938,0.9860049404455938,0
16826,0.5766696535014099,0.5766696535014099,0.5766696535014099,0
16827,-1.4337418767842753,-1.4337418767842753,-1.4337418767842753,0
16828,0.45380331333556345,0.45380331333556345,0.45380331333556345,0
16829,-1.2796434171117401,-1.2796434171117401,-1.2796434171117401,0
16830,1.8804625092631113,1.8804625092631113,1.8804625092631113,0
16831,1.7118504107615178,1.7118504107615178,1.7118504107615178,0
16832,-1.4584049173647702,-1.4584049173647702,-1.4584049173647702,0
16833,1.6440938806910406,1.6440938806910406,1.6440938806910406,0
16834,0.07038161184165631,0.07038161184165631,0.07038161184165631,0
16835,1.102893228492818,1.102893228492818,1.102893228492818,0
16836,-1.2203557819469897,-1.2203557819469897,-1.2203557819469897,0
16837,0.568119756939206,0.568119756939206,0.568119756939206,0
16838,0.7320921888557042,0.7320921888557042,0.7320921888557042,0
16839,-1.091000829393863,-1.091000829393863,-1.091000829393863,0
16840,-0.21880999538302773,-0.21880999538302773,-0.21880999538302773,0
16841,0.35995273508043457,0.35995273508043457,0.35995273508043457,0
16842,-0.5721478881835192,-0.5721478881835192,-0.5721478881835192,0
16843,-0.3712462658416465,,-0.541895150081955,1
16844,-0.3918132607616742,,-0.5116424119803908,1
16845,-0.7741132974154779,,-0.4813896738788266,1
16846,-2.372901621504954,,-0.4511369357772623,1
16847,0.4953860482636984,,-0.4208841976756981,1
16848,-0.7683300658737756,,-0.3906314595741339,1
16849,0.1712820800504402,,-0.36037872147256966,1
16850,-0.15903406189604033,,-0.33012598337100546,1
16851,-2.0137489180029418,,-0.29987324526944126,1
16852,0.6986986993448298,,-0.269620507167877,1
16853,-0.30613640757549293,,-0.2393677690663128,1
16854,-0.2558719753735314,,-0.2091150309647486,1
16855,1.1831111207355611,,-0.17886229286318434,1
16856,-0.5679282506275121,,-0.14860955476162013,1
16857,-0.820409314678036,,-0.11835681666005587,1
16858,0.7529872401770002,,-0.08810407855849167,1
16859,-1.333684971261611,,-0.057851340456927414,1
16860,-0.26180451497314333,,-0.027598602355363266,1
16861,-0.17021072250222355,,0.002654135746200992,1
16862,-1.1139356076920783,,0.03290687384776525,1
16863,-0.306604858586958,,0.0631596119493294,1
16864,-0.5402456033518015,,0.09341235005089366,1
16865,-1.960555536149045,,0.12366508815245791,1
16866,-0.2862157444173038,,0.15391782625402206,1
16867,1.7516325080505453,,0.18417056435558632,1
16868,-1.5830255869055105,,0.21442330245715058,1
16869,-0.6871548205329169,,0.24467604055871484,1
16870,-1.030126144730561,,0.274928778660279,1
16871,1.0527559150596548,,0.30518151676184324,1
16872,-2.1460353485583354,,0.3354342548634075,1
16873,0.3656869929649716,0.3656869929649716,0.3656869929649716,0
16874,-0.5872301188715778,-0.5872301188715778,-0.5872301188715778,0
16875,-1.1573916950964245,-1.1573916950964245,-1.1573916950964245,0
16876,1.3225046481889122,1.3225046481889122,1.3225046481889122,0
16877,0.30080000315630284,0.30080000315630284,0.30080000315630284,0
16878,-1.3403054134533126,-1.3403054134533126,-1.3403054134533126,0
16879,0.7255355849281605,0.7255355849281605,0.7255355849281605,0
16880,1.304797176518818,1.304797176518818,1.304797176518818,0
16881,3.245547045204408,3.245547045204408,3.245547045204408,0
16882,0.7388629573048279,0.7388629573048279,0.7388629573048279,0
16883,0.7552068998943795,0.7552068998943795,0.7552068998943795,0
16884,-1.4411186345320368,-1.4411186345320368,-1.4411186345320368,0
16885,0.934466577860932,0.934466577860932,0.934466577860932,0
16886,-1.3085548731950392,-1.3085548731950392,-1.3085548731950392,0
16887,-0.3714168309059215,-0.3714168309059215,-0.3714168309059215,0
16888,1.6395772990434774,1.6395772990434774,1.6395772990434774,0
16889,-0.9028229266575682,-0.9028229266575682,-0.9028229266575682,0
16890,-1.1925065840333886,-1.1925065840333886,-1.1925065840333886,0
16891,0.6979367882391007,0.6979367882391007,0.6979367882391007,0
16892,0.6570603014410732,0.6570603014410732,0.6570603014410732,0
16893,-2.3425412923444173,-2.3425412923444173,-2.3425412923444173,0
16894,-0.012375051326727216,-0.012375051326727216,-0.012375051326727216,0
16895,0.7995803446415872,,0.08184872472611707,1
16896,0.4611591741076089,,0.17607250077896133,1
16897,0.687407481028724,,0.2702962768318056,1
16898,-0.5481663797157498,,0.3645200528846499,1
16899,-1.2046804965777873,,0.45874382893749416,1
16900,-0.37151958176534455,,0.5529676049903385,1
16901,0.5396988740982706,,0.6471913810431827,1
16902,-0.6394073022903362,,0.741415157096027,1
16903,1.3289391762287903,,0.8356389331488713,1
16904,-1.057228399195068,,0.9298627092017155,1
16905,1.02408648525456,1.02408648525456,1.02408648525456,0
16906,-2.0360229248432815,-2.0360229248432815,-2.0360229248432815,0
16907,0.17023761113387104,0.17023761113387104,0.17023761113387104,0
16908,2.138465349034222,2.138465349034222,2.138465349034222,0
16909,-1.8684075045256563,-1.8684075045256563,-1.8684075045256563,0
16910,1.5301126401960046,1.5301126401960046,1.5301126401960046,0
16911,1.0205906870279955,1.0205906870279955,1.0205906870279955,0
16912,-0.2538608797642012,-0.2538608797642012,-0.2538608797642012,0
16913,-1.5045681814583083,-1.5045681814583083,-1.5045681814583083,0
16914,-0.33311680017625184,-0.33311680017625184,-0.33311680017625184,0
16915,0.7222281510282386,0.7222281510282386,0.7222281510282386,0
16916,0.374370467430334,0.374370467430334,0.374370467430334,0
16917,-0.05316190163959185,-0.05316190163959185,-0.05316190163959185,0
16918,-1.2124685153938604,-1.2124685153938604,-1.2124685153938604,0
16919,0.464719576735827,0.464719576735827,0.464719576735827,0
16920,0.1079604578071993,,0.3762001460182003,1
16921,-0.1064111571114129,,0.2876807153005736,1
16922,-1.2432185571422487,,0.1991612845829469,1
16923,2.605444809819007,,0.11064185386532022,1
16924,0.7535242124430123,,0.022122423147693526,1
16925,-1.2903304140627374,,-0.06639700756993316,1
16926,1.786401133137244,,-0.15491643828755985,1
16927,-0.15096147236802818,,-0.24343586900518654,1
16928,-0.3464218225273757,,-0.33195529972281324,1
16929,1.4588798293570333,,-0.4204747304404399,1
16930,-0.5089941611580666,-0.5089941611580666,-0.5089941611580666,0
16931,-0.0934692425368801,-0.0934692425368801,-0.0934692425368801,0
16932,0.43490749261417433,0.43490749261417433,0.43490749261417433,0
16933,0.27631324556943593,0.27631324556943593,0.27631324556943593,0
16934,0.4240833969599646,0.4240833969599646,0.4240833969599646,0
16935,0.32460634959159684,0.32460634959159684,0.32460634959159684,0
16936,-1.3936769306638537,-1.3936769306638537,-1.3936769306638537,0
16937,-0.31201448328953163,-0.31201448328953163,-0.31201448328953163,0
16938,-0.3024069051046081,-0.3024069051046081,-0.3024069051046081,0
16939,1.039982594101786,1.039982594101786,1.039982594101786,0
16940,-0.5002241839489524,-0.5002241839489524,-0.5002241839489524,0
16941,1.0539855961569782,1.0539855961569782,1.0539855961569782,0
16942,0.7487077847693882,0.7487077847693882,0.7487077847693882,0
16943,1.3789995031197289,1.3789995031197289,1.3789995031197289,0
16944,0.3272884695665037,,1.123107233650082,1
16945,0.35457360348591105,,0.8672149641804352,1
16946,0.1882761506602444,,0.6113226947107884,1
16947,-0.33998469981894014,,0.35543042524114155,1
16948,0.08409906158384761,,0.09953815577149472,1
16949,-0.9970153032897386,,-0.1563541136981521,1
16950,0.7273063509912676,,-0.41224638316779894,1
16951,-0.7079635951848567,,-0.6681386526374458,1
16952,1.8889944801119778,,-0.9240309221070926,1
16953,0.511873717768444,,-1.1799231915767394,1
16954,-1.4358154610463865,-1.4358154610463865,-1.4358154610463865,0
16955,-0.36494763813698516,-0.36494763813698516,-0.36494763813698516,0
16956,0.6615150528303826,0.6615150528303826,0.6615150528303826,0
16957,-1.894526754876251,-1.894526754876251,-1.894526754876251,0
16958,-0.5441211306522106,-0.5441211306522106,-0.5441211306522106,0
16959,1.4202124416558481,1.4202124416558481,1.4202124416558481,0
16960,-0.9459603194322027,-0.9459603194322027,-0.9459603194322027,0
16961,0.28755842186838504,0.28755842186838504,0.28755842186838504,0
16962,-1.0575690667360844,-1.0575690667360844,-1.0575690667360844,0
16963,-0.12744365415676634,-0.12744365415676634,-0.12744365415676634,0
16964,0.2863696730668313,0.2863696730668313,0.2863696730668313,0
16965,-2.077239139424496,-2.077239139424496,-2.077239139424496,0
16966,-1.6359290252128451,-1.6359290252128451,-1.6359290252128451,0
16967,-0.18357030396968327,-0.18357030396968327,-0.18357030396968327,0
16968,-0.10707703479550823,,-0.09762708869255567,1
16969,0.02333779998913451,,-0.011683873415428064,1
16970,0.16618082548113877,,0.07425934186169952,1
16971,-1.399747542057297,,0.16020255713882714,1
16972,-0.14114430888783375,,0.24614577241595476,1
16973,-0.6094826733843877,,0.3320889876930823,1
16974,-0.5928508389918855,,0.41803220297021,1
16975,1.2952419457008786,,0.5039754182473375,1
16976,-0.38777059228028216,,0.589918633524465,1
16977,-0.9124943799115978,,0.6758618488015928,1
16978,0.7618050640787204,0.7618050640787204,0.7618050640787204,0
16979,0.12951194680246336,0.12951194680246336,0.12951194680246336,0
16980,-0.8880936401244377,-0.8880936401244377,-0.8880936401244377,0
16981,-0.4386011995095539,-0.4386011995095539,-0.4386011995095539,0
16982,0.2770821117212198,0.2770821117212198,0.2770821117212198,0
16983,-0.5373275362380692,-0.5373275362380692,-0.5373275362380692,0
16984,-0.9591191777616505,-0.9591191777616505,-0.9591191777616505,0
16985,0.4791111147659096,0.4791111147659096,0.4791111147659096,0
16986,-0.12111076473279458,-0.12111076473279458,-0.12111076473279458,0
16987,-1.4653385133048915,-1.4653385133048915,-1.4653385133048915,0
16988,-0.22946854164730365,-0.22946854164730365,-0.22946854164730365,0
16989,0.3800716525480878,0.3800716525480878,0.3800716525480878,0
16990,0.15990582763751807,0.15990582763751807,0.15990582763751807,0
16991,-1.6491349664603747,-1.6491349664603747,-1.6491349664603747,0
16992,0.41889903716843907,0.41889903716843907,0.41889903716843907,0
16993,-0.30490730562866836,-0.30490730562866836,-0.30490730562866836,0
16994,-0.24178734588570042,-0.24178734588570042,-0.24178734588570042,0
16995,0.4629971718482851,0.4629971718482851,0.4629971718482851,0
16996,-1.5151368681119877,-1.5151368681119877,-1.5151368681119877,0
16997,-0.478135890799757,-0.478135890799757,-0.478135890799757,0
16998,-0.0828651544526465,-0.0828651544526465,-0.0828651544526465,0
16999,1.0114843201934753,1.0114843201934753,1.0114843201934753,0
17000,-0.4916342421115808,-0.4916342421115808,-0.4916342421115808,0
17001,-0.09915012055752745,-0.09915012055752745,-0.09915012055752745,0
17002,-1.2552067309863895,-1.2552067309863895,-1.2552067309863895,0
17003,1.698331180450785,1.698331180450785,1.698331180450785,0
17004,-0.056175655976286314,-0.056175655976286314,-0.056175655976286314,0
17005,-1.0579037285677277,-1.0579037285677277,-1.0579037285677277,0
17006,-0.07569586801290712,-0.07569586801290712,-0.07569586801290712,0
17007,-0.58152821596916,-0.58152821596916,-0.58152821596916,0
17008,1.5276422082694445,1.5276422082694445,1.5276422082694445,0
17009,-0.20229234493284048,-0.20229234493284048,-0.20229234493284048,0
17010,0.08601157213293564,0.08601157213293564,0.08601157213293564,0
17011,-0.31543533604339785,-0.31543533604339785,-0.31543533604339785,0
17012,0.45078993196432143,0.45078993196432143,0.45078993196432143,0
17013,-0.5653146018041622,,0.3501221445167795,1
17014,-0.4996715081832433,,0.24945435706923755,1
17015,-0.8933183706661004,,0.14878656962169562,1
17016,0.6823775719169549,,0.04811878217415366,1
17017,-0.01766628818415158,,-0.052549005273388294,1
17018,-1.4316281246812612,,-0.1532167927209302,1
17019,0.0511605808148982,,-0.2538845801684722,1
17020,-1.301367937095665,,-0.3545523676160141,1
17021,0.745989844972496,,-0.455220155063556,1
17022,0.28469137112688164,,-0.5558879425110981,1
17023,-0.65655572995864,-0.65655572995864,-0.65655572995864,0
17024,0.24772434985645617,0.24772434985645617,0.24772434985645617,0
17025,2.1518133183779433,2.1518133183779433,2.1518133183779433,0
17026,-1.7622985392001074,-1.7622985392001074,-1.7622985392001074,0
17027,-0.2811279497101074,-0.2811279497101074,-0.2811279497101074,0
17028,2.0568850651393182,2.0568850651393182,2.0568850651393182,0
17029,-0.01658433865247609,-0.01658433865247609,-0.01658433865247609,0
17030,0.44143924334818935,0.44143924334818935,0.44143924334818935,0
17031,0.7394608077636777,0.7394608077636777,0.7394608077636777,0
17032,-0.7680315511630201,-0.7680315511630201,-0.7680315511630201,0
17033,-0.3384026121080601,-0.3384026121080601,-0.3384026121080601,0
17034,0.44987682782278354,0.44987682782278354,0.44987682782278354,0
17035,0.9089199350239153,0.9089199350239153,0.9089199350239153,0
17036,-0.1699918700581154,-0.1699918700581154,-0.1699918700581154,0
17037,1.256428578531979,1.256428578531979,1.256428578531979,0
17038,-1.0034427314023129,-1.0034427314023129,-1.0034427314023129,0
17039,0.09874652490365846,0.09874652490365846,0.09874652490365846,0
17040,-1.0006791077123962,-1.0006791077123962,-1.0006791077123962,0
17041,-0.08388385305011538,-0.08388385305011538,-0.08388385305011538,0
17042,0.803537735284842,0.803537735284842,0.803537735284842,0
17043,-0.24151958416873187,-0.24151958416873187,-0.24151958416873187,0
17044,0.15956963765008556,,-0.1483026365833581,1
17045,-0.14063982706533945,,-0.05508568899798433,1
17046,-0.7008914625084962,,0.038131258587389416,1
17047,-1.8646651270947934,,0.13134820617276322,1
17048,-1.191775967601339,,0.22456515375813701,1
17049,-0.24558598792386926,,0.3177821013435107,1
17050,1.8709374573186146,,0.4109990489288845,1
17051,0.8286357403624944,,0.5042159965142583,1
17052,-1.9784717208548388,,0.5974329440996321,1
17053,-0.10105322482241952,,0.6906498916850059,1
17054,0.7000382644845674,,0.7838668392703796,1
17055,0.9779527331870926,,0.8770837868557533,1
17056,-2.038380639078563,,0.9703007344411272,1
17057,-0.5675527023649833,,1.0635176820265009,1
17058,-1.4729897932928924,,1.1567346296118748,1
17059,0.8956206534282817,,1.2499515771972485,1
17060,-0.4558614199350219,,1.3431685247826222,1
17061,-0.622180298302773,,1.436385472367996,1
17062,-0.2704122292784743,,1.5296024199533698,1
17063,-1.5846077696735708,,1.6228193675387437,1
17064,1.7160363151241174,1.7160363151241174,1.7160363151241174,0
17065,0.7599107072008972,0.7599107072008972,0.7599107072008972,0
17066,-0.49940829187755825,,0.7808411765967436,1
17067,-0.6432326373602754,,0.8017716459925899,1
17068,0.7145251327718954,,0.8227021153884363,1
17069,-0.9480357603229984,,0.8436325847842827,1
17070,0.03560782664843571,,0.8645630541801291,1
17071,-0.3175835473768528,,0.8854935235759754,1
17072,-1.315341139790788,,0.9064239929718219,1
17073,0.4806503191389704,,0.9273544623676683,1
17074,-0.9399472858922717,,0.9482849317635147,1
17075,0.15135165583571067,,0.969215401159361,1
17076,0.9901458705552074,0.9901458705552074,0.9901458705552074,0
17077,0.9443418749613137,0.9443418749613137,0.9443418749613137,0
17078,-1.0999477199608159,-1.0999477199608159,-1.0999477199608159,0
17079,-1.0194169503108146,-1.0194169503108146,-1.0194169503108146,0
17080,-0.47973270982877525,-0.47973270982877525,-0.47973270982877525,0
17081,0.6738842528201647,,-0.6702879398280532,1
17082,0.34312471114851023,,-0.8608431698273311,1
17083,-0.13970567696707206,,-1.051398399826609,1
17084,0.8277200064238235,,-1.241953629825887,1
17085,-0.1635447652585842,,-1.4325088598251647,1
17086,-0.631345369566223,,-1.6230640898244428,1
17087,1.2430482437419208,,-1.813619319823721,1
17088,0.053162376769277014,,-2.0041745498229986,1
17089,0.4987660752905771,,-2.1947297798222767,1
17090,-0.1764640805648279,,-2.3852850098215543,1
17091,-2.5758402398208324,-2.5758402398208324,-2.5758402398208324,0
17092,1.6698596309333562,,-2.350080131002254,1
17093,1.7806606904552391,,-2.1243200221836753,1
17094,0.6590912121827294,,-1.898559913365097,1
17095,-0.06464703255183507,,-1.6727998045465184,1
17096,-1.1143658635925475,,-1.44703969572794,1
17097,-0.5178459866880382,,-1.2212795869093616,1
17098,0.8504112444737898,,-0.995519478090783,1
17099,0.8527047885370097,,-0.7697593692722045,1
17100,-0.3494253410434711,,-0.5439992604536261,1
17101,0.4760359695652309,,-0.31823915163504735,1
17102,-0.09247904281646897,-0.09247904281646897,-0.09247904281646897,0
17103,0.5350005680677455,,-0.1494623481742742,1
17104,0.29857056201706395,,-0.20644565353207944,1
17105,-0.6754002959233122,,-0.26342895888988466,1
17106,0.16338096159603824,,-0.32041226424768987,1
17107,-0.2962596345515242,,-0.3773955696054951,1
17108,1.3907403299334529,,-0.43437887496330035,1
17109,-1.3188710906800336,,-0.49136218032110557,1
17110,1.2074123228629232,,-0.5483454856789108,1
17111,0.3036948777094772,,-0.6053287910367161,1
17112,-0.059169992649094436,,-0.6623120963945213,1
17113,-0.7192954017523265,-0.7192954017523265,-0.7192954017523265,0
17114,0.9516094750406054,0.9516094750406054,0.9516094750406054,0
17115,-1.0549659787339158,-1.0549659787339158,-1.0549659787339158,0
17116,0.16557667459807185,0.16557667459807185,0.16557667459807185,0
17117,1.7751424579079975,1.7751424579079975,1.7751424579079975,0
17118,2.335864468353096,2.335864468353096,2.335864468353096,0
17119,-0.9505137680401249,-0.9505137680401249,-0.9505137680401249,0
17120,-0.5032349331244348,,-0.8121809499645037,1
17121,-0.44711694053957224,,-0.6738481318888825,1
17122,-1.1237045659683407,,-0.5355153138132613,1
17123,0.04345838644080324,,-0.3971824957376402,1
17124,-0.6983347254205249,,-0.25884967766201905,1
17125,-1.1599362816653371,,-0.1205168595863978,1
17126,-0.4873053735031647,,0.01781595848922335,1
17127,0.27577910189464444,,0.1561487765648445,1
17128,0.7046676694261903,,0.29448159464046564,1
17129,-0.405204693693294,,0.4328144127160868,1
17130,0.571147230791708,0.571147230791708,0.571147230791708,0
17131,-1.2172111602558537,-1.2172111602558537,-1.2172111602558537,0
17132,0.7888975610526909,0.7888975610526909,0.7888975610526909,0
17133,-0.6365712012346871,-0.6365712012346871,-0.6365712012346871,0
17134,-1.500055905879263,-1.500055905879263,-1.500055905879263,0
17135,0.9160163067254814,0.9160163067254814,0.9160163067254814,0
17136,1.2836312062526691,1.2836312062526691,1.2836312062526691,0
17137,1.6711686045595235,1.6711686045595235,1.6711686045595235,0
17138,1.1408969581329882,1.1408969581329882,1.1408969581329882,0
17139,0.5008452681970809,0.5008452681970809,0.5008452681970809,0
17140,0.14540116520419333,0.14540116520419333,0.14540116520419333,0
17141,-1.1565654871180846,-1.1565654871180846,-1.1565654871180846,0
17142,1.607209810808575,1.607209810808575,1.607209810808575,0
17143,-0.5716813869077236,,1.4042383057705787,1
17144,-0.6534473481093224,,1.2012668007325824,1
17145,0.0014552329012392175,,0.9982952956945863,1
17146,2.2732900130980296,,0.79532379065659,1
17147,2.2603136421239225,,0.5923522856185937,1
17148,0.8145322138243976,,0.38938078058059755,1
17149,-0.25523504329844027,,0.18640927554260123,1
17150,2.5497745346462373,,-0.016562229495395098,1
17151,-0.29551884010487517,,-0.21953373453339142,1
17152,-0.5753150791522011,,-0.42250523957138775,1
17153,-0.6254767446093839,-0.6254767446093839,-0.6254767446093839,0
17154,-0.3894445357555894,-0.3894445357555894,-0.3894445357555894,0
17155,0.6651961244230548,0.6651961244230548,0.6651961244230548,0
17156,-1.8767265295940845,-1.8767265295940845,-1.8767265295940845,0
17157,1.595052637475986,1.595052637475986,1.595052637475986,0
17158,-2.536451943840967,-2.536451943840967,-2.536451943840967,0
17159,-1.4028945176822072,-1.4028945176822072,-1.4028945176822072,0
17160,0.16609467725423666,,-1.2939878939001204,1
17161,0.3429141419218175,,-1.1850812701180335,1
17162,0.9170600601727014,,-1.0761746463359467,1
17163,-0.421906384937525,,-0.9672680225538599,1
17164,-1.1354139693136347,,-0.8583613987717731,1
17165,0.6394843391532831,,-0.7494547749896863,1
17166,-0.81240550000575,,-0.6405481512075994,1
17167,2.8977233928340573,,-0.5316415274255126,1
17168,0.4359406050856185,,-0.4227349036434258,1
17169,-0.8946807280564268,,-0.313828279861339,1
17170,-0.20492165607925217,-0.20492165607925217,-0.20492165607925217,0
17171,0.41017382820742804,0.41017382820742804,0.41017382820742804,0
17172,1.3756000476118926,1.3756000476118926,1.3756000476118926,0
17173,0.16352933498399272,0.16352933498399272,0.16352933498399272,0
17174,0.23770465382819214,,0.2992566089862693,1
17175,-0.03816868049676947,,0.43498388298854596,1
17176,0.011957011354272793,,0.5707111569908225,1
17177,1.4717793281204212,,0.7064384309930991,1
17178,0.9744110655788051,,0.8421657049953757,1
17179,1.4018781198590262,,0.9778929789976524,1
17180,0.27922584230068076,,1.113620252999929,1
17181,0.7913628771481079,,1.2493475270022056,1
17182,-0.20221088626425499,,1.3850748010044822,1
17183,0.48654074728032953,,1.5208020750067588,1
17184,1.6565293490090354,1.6565293490090354,1.6565293490090354,0
17185,-0.47710460966804336,-0.47710460966804336,-0.47710460966804336,0
17186,-1.1436820357336963,-1.1436820357336963,-1.1436820357336963,0
17187,1.3129890867833092,1.3129890867833092,1.3129890867833092,0
17188,2.8443713817463214,2.8443713817463214,2.8443713817463214,0
17189,-0.6328543366227292,-0.6328543366227292,-0.6328543366227292,0
17190,-0.13111553793052313,-0.13111553793052313,-0.13111553793052313,0
17191,-1.6980268279227266,-1.6980268279227266,-1.6980268279227266,0
17192,-2.409486718358005,-2.409486718358005,-2.409486718358005,0
17193,-0.0023656209314505293,-0.0023656209314505293,-0.0023656209314505293,0
17194,-0.7913327752663893,-0.7913327752663893,-0.7913327752663893,0
17195,1.768591247796262,1.768591247796262,1.768591247796262,0
17196,0.0031371767358121163,0.0031371767358121163,0.0031371767358121163,0
17197,-0.6683497036589637,-0.6683497036589637,-0.6683497036589637,0
17198,0.01802724117975512,0.01802724117975512,0.01802724117975512,0
17199,0.5778617850628383,0.5778617850628383,0.5778617850628383,0
17200,-0.40392583732483117,-0.40392583732483117,-0.40392583732483117,0
17201,0.7815769656994772,0.7815769656994772,0.7815769656994772,0
17202,0.19027644720499912,0.19027644720499912,0.19027644720499912,0
17203,-0.5454466247537633,-0.5454466247537633,-0.5454466247537633,0
17204,0.6619984532147862,0.6619984532147862,0.6619984532147862,0
17205,0.027857258397448435,0.027857258397448435,0.027857258397448435,0
17206,1.6731766669982693,1.6731766669982693,1.6731766669982693,0
17207,0.3193664858467362,0.3193664858467362,0.3193664858467362,0
17208,-1.2107824516384216,-1.2107824516384216,-1.2107824516384216,0
17209,-2.4360522468759527,-2.4360522468759527,-2.4360522468759527,0
17210,-1.4206201213491259,-1.4206201213491259,-1.4206201213491259,0
17211,0.1978447778924008,0.1978447778924008,0.1978447778924008,0
17212,1.4154517749966622,1.4154517749966622,1.4154517749966622,0
17213,0.65378435380248,0.65378435380248,0.65378435380248,0
17214,-1.1870230075333443,-1.1870230075333443,-1.1870230075333443,0
17215,-0.8587885376061507,-0.8587885376061507,-0.8587885376061507,0
17216,0.6178327779394022,0.6178327779394022,0.6178327779394022,0
17217,1.6222633214197952,1.6222633214197952,1.6222633214197952,0
17218,0.46739432514575324,0.46739432514575324,0.46739432514575324,0
17219,1.2236263002346415,1.2236263002346415,1.2236263002346415,0
17220,-0.5651710017292884,,0.9989845029319754,1
17221,-0.3891213445283205,,0.7743427056293093,1
17222,1.1857012670584641,,0.5497009083266431,1
17223,-0.5265432700251625,,0.325059111023977,1
17224,-0.15423323055658827,,0.10041731372131091,1
17225,1.3087056868322837,,-0.1242244835813553,1
17226,0.30447938449546913,,-0.3488662808840213,1
17227,0.10101355256158293,,-0.5735080781866875,1
17228,0.594961046593241,,-0.7981498754893535,1
17229,-1.2306064540925428,,-1.0227916727920197,1
17230,-1.2474334700946859,-1.2474334700946859,-1.2474334700946859,0
17231,-0.7195993743603801,,-1.1164702046461812,1
17232,-0.870276737799078,,-0.9855069391976765,1
17233,0.6764111023446533,,-0.854543673749172,1
17234,-0.15162408050127818,,-0.7235804083006673,1
17235,2.0206217180922392,,-0.5926171428521626,1
17236,0.4212064271426843,,-0.46165387740365804,1
17237,0.4753945489669996,,-0.33069061195515337,1
17238,-0.26868870111820564,,-0.1997273465066487,1
17239,-0.7172127561353477,,-0.06876408105814402,1
17240,-0.5890808735751194,,0.06219918439036065,1
17241,0.19316244983886519,0.19316244983886519,0.19316244983886519,0
17242,0.6668714698566813,0.6668714698566813,0.6668714698566813,0
17243,-0.7238151757146468,-0.7238151757146468,-0.7238151757146468,0
17244,0.4652494042067189,0.4652494042067189,0.4652494042067189,0
17245,0.8521679526888583,0.8521679526888583,0.8521679526888583,0
17246,0.46802680295978294,0.46802680295978294,0.46802680295978294,0
17247,1.2430198711013758,1.2430198711013758,1.2430198711013758,0
17248,0.6042207706583728,0.6042207706583728,0.6042207706583728,0
17249,-0.8730854404417753,-0.8730854404417753,-0.8730854404417753,0
17250,-0.45857208978574227,-0.45857208978574227,-0.45857208978574227,0
17251,-0.9423251165707466,-0.9423251165707466,-0.9423251165707466,0
17252,1.311031229121177,1.311031229121177,1.311031229121177,0
17253,0.4949656052829715,0.4949656052829715,0.4949656052829715,0
17254,-0.9417055749663211,-0.9417055749663211,-0.9417055749663211,0
17255,0.4916983431054049,0.4916983431054049,0.4916983431054049,0
17256,-1.2428376201319564,-1.2428376201319564,-1.2428376201319564,0
17257,-0.6016039367169396,-0.6016039367169396,-0.6016039367169396,0
17258,0.4656262429649248,0.4656262429649248,0.4656262429649248,0
17259,-1.5179041618662936,-1.5179041618662936,-1.5179041618662936,0
17260,1.2800781646211663,1.2800781646211663,1.2800781646211663,0
17261,0.04308791172796584,0.04308791172796584,0.04308791172796584,0
17262,0.9729386900227954,0.9729386900227954,0.9729386900227954,0
17263,-2.1140987015902444,-2.1140987015902444,-2.1140987015902444,0
17264,1.6603414260935232,1.6603414260935232,1.6603414260935232,0
17265,2.937400203981641,2.937400203981641,2.937400203981641,0
17266,1.612159514092443,1.612159514092443,1.612159514092443,0
17267,0.6860131666983784,0.6860131666983784,0.6860131666983784,0
17268,-0.515035248115553,-0.515035248115553,-0.515035248115553,0
17269,0.05710484965740958,0.05710484965740958,0.05710484965740958,0
17270,0.4944678657817864,,0.09693234330655956,1
17271,0.3981202828458526,,0.13675983695570954,1
17272,0.5867335881466241,,0.1765873306048595,1
17273,-1.2165383392790594,,0.21641482425400949,1
17274,1.935867977177598,,0.25624231790315943,1
17275,1.2943724368566771,,0.29606981155230944,1
17276,-0.753392140202691,,0.33589730520145944,1
17277,0.7719542514161043,,0.3757247988506094,1
17278,1.5216882873195152,,0.41555229249975933,1
17279,-0.10872754725746007,,0.45537978614890934,1
17280,0.4952072797980593,0.4952072797980593,0.4952072797980593,0
17281,0.8228989136476722,0.8228989136476722,0.8228989136476722,0
17282,-0.9210953601831161,,0.8311619609859187,1
17283,-1.1789495592266768,,0.8394250083241651,1
17284,0.050034007259796565,,0.8476880556624117,1
17285,-0.5542634460164011,,0.8559511030006581,1
17286,1.0009081243944455,,0.8642141503389046,1
17287,0.48611612289480377,,0.872477197677151,1
17288,-1.3552289662003245,,0.8807402450153975,1
17289,-0.3919075469309435,,0.889003292353644,1
17290,-1.901826355503014,,0.8972663396918905,1
17291,1.1106927650039262,,0.905529387030137,1
17292,0.9137924343683834,0.9137924343683834,0.9137924343683834,0
17293,-0.9411698824465013,-0.9411698824465013,-0.9411698824465013,0
17294,1.0468621046475408,,-0.9559054823519751,1
17295,1.228511651801068,,-0.970641082257449,1
17296,1.7097773424019762,,-0.9853766821629228,1
17297,1.296371533109499,,-1.0001122820683968,1
17298,1.3243011866107408,,-1.0148478819738704,1
17299,0.3866246549884018,,-1.0295834818793443,1
17300,0.5509647665192164,,-1.044319081784818,1
17301,-0.5573944343769563,,-1.059054681690292,1
17302,-0.34158923713821576,,-1.0737902815957658,1
17303,1.1796932408210838,,-1.0885258815012395,1
17304,-1.1032614814067134,-1.1032614814067134,-1.1032614814067134,0
17305,-0.23973196595979923,-0.23973196595979923,-0.23973196595979923,0
17306,1.2951982135818283,1.2951982135818283,1.2951982135818283,0
17307,0.12759829265954284,0.12759829265954284,0.12759829265954284,0
17308,-0.023296675329372546,,0.233263639199007,1
17309,0.32491896529336284,,0.33892898573847113,1
17310,0.32313708634203486,,0.4445943322779353,1
17311,-0.6514429861235972,,0.5502596788173995,1
17312,-0.64213121705968,,0.6559250253568636,1
17313,0.9245235095664163,,0.7615903718963277,1
17314,0.3264117805545975,,0.8672557184357919,1
17315,-0.9486569023202844,,0.972921064975256,1
17316,-1.229593195193924,,1.0785864115147201,1
17317,1.0305575853633828,,1.1842517580541845,1
17318,1.2899171045936486,1.2899171045936486,1.2899171045936486,0
17319,-0.09965857542839397,-0.09965857542839397,-0.09965857542839397,0
17320,0.025110217307507437,0.025110217307507437,0.025110217307507437,0
17321,-0.9943603896583955,-0.9943603896583955,-0.9943603896583955,0
17322,1.6530408763568012,1.6530408763568012,1.6530408763568012,0
17323,0.5114873306111206,0.5114873306111206,0.5114873306111206,0
17324,-0.3409238129491814,-0.3409238129491814,-0.3409238129491814,0
17325,0.9253382283709202,,-0.11482658121782022,1
17326,0.6886272688491364,,0.11127065051354096,1
17327,-0.18937534947038934,,0.3373678822449021,1
17328,1.3378283892175105,,0.5634651139762633,1
17329,1.030271154981121,,0.7895623457076244,1
17330,-1.9912351907861048,,1.0156595774389856,1
17331,2.3870114766197053,,1.2417568091703468,1
17332,0.3079533722878904,,1.467854040901708,1
17333,1.051095484970948,,1.6939512726330692,1
17334,-0.5322032333004921,,1.9200485043644302,1
17335,2.1461457360957916,2.1461457360957916,2.1461457360957916,0
17336,-1.0890592799131071,-1.0890592799131071,-1.0890592799131071,0
17337,0.3719612703287355,0.3719612703287355,0.3719612703287355,0
17338,0.08699185534887495,0.08699185534887495,0.08699185534887495,0
17339,-0.5236543342095504,-0.5236543342095504,-0.5236543342095504,0
17340,-1.7205017362181614,-1.7205017362181614,-1.7205017362181614,0
17341,0.19342656329349095,0.19342656329349095,0.19342656329349095,0
17342,0.36334029665830425,0.36334029665830425,0.36334029665830425,0
17343,-1.1850528376079494,-1.1850528376079494,-1.1850528376079494,0
17344,0.4036781389696838,0.4036781389696838,0.4036781389696838,0
17345,0.3382301322707565,0.3382301322707565,0.3382301322707565,0
17346,-0.7310399095098672,-0.7310399095098672,-0.7310399095098672,0
17347,0.6079005232663631,0.6079005232663631,0.6079005232663631,0
17348,0.6541444300249702,0.6541444300249702,0.6541444300249702,0
17349,0.2966747651289331,0.2966747651289331,0.2966747651289331,0
17350,0.18864910120155948,,0.23641387741832925,1
17351,0.28946449798956164,,0.17615298970772542,1
17352,0.6392784247375336,,0.11589210199712155,1
17353,0.2989009655697623,,0.05563121428651771,1
17354,2.4394206786840593,,-0.004629673424086156,1
17355,1.8375713528070057,,-0.06489056113469,1
17356,0.33748389275065993,,-0.12515144884529383,1
17357,0.31468431658818996,,-0.18541233655589767,1
17358,1.0847982176323716,,-0.2456732242665015,1
17359,-0.08742275956301225,,-0.3059341119771054,1
17360,-0.3661949996877092,-0.3661949996877092,-0.3661949996877092,0
17361,1.1185040184928448,1.1185040184928448,1.1185040184928448,0
17362,-2.319650354961059,-2.319650354961059,-2.319650354961059,0
17363,0.2602670898453578,0.2602670898453578,0.2602670898453578,0
17364,1.7711586299910953,1.7711586299910953,1.7711586299910953,0
17365,0.29510887196924723,0.29510887196924723,0.29510887196924723,0
17366,0.7881768807335972,0.7881768807335972,0.7881768807335972,0
17367,1.3105186404274631,1.3105186404274631,1.3105186404274631,0
17368,0.3448361266323149,0.3448361266323149,0.3448361266323149,0
17369,-1.9462190418559857,-1.9462190418559857,-1.9462190418559857,0
17370,-0.769457548490712,-0.769457548490712,-0.769457548490712,0
17371,0.2262432243090773,0.2262432243090773,0.2262432243090773,0
17372,-2.387199345072366,-2.387199345072366,-2.387199345072366,0
17373,0.7656611778618676,0.7656611778618676,0.7656611778618676,0
17374,0.31339876086794977,0.31339876086794977,0.31339876086794977,0
17375,-0.230945130984435,-0.230945130984435,-0.230945130984435,0
17376,-0.24621558252970063,-0.24621558252970063,-0.24621558252970063,0
17377,-1.5780469744061738,-1.5780469744061738,-1.5780469744061738,0
17378,-0.2588504570981913,,-1.4055315118631815,1
17379,-0.06032702956170529,,-1.2330160493201892,1
17380,-1.226660556708943,,-1.0605005867771968,1
17381,-2.3339127719576993,,-0.8879851242342044,1
17382,-1.2628103777439776,,-0.7154696616912121,1
17383,2.3331693605345203,,-0.5429541991482196,1
17384,-2.3511488023212537,,-0.3704387366052273,1
17385,0.9955114484931955,,-0.19792327406223498,1
17386,1.0651932738679029,,-0.02540781151924265,1
17387,0.8239842292169358,,0.14710765102374967,1
17388,0.3196231135667419,0.3196231135667419,0.3196231135667419,0
17389,-1.2355093640661303,-1.2355093640661303,-1.2355093640661303,0
17390,2.681107028011468,2.681107028011468,2.681107028011468,0
17391,-0.08736378810553666,-0.08736378810553666,-0.08736378810553666,0
17392,-1.5710025920314539,-1.5710025920314539,-1.5710025920314539,0
17393,0.5429004762692908,0.5429004762692908,0.5429004762692908,0
17394,1.0932070331838837,1.0932070331838837,1.0932070331838837,0
17395,1.698809449664638,1.698809449664638,1.698809449664638,0
17396,-1.5570614478949836,,1.5381298013147187,1
17397,-1.4663731043397978,,1.3774501529647996,1
17398,0.3087940568315326,,1.2167705046148802,1
17399,1.2155894970545358,,1.056090856264961,1
17400,2.4128170218561587,,0.8954112079150418,1
17401,-1.025044190298647,,0.7347315595651225,1
17402,0.43149644545287213,,0.5740519112152034,1
17403,1.492426615197275,,0.41337226286528406,1
17404,-0.17454164157411872,,0.25269261451536473,1
17405,-0.630417488270949,,0.09201296616544563,1
17406,-0.0686666821844736,-0.0686666821844736,-0.0686666821844736,0
17407,-0.840549460397025,-0.840549460397025,-0.840549460397025,0
17408,0.5234976846557963,0.5234976846557963,0.5234976846557963,0
17409,0.054718456683702385,0.054718456683702385,0.054718456683702385,0
17410,0.78636802319105,,0.04314123017782073,1
17411,0.8384832218658722,,0.03156400367193908,1
17412,0.7157052372221159,,0.019986777166057436,1
17413,-0.2370491330659869,,0.008409550660175784,1
17414,-0.1501931567878058,,-0.003167675845705868,1
17415,0.8062472280740631,,-0.014744902351587513,1
17416,1.6483648626530356,,-0.026322128857469165,1
17417,-0.5391892530636082,,-0.03789935536335082,1
17418,0.65027864548959,,-0.04947658186923247,1
17419,1.1138826719733366,,-0.06105380837511412,1
17420,-0.07263103488099577,-0.07263103488099577,-0.07263103488099577,0
17421,3.5241931252922964,3.5241931252922964,3.5241931252922964,0
17422,-0.6440785815011284,-0.6440785815011284,-0.6440785815011284,0
17423,0.7338015181799532,,-0.571817917266605,1
17424,0.38542353043707894,,-0.49955725303208176,1
17425,-1.1323534028734552,,-0.4272965887975584,1
17426,1.6568669682105301,,-0.35503592456303507,1
17427,0.9495409254841247,,-0.28277526032851175,1
17428,-1.5729241400204799,,-0.21051459609398837,1
17429,-0.17288651746408093,,-0.1382539318594651,1
17430,-0.10412587211234149,,-0.06599326762494173,1
17431,-1.1327409989624495,,0.006267396609581644,1
17432,0.2648644683481386,,0.07852806084410491,1
17433,0.15078872507862826,0.15078872507862826,0.15078872507862826,0
17434,-0.10969366807754542,-0.10969366807754542,-0.10969366807754542,0
17435,0.4738027280004019,0.4738027280004019,0.4738027280004019,0
17436,-0.1215061611963911,-0.1215061611963911,-0.1215061611963911,0
17437,-2.158954185544486,-2.158954185544486,-2.158954185544486,0
17438,1.0155063976139607,1.0155063976139607,1.0155063976139607,0
17439,1.2186093327933483,1.2186093327933483,1.2186093327933483,0
17440,-0.5611640641371664,,1.0513810380007207,1
17441,-0.8065541213343771,,0.8841527432080929,1
17442,-0.6421971555895992,,0.7169244484154653,1
17443,-0.4430163656603729,,0.5496961536228376,1
17444,-0.3183907272188022,,0.38246785883020995,1
17445,0.4268717775123272,,0.21523956403758238,1
17446,-1.0882011082314793,,0.04801126924495458,1
17447,0.08026365846928014,,-0.119217025547673,1
17448,-0.8692153989132942,,-0.28644532034030057,1
17449,1.1011147729104562,,-0.45367361513292837,1
17450,-0.6209019099255559,-0.6209019099255559,-0.6209019099255559,0
17451,0.07245441137616757,0.07245441137616757,0.07245441137616757,0
17452,-0.6354331935533548,-0.6354331935533548,-0.6354331935533548,0
17453,-0.6388803133535017,-0.6388803133535017,-0.6388803133535017,0
17454,-1.675905952240888,-1.675905952240888,-1.675905952240888,0
17455,0.7182053780073824,0.7182053780073824,0.7182053780073824,0
17456,-0.00265773400323281,,0.6679913995096043,1
17457,0.297253305126257,,0.6177774210118261,1
17458,1.1791284858133046,,0.567563442514048,1
17459,0.09293746992352737,,0.5173494640162698,1
17460,-0.6226836245731163,,0.4671354855184917,1
17461,0.14256201647370373,,0.41692150702071357,1
17462,0.590272930941878,,0.3667075285229354,1
17463,0.21869318684656633,,0.3164935500251573,1
17464,1.3616035890424953,,0.26627957152737913,1
17465,-0.15631474580904886,,0.21606559302960104,1
17466,0.16585161453182284,0.16585161453182284,0.16585161453182284,0
17467,-0.06188927866699196,-0.06188927866699196,-0.06188927866699196,0
17468,0.9020970525703367,0.9020970525703367,0.9020970525703367,0
17469,1.0724821492785481,1.0724821492785481,1.0724821492785481,0
17470,-0.41540556361625136,-0.41540556361625136,-0.41540556361625136,0
17471,0.41428424815219106,0.41428424815219106,0.41428424815219106,0
17472,-1.2906258104123793,-1.2906258104123793,-1.2906258104123793,0
17473,0.9447099655149412,,-1.1321936899062524,1
17474,1.0535893401679381,,-0.9737615694001254,1
17475,0.4972086826224014,,-0.8153294488939983,1
17476,-0.4313412069096221,,-0.6568973283878713,1
17477,0.3827136746585482,,-0.4984652078817443,1
17478,-0.95862310169904,,-0.3400330873756172,1
17479,-0.7141925727453926,,-0.18160096686949023,1
17480,1.5660308661677798,,-0.02316884636336325,1
17481,-0.9510366729041979,,0.13526327414276373,1
17482,1.1653057136218623,,0.2936953946488907,1
17483,0.45212751515501776,0.45212751515501776,0.45212751515501776,0
17484,-1.0318846274403688,-1.0318846274403688,-1.0318846274403688,0
17485,-0.6899182194156864,-0.6899182194156864,-0.6899182194156864,0
17486,-0.2849063404100323,-0.2849063404100323,-0.2849063404100323,0
17487,-1.172985258484039,-1.172985258484039,-1.172985258484039,0
17488,1.1172490650645288,1.1172490650645288,1.1172490650645288,0
17489,0.6229355868943736,0.6229355868943736,0.6229355868943736,0
17490,-0.952786254703143,-0.952786254703143,-0.952786254703143,0
17491,1.5407826033889902,1.5407826033889902,1.5407826033889902,0
17492,-0.48664545394774994,-0.48664545394774994,-0.48664545394774994,0
17493,0.7377326191125112,,-0.48493008930189974,1
17494,0.6526614313979514,,-0.4832147246560495,1
17495,1.5931237616586778,,-0.4814993600101993,1
17496,0.01833650067284879,,-0.47978399536434907,1
17497,0.402577848434224,,-0.4780686307184988,1
17498,0.8077853243274736,,-0.4763532660726486,1
17499,-0.8740243391559369,,-0.47463790142679835,1
17500,2.0113065884171544,,-0.47292253678094814,1
17501,-0.41873854913367287,,-0.47120717213509794,1
17502,0.06542991561676467,,-0.4694918074892477,1
17503,-0.4677764428433975,-0.4677764428433975,-0.4677764428433975,0
17504,-0.33577590405188573,-0.33577590405188573,-0.33577590405188573,0
17505,-0.16263277547647506,-0.16263277547647506,-0.16263277547647506,0
17506,1.4851272880203192,1.4851272880203192,1.4851272880203192,0
17507,-0.7741852398550486,,1.3264913020589866,1
17508,-0.6864080454879515,,1.167855316097654,1
17509,-0.5215789705798524,,1.0092193301363213,1
17510,-0.14594706634146615,,0.8505833441749885,1
17511,2.038896583793679,,0.6919473582136558,1
17512,-1.4395125433908869,,0.5333113722523231,1
17513,0.09897753425896341,,0.3746753862909904,1
17514,0.7368915052072337,,0.21603940032965774,1
17515,1.016125367299566,,0.05740341436832508,1
17516,-0.5506774997684242,,-0.10123257159300758,1
17517,-0.2598685575543405,-0.2598685575543405,-0.2598685575543405,0
17518,0.4930028316635271,0.4930028316635271,0.4930028316635271,0
17519,-0.17420539600160154,-0.17420539600160154,-0.17420539600160154,0
17520,0.911584665060068,0.911584665060068,0.911584665060068,0
17521,0.14104192327224455,0.14104192327224455,0.14104192327224455,0
17522,0.18526442814325844,0.18526442814325844,0.18526442814325844,0
17523,-0.1004301696998193,,0.15208450245210425,1
17524,0.20636426826710969,,0.11890457676095009,1
17525,-0.33270675305872527,,0.08572465106979592,1
17526,0.6353503323664657,,0.05254472537864174,1
17527,-0.07401377071489264,,0.019364799687487555,1
17528,0.4267338423736126,,-0.013815126003666606,1
17529,-0.48444709760838617,,-0.046995051694820766,1
17530,-2.126920881102677,,-0.08017497738597495,1
17531,-1.1204866604904267,,-0.11335490307712914,1
17532,-1.973697865262396,,-0.14653482876828333,1
17533,-0.17971475445943746,-0.17971475445943746,-0.17971475445943746,0
17534,1.3817048431297814,1.3817048431297814,1.3817048431297814,0
17535,-0.10450546828517009,-0.10450546828517009,-0.10450546828517009,0
17536,0.9931251116969685,0.9931251116969685,0.9931251116969685,0
17537,0.6234825711667558,0.6234825711667558,0.6234825711667558,0
17538,-0.333221645518449,,0.5131532111442979,1
17539,-0.6232010777804735,,0.40282385112184,1
17540,-0.11047167851080927,,0.2924944910993821,1
17541,0.4757999163828778,,0.18216513107692422,1
17542,-0.16954546152793915,,0.07183577105446637,1
17543,0.10816515891998463,,-0.0384935889679916,1
17544,2.331126010395732,,-0.14882294899044946,1
17545,0.42222532938640356,,-0.2591523090129073,1
17546,0.8737130166862229,,-0.36948166903536517,1
17547,-1.9320133921224056,,-0.479811029057823,1
17548,-0.590140389080281,-0.590140389080281,-0.590140389080281,0
17549,1.6069261918066464,1.6069261918066464,1.6069261918066464,0
17550,0.7432226429748784,0.7432226429748784,0.7432226429748784,0
17551,1.2255636585044691,1.2255636585044691,1.2255636585044691,0
17552,-0.04723304315764496,-0.04723304315764496,-0.04723304315764496,0
17553,0.7886388293071959,0.7886388293071959,0.7886388293071959,0
17554,1.0784033201674152,1.0784033201674152,1.0784033201674152,0
17555,0.7386012735224833,0.7386012735224833,0.7386012735224833,0
17556,-0.2858474402324316,-0.2858474402324316,-0.2858474402324316,0
17557,-0.5545429900992691,-0.5545429900992691,-0.5545429900992691,0
17558,0.20181593602934234,0.20181593602934234,0.20181593602934234,0
17559,-0.03440132897057267,-0.03440132897057267,-0.03440132897057267,0
17560,-1.4002612227461138,-1.4002612227461138,-1.4002612227461138,0
17561,1.0251589646547705,1.0251589646547705,1.0251589646547705,0
17562,0.4803267735634746,0.4803267735634746,0.4803267735634746,0
17563,-1.192933842004622,-1.192933842004622,-1.192933842004622,0
17564,-0.19819021250773852,-0.19819021250773852,-0.19819021250773852,0
17565,-0.10347926167875313,-0.10347926167875313,-0.10347926167875313,0
17566,0.7071018546184382,0.7071018546184382,0.7071018546184382,0
17567,0.8906641058802109,0.8906641058802109,0.8906641058802109,0
17568,-0.19814272470597016,-0.19814272470597016,-0.19814272470597016,0
17569,-1.7969496874209985,-1.7969496874209985,-1.7969496874209985,0
17570,-0.05874062173408569,-0.05874062173408569,-0.05874062173408569,0
17571,-0.03313988517832929,-0.03313988517832929,-0.03313988517832929,0
17572,0.7734641565976678,0.7734641565976678,0.7734641565976678,0
17573,-0.25353420812128785,-0.25353420812128785,-0.25353420812128785,0
17574,1.9132613902258484,1.9132613902258484,1.9132613902258484,0
17575,-0.22205150076765212,-0.22205150076765212,-0.22205150076765212,0
17576,2.434548807475508,2.434548807475508,2.434548807475508,0
17577,0.5058293425605134,0.5058293425605134,0.5058293425605134,0
17578,-0.01628889091212787,-0.01628889091212787,-0.01628889091212787,0
17579,1.0259777823860194,1.0259777823860194,1.0259777823860194,0
17580,-0.06815197392261224,-0.06815197392261224,-0.06815197392261224,0
17581,0.4021647373030132,0.4021647373030132,0.4021647373030132,0
17582,-1.4950683250436163,-1.4950683250436163,-1.4950683250436163,0
17583,0.21704254231238806,0.21704254231238806,0.21704254231238806,0
17584,0.7161359554288033,0.7161359554288033,0.7161359554288033,0
17585,0.9813087662819716,0.9813087662819716,0.9813087662819716,0
17586,-1.6333939342968815,-1.6333939342968815,-1.6333939342968815,0
17587,-1.4134862547775904,-1.4134862547775904,-1.4134862547775904,0
17588,0.3451379036477668,0.3451379036477668,0.3451379036477668,0
17589,-2.353297687333655,-2.353297687333655,-2.353297687333655,0
17590,0.2186449974374555,0.2186449974374555,0.2186449974374555,0
17591,-0.24749819654921149,-0.24749819654921149,-0.24749819654921149,0
17592,0.636333802974264,0.636333802974264,0.636333802974264,0
17593,-0.5429559930815601,,0.5298878736508057,1
17594,-0.6246441843892069,,0.4234419443273473,1
17595,0.06944406380824315,,0.3169960150038889,1
17596,0.9514914514958644,,0.21055008568043054,1
17597,0.97753443552995,,0.10410415635697223,1
17598,0.2791882303782524,,-0.0023417729664861886,1
17599,0.18601247578515093,,-0.10878770228994461,1
17600,0.501284844606285,,-0.21523363161340292,1
17601,-1.9193540504389002,,-0.32167956093686123,1
17602,0.5614941823913475,,-0.42812549026031954,1
17603,-0.5345714195837781,-0.5345714195837781,-0.5345714195837781,0
17604,0.7579445578828186,0.7579445578828186,0.7579445578828186,0
17605,0.7652247967062958,0.7652247967062958,0.7652247967062958,0
17606,1.159998079428515,1.159998079428515,1.159998079428515,0
17607,-0.45370305129543825,-0.45370305129543825,-0.45370305129543825,0
17608,-1.8166010966161275,-1.8166010966161275,-1.8166010966161275,0
17609,3.084300778000494,3.084300778000494,3.084300778000494,0
17610,1.7707930077756573,1.7707930077756573,1.7707930077756573,0
17611,0.028673131491907727,0.028673131491907727,0.028673131491907727,0
17612,-2.8026561507479113,-2.8026561507479113,-2.8026561507479113,0
17613,0.7155481575685001,0.7155481575685001,0.7155481575685001,0
17614,-1.479260307008137,-1.479260307008137,-1.479260307008137,0
17615,-0.8233363661783601,-0.8233363661783601,-0.8233363661783601,0
17616,0.02456714008655129,0.02456714008655129,0.02456714008655129,0
17617,1.0971065550841848,1.0971065550841848,1.0971065550841848,0
17618,-1.2071688645888254,-1.2071688645888254,-1.2071688645888254,0
17619,0.5813463414949046,0.5813463414949046,0.5813463414949046,0
17620,-1.3746188915753585,-1.3746188915753585,-1.3746188915753585,0
17621,-0.6263946741852382,-0.6263946741852382,-0.6263946741852382,0
17622,-0.4243581941480097,-0.4243581941480097,-0.4243581941480097,0
17623,-0.45833305105917704,-0.45833305105917704,-0.45833305105917704,0
17624,-0.9125905837615619,-0.9125905837615619,-0.9125905837615619,0
17625,-1.0452083447214449,-1.0452083447214449,-1.0452083447214449,0
17626,0.07597645585667455,,-1.0198680719466957,1
17627,0.31699836821703264,,-0.9945277991719467,1
17628,-0.5203825388540203,,-0.9691875263971975,1
17629,1.1861522892220908,,-0.9438472536224485,1
17630,0.967273578564241,,-0.9185069808476993,1
17631,-0.7798427188292794,,-0.8931667080729503,1
17632,0.3331665072052462,,-0.8678264352982011,1
17633,0.8548691530238418,,-0.8424861625234521,1
17634,0.24259103424445044,,-0.817145889748703,1
17635,0.11283005558526048,,-0.7918056169739538,1
17636,-1.0552597657598806,,-0.7664653441992048,1
17637,-1.1882127790997872,,-0.7411250714244557,1
17638,-0.10058398829737271,,-0.7157847986497066,1
17639,1.0669302970645227,,-0.6904445258749574,1
17640,0.14444876842405155,,-0.6651042531002084,1
17641,0.473513664445886,,-0.6397639803254593,1
17642,0.4364310313851101,,-0.6144237075507102,1
17643,-0.29555239211139817,,-0.589083434775961,1
17644,1.4485941941992995,,-0.563743162001212,1
17645,2.118744644871717,,-0.5384028892264628,1
17646,-0.5130626164517138,-0.5130626164517138,-0.5130626164517138,0
17647,1.0190299889636185,1.0190299889636185,1.0190299889636185,0
17648,0.12938705199846975,,0.9537893381488718,1
17649,-0.1430814215195285,,0.888548687334125,1
17650,-1.6411657583059513,,0.8233080365193782,1
17651,1.2852339855957253,,0.7580673857046314,1
17652,-0.032548107153186,,0.6928267348898847,1
17653,-0.6568601694806524,,0.6275860840751379,1
17654,0.15317494429532866,,0.5623454332603912,1
17655,-0.6638192773849968,,0.4971047824456444,1
17656,0.4151110044579522,,0.43186413163089765,1
17657,0.8539579080685459,,0.3666234808161508,1
17658,0.30138283000140403,0.30138283000140403,0.30138283000140403,0
17659,-0.031532262659621134,,0.2036421923761978,1
17660,0.2972055967180601,,0.10590155475099153,1
17661,0.3350770284767171,,0.00816091712578526,1
17662,0.3305204467446475,,-0.08957972049942098,1
17663,-0.18997245934536747,,-0.18732035812462722,1
17664,0.8421093775484141,,-0.2850609957498335,1
17665,-0.2697619221878882,,-0.38280163337503975,1
17666,0.32048083754437423,,-0.480542271000246,1
17667,-0.1677105341070099,,-0.5782829086254522,1
17668,0.502403489649619,,-0.6760235462506585,1
17669,-0.7737641838758647,-0.7737641838758647,-0.7737641838758647,0
17670,-0.2297456442591559,-0.2297456442591559,-0.2297456442591559,0
17671,0.43972960207144574,0.43972960207144574,0.43972960207144574,0
17672,0.2645860734698571,0.2645860734698571,0.2645860734698571,0
17673,1.1217962979436698,1.1217962979436698,1.1217962979436698,0
17674,-0.3098957341174631,,0.903306949967791,1
17675,-0.230595639274557,,0.6848176019919123,1
17676,0.09542353434898322,,0.4663282540160337,1
17677,-0.8848160138299097,,0.24783890604015502,1
17678,-0.9564897088388012,,0.029349558064276415,1
17679,-1.2592414791967292,,-0.1891397899116023,1
17680,-0.9226529163259978,,-0.407629137887481,1
17681,-1.4911233394307517,,-0.6261184858633597,1
17682,0.3474599860004056,,-0.8446078338392384,1
17683,-1.2275774804093142,,-1.063097181815117,1
17684,-1.2815865297909959,-1.2815865297909959,-1.2815865297909959,0
17685,0.38024592486629716,0.38024592486629716,0.38024592486629716,0
17686,0.16837672161520234,0.16837672161520234,0.16837672161520234,0
17687,1.5456807358889058,1.5456807358889058,1.5456807358889058,0
17688,-0.2827981748721895,-0.2827981748721895,-0.2827981748721895,0
17689,-1.0394903714590098,-1.0394903714590098,-1.0394903714590098,0
17690,1.690969047656076,1.690969047656076,1.690969047656076,0
17691,0.6548520399408996,0.6548520399408996,0.6548520399408996,0
17692,-0.26692989284379215,-0.26692989284379215,-0.26692989284379215,0
17693,1.5262411906393154,1.5262411906393154,1.5262411906393154,0
17694,0.7776835697365191,0.7776835697365191,0.7776835697365191,0
17695,-0.7173722284303594,-0.7173722284303594,-0.7173722284303594,0
17696,-1.8913458844773356,-1.8913458844773356,-1.8913458844773356,0
17697,0.48124933142942705,0.48124933142942705,0.48124933142942705,0
17698,0.0524756878583426,0.0524756878583426,0.0524756878583426,0
17699,0.2307373412703399,0.2307373412703399,0.2307373412703399,0
17700,-0.6817162016840554,-0.6817162016840554,-0.6817162016840554,0
17701,-0.5923281265081908,-0.5923281265081908,-0.5923281265081908,0
17702,0.28584326055804904,0.28584326055804904,0.28584326055804904,0
17703,-0.8909969543630787,,0.22445774052829942,1
17704,-0.858628851899121,,0.1630722204985498,1
17705,-0.6839792394761149,,0.10168670046880021,1
17706,-0.12442560999225814,,0.04030118043905059,1
17707,0.23962774650429142,,-0.021084339590698997,1
17708,0.4119524011673081,,-0.08246985962044862,1
17709,0.5964711709838862,,-0.14385537965019823,1
17710,1.130864972412901,,-0.20524089967994785,1
17711,0.9893387442508772,,-0.2666264197096974,1
17712,0.3600116572563304,,-0.32801193973944703,1
17713,-0.3893974597691967,-0.3893974597691967,-0.3893974597691967,0
17714,0.005160658794198817,0.005160658794198817,0.005160658794198817,0
17715,1.115500216286295,1.115500216286295,1.115500216286295,0
17716,0.49267351044544405,0.49267351044544405,0.49267351044544405,0
17717,1.45547329707857,1.45547329707857,1.45547329707857,0
17718,-0.7136807654370977,-0.7136807654370977,-0.7136807654370977,0
17719,0.5373280548455068,0.5373280548455068,0.5373280548455068,0
17720,-0.4183872389492806,-0.4183872389492806,-0.4183872389492806,0
17721,-1.3885091790660025,-1.3885091790660025,-1.3885091790660025,0
17722,0.47243824007342294,0.47243824007342294,0.47243824007342294,0
17723,-0.6762468004881466,-0.6762468004881466,-0.6762468004881466,0
17724,-0.6374524348559922,-0.6374524348559922,-0.6374524348559922,0
17725,0.4519979841550139,0.4519979841550139,0.4519979841550139,0
17726,0.26081440686748064,,0.5525820970901807,1
17727,0.5228178297103917,,0.6531662100253475,1
17728,-0.7019572795972673,,0.7537503229605143,1
17729,1.7641200819335838,,0.854334435895681,1
17730,-0.13575798106386733,,0.9549185488308477,1
17731,0.08080249588036473,,1.0555026617660146,1
17732,-0.9882264880986618,,1.1560867747011812,1
17733,-0.24827268153536158,,1.2566708876363482,1
17734,0.5220475367389377,,1.3572550005715147,1
17735,-0.09292406988031184,,1.4578391135066815,1
17736,1.5584232264418483,1.5584232264418483,1.5584232264418483,0
17737,1.6329385934322778,1.6329385934322778,1.6329385934322778,0
17738,-0.2022518217136578,-0.2022518217136578,-0.2022518217136578,0
17739,0.7768566000847783,0.7768566000847783,0.7768566000847783,0
17740,1.351804750524479,1.351804750524479,1.351804750524479,0
17741,-0.17242843067098682,-0.17242843067098682,-0.17242843067098682,0
17742,0.48462760806327987,0.48462760806327987,0.48462760806327987,0
17743,-0.41685649767437594,-0.41685649767437594,-0.41685649767437594,0
17744,0.16334983615121298,0.16334983615121298,0.16334983615121298,0
17745,0.4009411929848693,0.4009411929848693,0.4009411929848693,0
17746,-1.042081703607495,-1.042081703607495,-1.042081703607495,0
17747,1.4686965763056816,1.4686965763056816,1.4686965763056816,0
17748,-2.5651106933310324,-2.5651106933310324,-2.5651106933310324,0
17749,1.205641733179278,1.205641733179278,1.205641733179278,0
17750,-1.545817591763753,-1.545817591763753,-1.545817591763753,0
17751,0.7172416657898542,0.7172416657898542,0.7172416657898542,0
17752,-0.6124401115049557,-0.6124401115049557,-0.6124401115049557,0
17753,-0.2672183510253167,-0.2672183510253167,-0.2672183510253167,0
17754,0.043498125107510596,0.043498125107510596,0.043498125107510596,0
17755,0.7061737624952936,0.7061737624952936,0.7061737624952936,0
17756,2.25300065415768,2.25300065415768,2.25300065415768,0
17757,-0.013364369817187161,-0.013364369817187161,-0.013364369817187161,0
17758,0.38480079690385105,,-0.014969913832043049,1
17759,0.3012893696653396,,-0.016575457846898935,1
17760,-1.3419001268613229,,-0.018181001861754822,1
17761,1.3184277053964897,,-0.01978654587661071,1
17762,0.34829751482406995,,-0.021392089891466598,1
17763,-0.01794306624990962,,-0.022997633906322486,1
17764,2.0580600871151207,,-0.024603177921178374,1
17765,1.435444789009889,,-0.02620872193603426,1
17766,-0.13809840940285106,,-0.02781426595089015,1
17767,-2.533377786629332,,-0.029419809965746037,1
17768,-0.031025353980601928,-0.031025353980601928,-0.031025353980601928,0
17769,0.6946121583054338,0.6946121583054338,0.6946121583054338,0
17770,-0.8940940999674721,-0.8940940999674721,-0.8940940999674721,0
17771,1.6243542738320078,1.6243542738320078,1.6243542738320078,0
17772,0.9359059159062958,0.9359059159062958,0.9359059159062958,0
17773,-1.725266162125691,-1.725266162125691,-1.725266162125691,0
17774,0.12378297157737266,0.12378297157737266,0.12378297157737266,0
17775,-0.1621811175679869,-0.1621811175679869,-0.1621811175679869,0
17776,-0.8661918112169749,-0.8661918112169749,-0.8661918112169749,0
17777,-0.28840296524192527,-0.28840296524192527,-0.28840296524192527,0
17778,1.0853859095492044,1.0853859095492044,1.0853859095492044,0
17779,-0.7312257253818384,-0.7312257253818384,-0.7312257253818384,0
17780,0.925240120850828,0.925240120850828,0.925240120850828,0
17781,-0.847899125023465,-0.847899125023465,-0.847899125023465,0
17782,0.15275172397713638,0.15275172397713638,0.15275172397713638,0
17783,1.1744081837677678,1.1744081837677678,1.1744081837677678,0
17784,-1.6645001205026002,-1.6645001205026002,-1.6645001205026002,0
17785,1.4183701713464574,1.4183701713464574,1.4183701713464574,0
17786,-0.2780024073918827,-0.2780024073918827,-0.2780024073918827,0
17787,1.4629836901353304,1.4629836901353304,1.4629836901353304,0
17788,-0.5770661514843334,-0.5770661514843334,-0.5770661514843334,0
17789,0.210316952462722,0.210316952462722,0.210316952462722,0
17790,0.6770446280342142,0.6770446280342142,0.6770446280342142,0
17791,-0.16433341745124264,-0.16433341745124264,-0.16433341745124264,0
17792,-0.9389685784882612,-0.9389685784882612,-0.9389685784882612,0
17793,-0.13949737048352112,-0.13949737048352112,-0.13949737048352112,0
17794,-0.42087681945280125,-0.42087681945280125,-0.42087681945280125,0
17795,-0.4179123604351885,-0.4179123604351885,-0.4179123604351885,0
17796,-0.44140463478679437,-0.44140463478679437,-0.44140463478679437,0
17797,0.41366561731802937,0.41366561731802937,0.41366561731802937,0
17798,-0.9833969813097123,-0.9833969813097123,-0.9833969813097123,0
17799,-0.35461654578597346,-0.35461654578597346,-0.35461654578597346,0
17800,-0.36323707605094413,-0.36323707605094413,-0.36323707605094413,0
17801,0.7149592070063137,0.7149592070063137,0.7149592070063137,0
17802,-1.619086364242669,-1.619086364242669,-1.619086364242669,0
17803,-0.8574704649154067,-0.8574704649154067,-0.8574704649154067,0
17804,-1.3018099234176812,-1.3018099234176812,-1.3018099234176812,0
17805,0.6031473759184948,0.6031473759184948,0.6031473759184948,0
17806,-0.6570475612481056,-0.6570475612481056,-0.6570475612481056,0
17807,-1.6708804791068617,-1.6708804791068617,-1.6708804791068617,0
17808,-0.3674888511742968,-0.3674888511742968,-0.3674888511742968,0
17809,-0.9477009712351399,-0.9477009712351399,-0.9477009712351399,0
17810,-1.9047128972284637,-1.9047128972284637,-1.9047128972284637,0
17811,-1.1821616151319931,,-1.5946989785485384,1
17812,-1.1543295251866104,,-1.2846850598686128,1
17813,1.5126517809157363,,-0.9746711411886875,1
17814,-1.0413492304862062,,-0.6646572225087621,1
17815,-1.0055977660296955,,-0.3546433038288368,1
17816,-0.08441420871800004,,-0.04462938514891124,1
17817,1.015300815049742,,0.2653845335310139,1
17818,-1.8525251082923824,,0.5753984522109394,1
17819,0.10343148238716052,,0.885412370890865,1
17820,-0.18003551245530033,,1.1954262895707901,1
17821,1.5054402082507155,1.5054402082507155,1.5054402082507155,0
17822,-0.7112271893291711,-0.7112271893291711,-0.7112271893291711,0
17823,0.08689182744896923,0.08689182744896923,0.08689182744896923,0
17824,-0.4040062992405315,-0.4040062992405315,-0.4040062992405315,0
17825,0.39332486957265866,0.39332486957265866,0.39332486957265866,0
17826,1.1155924771235077,1.1155924771235077,1.1155924771235077,0
17827,-1.7046741130563283,-1.7046741130563283,-1.7046741130563283,0
17828,1.0847059873468246,1.0847059873468246,1.0847059873468246,0
17829,-0.12649048611065228,-0.12649048611065228,-0.12649048611065228,0
17830,0.09694004945692043,0.09694004945692043,0.09694004945692043,0
17831,-0.3637495945037203,-0.3637495945037203,-0.3637495945037203,0
17832,0.7367424122096913,0.7367424122096913,0.7367424122096913,0
17833,0.09623872412425873,0.09623872412425873,0.09623872412425873,0
17834,1.0387019873138355,1.0387019873138355,1.0387019873138355,0
17835,-0.3586872205443602,-0.3586872205443602,-0.3586872205443602,0
17836,-0.9882642697167119,-0.9882642697167119,-0.9882642697167119,0
17837,0.00986263003810216,0.00986263003810216,0.00986263003810216,0
17838,-2.06599983617101,-2.06599983617101,-2.06599983617101,0
17839,-0.22646436066907338,-0.22646436066907338,-0.22646436066907338,0
17840,0.4278179675653078,0.4278179675653078,0.4278179675653078,0
17841,-0.1739676531960351,-0.1739676531960351,-0.1739676531960351,0
17842,-2.4146759675738143,-2.4146759675738143,-2.4146759675738143,0
17843,0.3879500757023881,0.3879500757023881,0.3879500757023881,0
17844,0.7819828714758962,0.7819828714758962,0.7819828714758962,0
17845,-0.12481136422809334,-0.12481136422809334,-0.12481136422809334,0
17846,-0.6783723235006304,-0.6783723235006304,-0.6783723235006304,0
17847,-1.8164798037355052,-1.8164798037355052,-1.8164798037355052,0
17848,1.1636163438439788,1.1636163438439788,1.1636163438439788,0
17849,0.02120539734326652,0.02120539734326652,0.02120539734326652,0
17850,0.6446552519847494,0.6446552519847494,0.6446552519847494,0
17851,-0.9015696847682982,-0.9015696847682982,-0.9015696847682982,0
17852,0.7674918757717509,0.7674918757717509,0.7674918757717509,0
17853,-0.9352426070310838,-0.9352426070310838,-0.9352426070310838,0
17854,0.47400307760268323,,-0.8479664208489772,1
17855,0.5955844541797221,,-0.7606902346668708,1
17856,-0.9654773899434107,,-0.6734140484847644,1
17857,1.8645373163534127,,-0.5861378623026579,1
17858,0.13825826209775452,,-0.4988616761205514,1
17859,0.7975926852355143,,-0.4115854899384449,1
17860,0.7355707410602984,,-0.3243093037563385,1
17861,-1.9313978052965433,,-0.23703311757423196,1
17862,0.46528532684584784,,-0.14975693139212543,1
17863,-0.6652178960730702,,-0.062480745210019006,1
17864,0.02479544097208751,0.02479544097208751,0.02479544097208751,0
17865,-2.035217569641576,-2.035217569641576,-2.035217569641576,0
17866,-1.9260987081023313,-1.9260987081023313,-1.9260987081023313,0
17867,-0.8658419716537537,-0.8658419716537537,-0.8658419716537537,0
17868,0.08991696454522044,,-0.8295935527798826,1
17869,0.40597822731868893,,-0.7933451339060114,1
17870,-1.1564280798014228,,-0.7570967150321403,1
17871,-0.14038793799893612,,-0.7208482961582691,1
17872,1.4165603196665957,,-0.684599877284398,1
17873,-0.42043599809381355,,-0.6483514584105268,1
17874,-0.05599451972378782,,-0.6121030395366557,1
17875,-1.9412445296100926,,-0.5758546206627846,1
17876,-0.44321338558836354,,-0.5396062017889134,1
17877,-1.81353464770588,,-0.5033577829150422,1
17878,-0.46710936404117115,-0.46710936404117115,-0.46710936404117115,0
17879,-0.04344735329528287,-0.04344735329528287,-0.04344735329528287,0
17880,0.7266248978634418,0.7266248978634418,0.7266248978634418,0
17881,0.5781841205881023,0.5781841205881023,0.5781841205881023,0
17882,1.2947916866037414,1.2947916866037414,1.2947916866037414,0
17883,0.12451379932428225,0.12451379932428225,0.12451379932428225,0
17884,-1.3575627526924599,-1.3575627526924599,-1.3575627526924599,0
17885,0.7754249201664545,0.7754249201664545,0.7754249201664545,0
17886,0.3017196088616702,0.3017196088616702,0.3017196088616702,0
17887,-1.4776252515183264,-1.4776252515183264,-1.4776252515183264,0
17888,-0.17656588107353974,-0.17656588107353974,-0.17656588107353974,0
17889,0.5428205468899345,0.5428205468899345,0.5428205468899345,0
17890,0.5099210600845614,,0.6180022558480561,1
17891,0.844499353316846,,0.6931839648061777,1
17892,1.3312334199193618,,0.7683656737642992,1
17893,-1.6092257979475382,,0.8435473827224209,1
17894,-0.4711236004859974,,0.9187290916805424,1
17895,-2.080132246465881,,0.993910800638664,1
17896,-0.11220454934256331,,1.0690925095967856,1
17897,0.8308542750815978,,1.1442742185549073,1
17898,-0.42565350664488794,,1.2194559275130288,1
17899,-0.41503028971793804,,1.2946376364711503,1
17900,1.369819345429272,1.369819345429272,1.369819345429272,0
17901,1.5594197611118277,1.5594197611118277,1.5594197611118277,0
17902,-0.07862273632254396,-0.07862273632254396,-0.07862273632254396,0
17903,0.9091929445468493,0.9091929445468493,0.9091929445468493,0
17904,-0.6279612241294978,-0.6279612241294978,-0.6279612241294978,0
17905,1.2478109232253194,1.2478109232253194,1.2478109232253194,0
17906,-0.5561590632922775,-0.5561590632922775,-0.5561590632922775,0
17907,-0.06700187029641351,-0.06700187029641351,-0.06700187029641351,0
17908,-0.14304630271487326,-0.14304630271487326,-0.14304630271487326,0
17909,-0.024604924147563774,-0.024604924147563774,-0.024604924147563774,0
17910,0.44604019229174663,0.44604019229174663,0.44604019229174663,0
17911,1.2449914438578118,1.2449914438578118,1.2449914438578118,0
17912,0.849492962721626,0.849492962721626,0.849492962721626,0
17913,1.0055935631452209,1.0055935631452209,1.0055935631452209,0
17914,-1.0746817065023944,,0.956186015792854,1
17915,-1.2092920369479718,,0.9067784684404872,1
17916,0.13392769331917387,,0.8573709210881204,1
17917,-1.023086758593831,,0.8079633737357536,1
17918,-1.5752551975849007,,0.7585558263833867,1
17919,0.4224959818715601,,0.70914827903102,1
17920,-0.0367650261940566,,0.6597407316786531,1
17921,-0.32060983067148946,,0.6103331843262862,1
17922,1.1507819848751806,,0.5609256369739194,1
17923,0.11315374792024283,,0.5115180896215525,1
17924,0.4621105422691858,0.4621105422691858,0.4621105422691858,0
17925,1.8720985410028288,1.8720985410028288,1.8720985410028288,0
17926,0.9549590350331763,0.9549590350331763,0.9549590350331763,0
17927,-1.9016690454516,-1.9016690454516,-1.9016690454516,0
17928,1.4017269606370542,1.4017269606370542,1.4017269606370542,0
17929,-1.4680491670999596,-1.4680491670999596,-1.4680491670999596,0
17930,0.7369223997328647,0.7369223997328647,0.7369223997328647,0
17931,1.0353621466987246,1.0353621466987246,1.0353621466987246,0
17932,0.8826778787417346,0.8826778787417346,0.8826778787417346,0
17933,-0.6098308267509704,-0.6098308267509704,-0.6098308267509704,0
17934,1.6774530500173215,1.6774530500173215,1.6774530500173215,0
17935,-0.9496226008895496,-0.9496226008895496,-0.9496226008895496,0
17936,-0.30541340222092467,-0.30541340222092467,-0.30541340222092467,0
17937,1.208983226210198,1.208983226210198,1.208983226210198,0
17938,2.0986608763226484,2.0986608763226484,2.0986608763226484,0
17939,-0.3985161910265169,-0.3985161910265169,-0.3985161910265169,0
17940,-0.5951992184839873,-0.5951992184839873,-0.5951992184839873,0
17941,0.35005246195087886,0.35005246195087886,0.35005246195087886,0
17942,0.13579342433244743,0.13579342433244743,0.13579342433244743,0
17943,1.842777340060355,1.842777340060355,1.842777340060355,0
17944,2.861962944637382,2.861962944637382,2.861962944637382,0
17945,-0.40337693874614405,-0.40337693874614405,-0.40337693874614405,0
17946,1.7327271661937678,1.7327271661937678,1.7327271661937678,0
17947,0.7713289586220514,0.7713289586220514,0.7713289586220514,0
17948,0.7988732527834127,0.7988732527834127,0.7988732527834127,0
17949,-0.018299986701069394,-0.018299986701069394,-0.018299986701069394,0
17950,-0.8671945790085197,-0.8671945790085197,-0.8671945790085197,0
17951,-1.1517094768608143,,-0.5570571810366618,1
17952,-1.3322059255536838,,-0.2469197830648039,1
17953,0.42475469360415063,,0.06321761490705402,1
17954,0.7297295980051274,,0.37335501287891193,1
17955,-0.264868021505476,,0.6834924108507697,1
17956,0.04037675839632262,,0.9936298088226277,1
17957,0.19192805765632123,,1.3037672067944857,1
17958,0.7459661548008241,,1.6139046047663435,1
17959,0.6871661761248093,,1.9240420027382013,1
17960,0.25275114579736896,,2.234179400710059,1
17961,2.5443167986819173,2.5443167986819173,2.5443167986819173,0
17962,0.6148447049782737,0.6148447049782737,0.6148447049782737,0
17963,0.09652721223015472,,0.6053350933724162,1
17964,-0.13735297589371964,,0.5958254817665587,1
17965,0.5825030229964464,,0.5863158701607012,1
17966,2.0681283794789396,,0.5768062585548437,1
17967,0.8818662584978658,,0.5672966469489862,1
17968,-0.6112870383993056,,0.5577870353431286,1
17969,2.805989029111134,,0.5482774237372711,1
17970,0.19735970789346138,,0.5387678121314136,1
17971,-2.1318247551630325,,0.529258200525556,1
17972,0.7984493272891653,,0.5197485889196986,1
17973,0.510238977313841,0.510238977313841,0.510238977313841,0
17974,1.5234366250844809,1.5234366250844809,1.5234366250844809,0
17975,-0.3218308222445205,-0.3218308222445205,-0.3218308222445205,0
17976,-0.6806338860083267,-0.6806338860083267,-0.6806338860083267,0
17977,-0.14919562664219602,-0.14919562664219602,-0.14919562664219602,0
17978,-0.9815263676547371,-0.9815263676547371,-0.9815263676547371,0
17979,-0.2441265408294426,-0.2441265408294426,-0.2441265408294426,0
17980,-0.8526873141421004,-0.8526873141421004,-0.8526873141421004,0
17981,0.4463368884322436,,-0.8007475442359746,1
17982,0.6472325226699353,,-0.7488077743298489,1
17983,0.8138516651636192,,-0.6968680044237231,1
17984,-2.2665705344199134,,-0.6449282345175974,1
17985,0.9412230607100951,,-0.5929884646114716,1
17986,0.7191591092118699,,-0.5410486947053459,1
17987,0.9248776454965069,,-0.4891089247992201,1
17988,-1.3754102935136763,,-0.4371691548930943,1
17989,-1.3908100067737392,,-0.38522938498696857,1
17990,1.396911080317705,,-0.33328961508084276,1
17991,-0.281349845174717,-0.281349845174717,-0.281349845174717,0
17992,0.7010731497674871,0.7010731497674871,0.7010731497674871,0
17993,-0.5370426723893419,-0.5370426723893419,-0.5370426723893419,0
17994,-0.7996793139356386,-0.7996793139356386,-0.7996793139356386,0
17995,-0.601486316412306,,-0.614971106686472,1
17996,-0.34174405373918043,,-0.4302628994373055,1
17997,0.5930212717253849,,-0.24555469218813897,1
17998,-0.1829334837666908,,-0.06084648493897238,1
17999,1.9203935096523463,,0.12386172231019421,1
18000,-1.965824426947055,,0.3085699295593607,1
18001,-0.10903539413015678,,0.4932781368085273,1
18002,0.9320602634030412,,0.6779863440576939,1
18003,1.073632503948194,,0.8626945513068605,1
18004,-0.5081765382829093,,1.047402758556027,1
18005,1.2321109658051936,1.2321109658051936,1.2321109658051936,0
18006,-0.9725560930000847,-0.9725560930000847,-0.9725560930000847,0
18007,-1.6009107084296414,-1.6009107084296414,-1.6009107084296414,0
18008,-0.8232552114768598,-0.8232552114768598,-0.8232552114768598,0
18009,0.9592974807242813,0.9592974807242813,0.9592974807242813,0
18010,0.47323339596238667,0.47323339596238667,0.47323339596238667,0
18011,1.1485851426793725,1.1485851426793725,1.1485851426793725,0
18012,1.6658436071293694,1.6658436071293694,1.6658436071293694,0
18013,-0.9644479534830181,-0.9644479534830181,-0.9644479534830181,0
18014,0.5028598860764394,0.5028598860764394,0.5028598860764394,0
18015,-0.40485346697102614,-0.40485346697102614,-0.40485346697102614,0
18016,0.7538062902049351,0.7538062902049351,0.7538062902049351,0
18017,2.0888665679085245,2.0888665679085245,2.0888665679085245,0
18018,1.34397167535434,1.34397167535434,1.34397167535434,0
18019,0.5031091027406477,0.5031091027406477,0.5031091027406477,0
18020,2.7857475453602585,2.7857475453602585,2.7857475453602585,0
18021,-1.1723839065025472,-1.1723839065025472,-1.1723839065025472,0
18022,0.6142673191827281,0.6142673191827281,0.6142673191827281,0
18023,-0.3396902064842445,-0.3396902064842445,-0.3396902064842445,0
18024,0.2908404812453817,0.2908404812453817,0.2908404812453817,0
18025,0.7320016465365853,0.7320016465365853,0.7320016465365853,0
18026,1.502431217143114,,0.5623586297227503,1
18027,1.470182900768858,,0.3927156129089153,1
18028,0.8622684948800281,,0.22307259609508034,1
18029,0.6209178882880249,,0.053429579281245365,1
18030,-0.6519572646948949,,-0.11621343753258961,1
18031,-0.9633111685827568,,-0.2858564543464246,1
18032,0.3842080821777089,,-0.4554994711602596,1
18033,0.14726062259382297,,-0.6251424879740946,1
18034,-0.20580363637048632,,-0.7947855047879295,1
18035,-1.46563772317457,,-0.9644285216017645,1
18036,-1.1340715384155995,-1.1340715384155995,-1.1340715384155995,0
18037,-1.1501355158594928,-1.1501355158594928,-1.1501355158594928,0
18038,0.34399295111496103,0.34399295111496103,0.34399295111496103,0
18039,-1.4469036145174254,-1.4469036145174254,-1.4469036145174254,0
18040,0.4185193501258163,0.4185193501258163,0.4185193501258163,0
18041,1.052535193638788,1.052535193638788,1.052535193638788,0
18042,1.0086950606674405,1.0086950606674405,1.0086950606674405,0
18043,-0.35376209712558004,-0.35376209712558004,-0.35376209712558004,0
18044,-2.570102028679894,-2.570102028679894,-2.570102028679894,0
18045,2.3092260062856065,2.3092260062856065,2.3092260062856065,0
18046,-0.7185174279497282,-0.7185174279497282,-0.7185174279497282,0
18047,0.6935986369839148,0.6935986369839148,0.6935986369839148,0
18048,-1.1655420434198414,-1.1655420434198414,-1.1655420434198414,0
18049,-0.7364290977116132,-0.7364290977116132,-0.7364290977116132,0
18050,0.12576503836941366,0.12576503836941366,0.12576503836941366,0
18051,0.6982811936101244,0.6982811936101244,0.6982811936101244,0
18052,0.21256250267463087,0.21256250267463087,0.21256250267463087,0
18053,-0.5206220796255653,-0.5206220796255653,-0.5206220796255653,0
18054,-1.3873010486614192,-1.3873010486614192,-1.3873010486614192,0
18055,0.9967885351775914,0.9967885351775914,0.9967885351775914,0
18056,-1.2192104656287073,-1.2192104656287073,-1.2192104656287073,0
18057,-0.281291189009742,-0.281291189009742,-0.281291189009742,0
18058,0.7782238583401896,,-0.19562207311752317,1
18059,0.6078011829265719,,-0.10995295722530438,1
18060,-0.20885241770640664,,-0.024283841333085587,1
18061,1.344631004354971,,0.06138527455913323,1
18062,-0.5366088061404608,,0.14705439045135205,1
18063,0.9734585985808167,,0.2327235063435708,1
18064,0.0668907271778117,,0.3183926222357896,1
18065,-0.3688824764727348,,0.40406173812800844,1
18066,1.4023442382514004,,0.48973085402022726,1
18067,1.272250674508858,,0.5753999699124461,1
18068,0.6610690858046648,0.6610690858046648,0.6610690858046648,0
18069,1.132572988237098,1.132572988237098,1.132572988237098,0
18070,-0.2349471318631249,-0.2349471318631249,-0.2349471318631249,0
18071,-1.7371942543008745,-1.7371942543008745,-1.7371942543008745,0
18072,-0.45173259214182127,-0.45173259214182127,-0.45173259214182127,0
18073,1.0763981586089724,1.0763981586089724,1.0763981586089724,0
18074,-0.018708180608772006,-0.018708180608772006,-0.018708180608772006,0
18075,-1.11564710579741,,-0.094514230842104,1
18076,-1.1285101013054935,,-0.17032028107543598,1
18077,-0.09620813761548831,,-0.246126331308768,1
18078,-1.3968077812948378,,-0.32193238154209997,1
18079,0.22111836885020816,,-0.39773843177543194,1
18080,-1.1837048865839082,,-0.473544482008764,1
18081,0.3684779269163131,,-0.549350532242096,1
18082,-0.30572563188301916,,-0.6251565824754279,1
18083,0.2146373439534157,,-0.7009626327087599,1
18084,0.15368511062328594,,-0.7767686829420919,1
18085,-0.8525747331754239,-0.8525747331754239,-0.8525747331754239,0
18086,-0.8156923871726516,-0.8156923871726516,-0.8156923871726516,0
18087,-0.9195526864631192,-0.9195526864631192,-0.9195526864631192,0
18088,1.248549637915966,1.248549637915966,1.248549637915966,0
18089,0.5337581888871304,0.5337581888871304,0.5337581888871304,0
18090,1.9008872224190625,1.9008872224190625,1.9008872224190625,0
18091,0.6172413421447929,0.6172413421447929,0.6172413421447929,0
18092,3.6076419380902087,3.6076419380902087,3.6076419380902087,0
18093,-0.5109155055692532,-0.5109155055692532,-0.5109155055692532,0
18094,-1.7045250550896567,-1.7045250550896567,-1.7045250550896567,0
18095,-0.060097746121836194,-0.060097746121836194,-0.060097746121836194,0
18096,-1.5325258924261138,-1.5325258924261138,-1.5325258924261138,0
18097,-0.7006769800763266,-0.7006769800763266,-0.7006769800763266,0
18098,0.9898244165850997,0.9898244165850997,0.9898244165850997,0
18099,-1.7724031800901006,-1.7724031800901006,-1.7724031800901006,0
18100,1.3766670655618143,1.3766670655618143,1.3766670655618143,0
18101,-0.4292155606503997,-0.4292155606503997,-0.4292155606503997,0
18102,0.7356984256892921,0.7356984256892921,0.7356984256892921,0
18103,-0.5751650994825405,-0.5751650994825405,-0.5751650994825405,0
18104,-0.075548862236734,-0.075548862236734,-0.075548862236734,0
18105,0.8825938318404539,,-0.1333688898017409,1
18106,0.7628216415414273,,-0.19118891736674776,1
18107,2.899383590066361,,-0.24900894493175468,1
18108,-0.9973892602596189,,-0.30682897249676155,1
18109,0.7349596537075849,,-0.3646490000617684,1
18110,-0.612475839481095,,-0.42246902762677535,1
18111,-1.6956554378314797,,-0.4802890551917822,1
18112,1.4019320591665174,,-0.538109082756789,1
18113,0.22756955046446584,,-0.595929110321796,1
18114,-1.8793169373426228,,-0.6537491378868028,1
18115,-0.7115691654518097,-0.7115691654518097,-0.7115691654518097,0
18116,-1.5230826907746593,-1.5230826907746593,-1.5230826907746593,0
18117,-0.697695566112704,-0.697695566112704,-0.697695566112704,0
18118,-1.5835102088012567,-1.5835102088012567,-1.5835102088012567,0
18119,0.7247892529195077,0.7247892529195077,0.7247892529195077,0
18120,0.7308853839674351,0.7308853839674351,0.7308853839674351,0
18121,1.4243830857137563,1.4243830857137563,1.4243830857137563,0
18122,0.2491194697755254,0.2491194697755254,0.2491194697755254,0
18123,0.1449475678922868,0.1449475678922868,0.1449475678922868,0
18124,0.9388797120340446,0.9388797120340446,0.9388797120340446,0
18125,-0.08773756491510429,-0.08773756491510429,-0.08773756491510429,0
18126,-0.8404930175396008,,-0.045372298626762106,1
18127,-0.5726270958886023,,-0.003007032338419924,1
18128,0.46425544598962953,,0.039358233949922244,1
18129,0.24550034048640101,,0.08172350023826444,1
18130,-0.011880745476041395,,0.12408876652660664,1
18131,-0.7083627863845928,,0.16645403281494878,1
18132,0.1227709533556002,,0.20881929910329097,1
18133,-0.9806016370596609,,0.25118456539163314,1
18134,-0.7041121764780489,,0.2935498316799754,1
18135,0.12560672703983997,,0.33591509796831753,1
18136,0.37828036425665973,0.37828036425665973,0.37828036425665973,0
18137,0.9912403153803268,0.9912403153803268,0.9912403153803268,0
18138,0.9385617426833311,0.9385617426833311,0.9385617426833311,0
18139,-1.935101183268678,-1.935101183268678,-1.935101183268678,0
18140,-0.0893050177100834,-0.0893050177100834,-0.0893050177100834,0
18141,0.08348114816179501,0.08348114816179501,0.08348114816179501,0
18142,-0.000256856053955826,-0.000256856053955826,-0.000256856053955826,0
18143,-0.11116209268788353,-0.11116209268788353,-0.11116209268788353,0
18144,0.8630190577621237,0.8630190577621237,0.8630190577621237,0
18145,-3.067679461370197,-3.067679461370197,-3.067679461370197,0
18146,-2.3063172330856982,-2.3063172330856982,-2.3063172330856982,0
18147,-0.7329840039674071,-0.7329840039674071,-0.7329840039674071,0
18148,-0.12497380930659582,-0.12497380930659582,-0.12497380930659582,0
18149,-2.8477401216867766,-2.8477401216867766,-2.8477401216867766,0
18150,-0.4312706245018154,,-2.5808212287567738,1
18151,-0.3072726626206949,,-2.3139023358267705,1
18152,0.5253587113640482,,-2.0469834428967677,1
18153,1.041543247108506,,-1.7800645499667649,1
18154,0.7567686368185409,,-1.513145657036762,1
18155,-0.1709531525652351,,-1.246226764106759,1
18156,-0.3870427135372964,,-0.979307871176756,1
18157,0.5715626977035023,,-0.7123889782467532,1
18158,0.25511938316306715,,-0.44547008531675036,1
18159,0.10423107261674816,,-0.17855119238674755,1
18160,0.08836770054325593,0.08836770054325593,0.08836770054325593,0
18161,-0.7687834532233712,-0.7687834532233712,-0.7687834532233712,0
18162,0.9919895077523618,0.9919895077523618,0.9919895077523618,0
18163,-0.31532404662692254,-0.31532404662692254,-0.31532404662692254,0
18164,0.17709109289673847,0.17709109289673847,0.17709109289673847,0
18165,-1.2326185337209274,-1.2326185337209274,-1.2326185337209274,0
18166,2.006614265028609,2.006614265028609,2.006614265028609,0
18167,1.0231386702994631,1.0231386702994631,1.0231386702994631,0
18168,-1.1028516200721743,-1.1028516200721743,-1.1028516200721743,0
18169,0.4120654933169578,0.4120654933169578,0.4120654933169578,0
18170,1.1437318629158986,1.1437318629158986,1.1437318629158986,0
18171,-1.1536448805549726,,0.9957451685143165,1
18172,-1.3941073405678415,,0.8477584741127344,1
18173,0.6020844701633852,,0.6997717797111522,1
18174,0.18577167349776746,,0.5517850853095702,1
18175,-0.3591894403514843,,0.4037983909079881,1
18176,0.8209201315638047,,0.2558116965064059,1
18177,-1.1309471714356556,,0.10782500210482393,1
18178,0.7797809189111274,,-0.040161692296758256,1
18179,-0.4466403895250632,,-0.18814838669834044,1
18180,-1.2805134513105267,,-0.3361350810999224,1
18181,-0.48412177550150454,-0.48412177550150454,-0.48412177550150454,0
18182,-2.498428653753752,-2.498428653753752,-2.498428653753752,0
18183,0.7338493024778667,0.7338493024778667,0.7338493024778667,0
18184,-0.7008262305147932,-0.7008262305147932,-0.7008262305147932,0
18185,-0.16595375950254834,-0.16595375950254834,-0.16595375950254834,0
18186,-1.160112472903293,-1.160112472903293,-1.160112472903293,0
18187,1.6795225015958881,1.6795225015958881,1.6795225015958881,0
18188,-0.9974748186998326,-0.9974748186998326,-0.9974748186998326,0
18189,-1.5215927135693388,-1.5215927135693388,-1.5215927135693388,0
18190,-0.07657188916763111,-0.07657188916763111,-0.07657188916763111,0
18191,0.338572619323369,0.338572619323369,0.338572619323369,0
18192,-0.6949051878450522,-0.6949051878450522,-0.6949051878450522,0
18193,1.5215815300426268,1.5215815300426268,1.5215815300426268,0
18194,1.7185324537697988,1.7185324537697988,1.7185324537697988,0
18195,-1.5205295439786728,-1.5205295439786728,-1.5205295439786728,0
18196,0.5546614037631805,0.5546614037631805,0.5546614037631805,0
18197,-0.029978451356581073,-0.029978451356581073,-0.029978451356581073,0
18198,0.7843911638782923,0.7843911638782923,0.7843911638782923,0
18199,0.26952095602523496,0.26952095602523496,0.26952095602523496,0
18200,0.09212848344116017,0.09212848344116017,0.09212848344116017,0
18201,1.8393500627423878,1.8393500627423878,1.8393500627423878,0
18202,0.29181126918340167,0.29181126918340167,0.29181126918340167,0
18203,-0.15581523822630755,,0.24554952800516924,1
18204,0.019245202303625225,,0.19928778682693682,1
18205,1.4933491100178629,,0.15302604564870437,1
18206,0.7654027077585283,,0.10676430447047194,1
18207,-0.10915939599329533,,0.06050256329223952,1
18208,0.30335497305224307,,0.014240822114007068,1
18209,-0.44430624430035015,,-0.03202091906422533,1
18210,0.673096564563344,,-0.07828266024245778,1
18211,0.8545582233043367,,-0.12454440142069023,1
18212,-2.3091447524134323,,-0.17080614259892263,1
18213,-0.2170678837771551,-0.2170678837771551,-0.2170678837771551,0
18214,0.07520789469206018,0.07520789469206018,0.07520789469206018,0
18215,-1.20235803899698,-1.20235803899698,-1.20235803899698,0
18216,-0.357859502263614,-0.357859502263614,-0.357859502263614,0
18217,-0.12232466120204168,,-0.19142491067778725,1
18218,-0.34966779755024135,,-0.024990319091960478,1
18219,-1.848953659347238,,0.14144427249386632,1
18220,-0.9486432536797592,,0.30787886407969306,1
18221,1.5904882321934726,,0.4743134556655198,1
18222,2.423344375837466,,0.6407480472513467,1
18223,-2.4667300288055776,,0.8071826388371734,1
18224,0.9615768684163744,,0.9736172304230002,1
18225,0.8125671992981693,,1.140051822008827,1
18226,1.544767143320064,,1.3064864135946537,1
18227,1.4729210051804804,1.4729210051804804,1.4729210051804804,0
18228,-0.25942792957029204,-0.25942792957029204,-0.25942792957029204,0
18229,0.4670393458729807,0.4670393458729807,0.4670393458729807,0
18230,0.781424486839247,0.781424486839247,0.781424486839247,0
18231,1.9527013073206885,1.9527013073206885,1.9527013073206885,0
18232,-0.38190876335800766,-0.38190876335800766,-0.38190876335800766,0
18233,0.45070948242767017,,-0.4907097583525639,1
18234,0.5887669040590873,,-0.5995107533471202,1
18235,0.45412729094650717,,-0.7083117483416765,1
18236,1.8343711510343867,,-0.8171127433362327,1
18237,0.8523500679086075,,-0.9259137383307889,1
18238,-1.187537644251084,,-1.0347147333253452,1
18239,0.1627296436165011,,-1.1435157283199016,1
18240,0.4415913453947252,,-1.2523167233144579,1
18241,1.2248953439173338,,-1.3611177183090142,1
18242,-0.9754942632849258,,-1.4699187133035703,1
18243,-1.5787197082981266,-1.5787197082981266,-1.5787197082981266,0
18244,0.014076894844909114,0.014076894844909114,0.014076894844909114,0
18245,0.7572625756605652,0.7572625756605652,0.7572625756605652,0
18246,0.29680917727740563,,0.6081618366392102,1
18247,0.36669090065586635,,0.4590610976178552,1
18248,-0.1906304187023837,,0.3099603585965002,1
18249,1.9183219455087774,,0.16085961957514516,1
18250,-0.9802368251748137,,0.011758880553790152,1
18251,0.05566561898715241,,-0.13734185846756486,1
18252,0.2446723725160582,,-0.28644259748891987,1
18253,2.333136073759432,,-0.4355433365102749,1
18254,-0.4299027179092324,,-0.5846440755316299,1
18255,-1.2912292098183962,,-0.7337448145529849,1
18256,-0.8828455535743399,-0.8828455535743399,-0.8828455535743399,0
18257,1.8284720905631866,1.8284720905631866,1.8284720905631866,0
18258,-0.31596578776278217,-0.31596578776278217,-0.31596578776278217,0
18259,0.23369897714600693,0.23369897714600693,0.23369897714600693,0
18260,0.7851869242482991,0.7851869242482991,0.7851869242482991,0
18261,-0.0778119966705342,-0.0778119966705342,-0.0778119966705342,0
18262,1.133871336587699,1.133871336587699,1.133871336587699,0
18263,0.5465539842950184,0.5465539842950184,0.5465539842950184,0
18264,1.2697072418674735,1.2697072418674735,1.2697072418674735,0
18265,-1.2174270565046001,-1.2174270565046001,-1.2174270565046001,0
18266,-0.11412227805955846,-0.11412227805955846,-0.11412227805955846,0
18267,-1.4223538287311908,-1.4223538287311908,-1.4223538287311908,0
18268,-0.7067947240120822,-0.7067947240120822,-0.7067947240120822,0
18269,0.32101522370928115,0.32101522370928115,0.32101522370928115,0
18270,0.6532252678176876,0.6532252678176876,0.6532252678176876,0
18271,0.1524725215221911,0.1524725215221911,0.1524725215221911,0
18272,-1.1723774917676029,-1.1723774917676029,-1.1723774917676029,0
18273,-1.9663122879936732,-1.9663122879936732,-1.9663122879936732,0
18274,0.183930692615114,,-1.6564394254418942,1
18275,0.09959513343052993,,-1.3465665628901151,1
18276,0.9805475365512655,,-1.0366937003383363,1
18277,1.2895982798653973,,-0.7268208377865573,1
18278,0.33687280500944056,,-0.4169479752347782,1
18279,-0.4222331599666588,,-0.10707511268299941,1
18280,0.7215773542217128,,0.20279774986877985,1
18281,-0.4785349880038453,,0.5126706124205587,1
18282,0.4745120011746886,,0.8225434749723375,1
18283,0.5790369115746009,,1.1324163375241167,1
18284,1.4422892000758958,1.4422892000758958,1.4422892000758958,0
18285,-0.06509446477659772,-0.06509446477659772,-0.06509446477659772,0
18286,-0.5107609523866856,,-0.05705318059957387,1
18287,-0.7749363951153169,,-0.04901189642255002,1
18288,0.12671450622597213,,-0.04097061224552618,1
18289,0.9924872113054366,,-0.03292932806850233,1
18290,0.758902436089452,,-0.02488804389147848,1
18291,-0.7994702760724274,,-0.016846759714454637,1
18292,-1.1912778640386619,,-0.008805475537430787,1
18293,-0.02013182381154827,,-0.0007641913604069378,1
18294,0.6435392931111774,,0.007277092816616912,1
18295,-0.2414640417247415,,0.015318376993640762,1
18296,0.023359661170664604,0.023359661170664604,0.023359661170664604,0
18297,0.31166760198411464,0.31166760198411464,0.31166760198411464,0
18298,-0.04286432842536214,-0.04286432842536214,-0.04286432842536214,0
18299,0.38865796277255077,0.38865796277255077,0.38865796277255077,0
18300,-0.9995412010130029,-0.9995412010130029,-0.9995412010130029,0
18301,-1.8646699833620957,-1.8646699833620957,-1.8646699833620957,0
18302,1.617111454156543,1.617111454156543,1.617111454156543,0
18303,-0.1875940374665506,-0.1875940374665506,-0.1875940374665506,0
18304,1.628321231289463,1.628321231289463,1.628321231289463,0
18305,0.452835074832794,0.452835074832794,0.452835074832794,0
18306,-0.6165429019124753,-0.6165429019124753,-0.6165429019124753,0
18307,-0.5103040967163245,-0.5103040967163245,-0.5103040967163245,0
18308,-0.9171559207386227,-0.9171559207386227,-0.9171559207386227,0
18309,0.026278359499909178,0.026278359499909178,0.026278359499909178,0
18310,0.5786334603350024,0.5786334603350024,0.5786334603350024,0
18311,-0.38628763787090237,-0.38628763787090237,-0.38628763787090237,0
18312,1.3361653058456102,1.3361653058456102,1.3361653058456102,0
18313,0.3075220181790481,0.3075220181790481,0.3075220181790481,0
18314,-0.908385867882766,-0.908385867882766,-0.908385867882766,0
18315,0.8003832260306281,0.8003832260306281,0.8003832260306281,0
18316,0.7761790444357902,0.7761790444357902,0.7761790444357902,0
18317,-0.14011485241579144,-0.14011485241579144,-0.14011485241579144,0
18318,-0.6217051331836192,-0.6217051331836192,-0.6217051331836192,0
18319,-2.5491148545740856,-2.5491148545740856,-2.5491148545740856,0
18320,0.7112621068327181,,-2.354046405605684,1
18321,0.79081271049617,,-2.1589779566372824,1
18322,1.716600350294829,,-1.9639095076688804,1
18323,1.0062027368515203,,-1.7688410587004788,1
18324,0.6373218063879899,,-1.5737726097320772,1
18325,0.6327294286551164,,-1.3787041607636754,1
18326,0.7556131310009302,,-1.1836357117952736,1
18327,-0.7841824481483723,,-0.988567262826872,1
18328,0.12359538113604311,,-0.7934988138584704,1
18329,0.9826633122471334,,-0.5984303648900686,1
18330,-0.403361915921667,-0.403361915921667,-0.403361915921667,0
18331,1.6736045645062856,1.6736045645062856,1.6736045645062856,0
18332,-0.4650347482445448,-0.4650347482445448,-0.4650347482445448,0
18333,0.1883640997455648,0.1883640997455648,0.1883640997455648,0
18334,-1.4239412477213587,-1.4239412477213587,-1.4239412477213587,0
18335,0.1898467020831966,0.1898467020831966,0.1898467020831966,0
18336,1.1772673071979958,1.1772673071979958,1.1772673071979958,0
18337,-0.6102641569795345,-0.6102641569795345,-0.6102641569795345,0
18338,-1.3712019034340384,-1.3712019034340384,-1.3712019034340384,0
18339,-0.6043827901490705,-0.6043827901490705,-0.6043827901490705,0
18340,1.0350196884999854,,-0.4665562791270389,1
18341,1.0635952906145576,,-0.32872976810500737,1
18342,-1.7252180353972009,,-0.19090325708297584,1
18343,0.902553738617769,,-0.05307674606094426,1
18344,1.1777585385041418,,0.08474976496108733,1
18345,-0.04014973559842222,,0.2225762759831188,1
18346,0.40237094173672205,,0.3604027870051504,1
18347,-1.4488955556710532,,0.49822929802718197,1
18348,1.205432818023443,,0.6360558090492135,1
18349,1.8367708395977393,,0.7738823200712451,1
18350,0.9117088310932765,0.9117088310932765,0.9117088310932765,0
18351,-0.7204018684649237,-0.7204018684649237,-0.7204018684649237,0
18352,-0.32742087454776875,-0.32742087454776875,-0.32742087454776875,0
18353,-1.933716126268692,-1.933716126268692,-1.933716126268692,0
18354,-0.9172108167443832,-0.9172108167443832,-0.9172108167443832,0
18355,0.08072461147829453,0.08072461147829453,0.08072461147829453,0
18356,-0.5247452454870833,-0.5247452454870833,-0.5247452454870833,0
18357,0.5579887554186682,0.5579887554186682,0.5579887554186682,0
18358,-0.5044665593638936,-0.5044665593638936,-0.5044665593638936,0
18359,-1.253822898411753,-1.253822898411753,-1.253822898411753,0
18360,-0.5293655944061105,-0.5293655944061105,-0.5293655944061105,0
18361,0.01767324458563374,0.01767324458563374,0.01767324458563374,0
18362,-1.385919472870911,-1.385919472870911,-1.385919472870911,0
18363,1.054756564959381,1.054756564959381,1.054756564959381,0
18364,-0.6766795495757438,-0.6766795495757438,-0.6766795495757438,0
18365,0.25394614120402353,0.25394614120402353,0.25394614120402353,0
18366,-0.1907600140666271,,0.24346237019996908,1
18367,0.16641509255941347,,0.23297859919591463,1
18368,-0.29333416903506854,,0.22249482819186014,1
18369,0.8017582156914078,,0.2120110571878057,1
18370,-0.5810943890014675,,0.20152728618375124,1
18371,1.5784961326753766,,0.19104351517969675,1
18372,0.39606117955865694,,0.1805597441756423,1
18373,0.5379959548655256,,0.17007597317158785,1
18374,1.3500785192421316,,0.1595922021675334,1
18375,-0.6778175331782521,,0.14910843116347894,1
18376,0.13862466015942446,0.13862466015942446,0.13862466015942446,0
18377,-1.1511247878260633,-1.1511247878260633,-1.1511247878260633,0
18378,0.5721364843329956,0.5721364843329956,0.5721364843329956,0
18379,1.0290234266617075,1.0290234266617075,1.0290234266617075,0
18380,0.6618951964657971,0.6618951964657971,0.6618951964657971,0
18381,-0.802457788237687,-0.802457788237687,-0.802457788237687,0
18382,1.035509811915812,1.035509811915812,1.035509811915812,0
18383,-0.24071290277628146,-0.24071290277628146,-0.24071290277628146,0
18384,-0.07538596577231747,-0.07538596577231747,-0.07538596577231747,0
18385,0.9311919170466242,0.9311919170466242,0.9311919170466242,0
18386,-0.7692356142682074,-0.7692356142682074,-0.7692356142682074,0
18387,0.5450367362961406,0.5450367362961406,0.5450367362961406,0
18388,0.1918862650114753,,0.47241034722791203,1
18389,-0.001000225525431153,,0.3997839581596835,1
18390,1.1884420929828563,,0.32715756909145494,1
18391,-0.5589613115842462,,0.2545311800232264,1
18392,0.25186289071293205,,0.18190479095499784,1
18393,1.228830454863961,,0.1092784018867693,1
18394,0.5403814526515017,,0.0366520128185408,1
18395,-1.2135778773682746,,-0.0359743762496878,1
18396,-0.6532646915927933,,-0.1086007653179164,1
18397,0.7210466547668599,,-0.1812271543861449,1
18398,-0.2538535434543735,-0.2538535434543735,-0.2538535434543735,0
18399,0.568025162377216,0.568025162377216,0.568025162377216,0
18400,-0.1033307475078154,,0.5029190675888671,1
18401,0.16345748658380888,,0.4378129728005182,1
18402,0.8038605755214291,,0.3727068780121693,1
18403,-0.6054273349793089,,0.30760078322382034,1
18404,-1.4130412086621478,,0.2424946884354714,1
18405,0.6569841626227066,,0.1773885936471225,1
18406,-0.9784586834996519,,0.11228249885877362,1
18407,0.7213018387460013,,0.04717640407042467,1
18408,-0.5554408346734255,,-0.017929690717924274,1
18409,0.3821592468744629,,-0.08303578550627322,1
18410,-0.14814188029462208,-0.14814188029462208,-0.14814188029462208,0
18411,0.8930771790281328,0.8930771790281328,0.8930771790281328,0
18412,0.4402284421874231,0.4402284421874231,0.4402284421874231,0
18413,2.2196747981912943,2.2196747981912943,2.2196747981912943,0
18414,-1.2197553525587381,-1.2197553525587381,-1.2197553525587381,0
18415,0.36084163332842284,0.36084163332842284,0.36084163332842284,0
18416,-2.3183059662366907,-2.3183059662366907,-2.3183059662366907,0
18417,0.07990515910050489,0.07990515910050489,0.07990515910050489,0
18418,-0.6086884555625118,,0.12040861622329624,1
18419,-0.9067443130976502,,0.1609120733460876,1
18420,-1.6843776846842458,,0.20141553046887894,1
18421,-0.8611792800830393,,0.2419189875916703,1
18422,-0.15692960326349586,,0.28242244471446165,1
18423,-1.2586962547489178,,0.322925901837253,1
18424,-0.4917612874079264,,0.36342935896004436,1
18425,-0.643627464352804,,0.4039328160828357,1
18426,0.9782797265999486,,0.44443627320562706,1
18427,-0.36221152018163094,,0.4849397303284184,1
18428,0.5254431874512098,0.5254431874512098,0.5254431874512098,0
18429,-1.0405323379684086,-1.0405323379684086,-1.0405323379684086,0
18430,1.1246482565301934,1.1246482565301934,1.1246482565301934,0
18431,0.5579134898428911,0.5579134898428911,0.5579134898428911,0
18432,-1.0761903235521417,-1.0761903235521417,-1.0761903235521417,0
18433,0.27123024820121955,0.27123024820121955,0.27123024820121955,0
18434,1.0743699893925525,1.0743699893925525,1.0743699893925525,0
18435,-0.8505098787736203,-0.8505098787736203,-0.8505098787736203,0
18436,1.0517643092074465,1.0517643092074465,1.0517643092074465,0
18437,-0.7398021197397558,-0.7398021197397558,-0.7398021197397558,0
18438,0.5349965957113076,0.5349965957113076,0.5349965957113076,0
18439,-1.2611385575393657,-1.2611385575393657,-1.2611385575393657,0
18440,-0.4043661638033233,-0.4043661638033233,-0.4043661638033233,0
18441,-0.8583789225954784,-0.8583789225954784,-0.8583789225954784,0
18442,0.37588525017718605,0.37588525017718605,0.37588525017718605,0
18443,0.34307380143886723,0.34307380143886723,0.34307380143886723,0
18444,0.04816077605665343,0.04816077605665343,0.04816077605665343,0
18445,-1.7561376798173,-1.7561376798173,-1.7561376798173,0
18446,0.13311689069978824,0.13311689069978824,0.13311689069978824,0
18447,-1.7184307084633301,-1.7184307084633301,-1.7184307084633301,0
18448,-0.6424895614556075,-0.6424895614556075,-0.6424895614556075,0
18449,-1.6579363575707167,-1.6579363575707167,-1.6579363575707167,0
18450,-0.9983541944384113,-0.9983541944384113,-0.9983541944384113,0
18451,1.0032878786594108,1.0032878786594108,1.0032878786594108,0
18452,-0.4240603311257237,-0.4240603311257237,-0.4240603311257237,0
18453,1.6768472537904555,1.6768472537904555,1.6768472537904555,0
18454,-0.5076636261017986,-0.5076636261017986,-0.5076636261017986,0
18455,1.1457817848260536,1.1457817848260536,1.1457817848260536,0
18456,-1.4920517214517037,-1.4920517214517037,-1.4920517214517037,0
18457,-1.1708597176667297,-1.1708597176667297,-1.1708597176667297,0
18458,-2.990348857833407,-2.990348857833407,-2.990348857833407,0
18459,0.08246948623039174,0.08246948623039174,0.08246948623039174,0
18460,-1.2895442404419177,-1.2895442404419177,-1.2895442404419177,0
18461,0.08094771814818118,0.08094771814818118,0.08094771814818118,0
18462,-0.7872211120281957,-0.7872211120281957,-0.7872211120281957,0
18463,-0.07207881171689587,-0.07207881171689587,-0.07207881171689587,0
18464,0.8907880372648981,0.8907880372648981,0.8907880372648981,0
18465,-1.1806460979321116,-1.1806460979321116,-1.1806460979321116,0
18466,-0.15414826428081613,-0.15414826428081613,-0.15414826428081613,0
18467,-1.2537637193167064,-1.2537637193167064,-1.2537637193167064,0
18468,1.3415656924458907,1.3415656924458907,1.3415656924458907,0
18469,-1.4362063934963927,-1.4362063934963927,-1.4362063934963927,0
18470,0.18944066649850458,0.18944066649850458,0.18944066649850458,0
18471,0.4164785678244618,,0.09054076838114221,1
18472,0.45183405972743657,,-0.008359129736220161,1
18473,-0.5144698165282412,,-0.10725902785358252,1
18474,1.97018221085077,,-0.2061589259709449,1
18475,-0.3872220989286951,,-0.3050588240883073,1
18476,-1.1506536793591318,,-0.40395872220566964,1
18477,-0.3135027176333823,,-0.5028586203230321,1
18478,0.6951077002755635,,-0.6017585184403944,1
18479,1.0939773457366262,,-0.7006584165577567,1
18480,-1.266278664211735,,-0.7995583146751192,1
18481,-0.8984582127924815,-0.8984582127924815,-0.8984582127924815,0
18482,-0.15756873005680921,,-0.8832692511406954,1
18483,-0.11253385361217762,,-0.8680802894889094,1
18484,1.5817944031715128,,-0.8528913278371233,1
18485,0.7058616639894872,,-0.8377023661853372,1
18486,0.34102765924395223,,-0.8225134045335512,1
18487,-0.08035919108097715,,-0.8073244428817652,1
18488,-0.5740743817107781,,-0.7921354812299791,1
18489,-0.02871254649286417,,-0.776946519578193,1
18490,-0.3112649110546218,,-0.761757557926407,1
18491,-1.1290569102178691,,-0.7465685962746209,1
18492,-0.7313796346228348,-0.7313796346228348,-0.7313796346228348,0
18493,-0.33520391312728304,,-0.736058117113745,1
18494,-0.20678182809254125,,-0.7407365996046553,1
18495,0.8947050079932735,,-0.7454150820955655,1
18496,2.2139819518613604,,-0.7500935645864757,1
18497,-0.6463784950225749,,-0.754772047077386,1
18498,0.6052571372436976,,-0.7594505295682962,1
18499,1.1788233688745036,,-0.7641290120592065,1
18500,-0.08339640234300247,,-0.7688074945501167,1
18501,-0.6784256643571736,,-0.7734859770410268,1
18502,0.2565775943012104,,-0.7781644595319371,1
18503,-0.7828429420228473,-0.7828429420228473,-0.7828429420228473,0
18504,-0.11132014436497502,-0.11132014436497502,-0.11132014436497502,0
18505,-0.5982948860053379,-0.5982948860053379,-0.5982948860053379,0
18506,-0.5529579848536764,-0.5529579848536764,-0.5529579848536764,0
18507,0.0006243005128434023,0.0006243005128434023,0.0006243005128434023,0
18508,0.8495079753023342,0.8495079753023342,0.8495079753023342,0
18509,-0.21426642772825888,-0.21426642772825888,-0.21426642772825888,0
18510,0.050274241392770064,,-0.17127439088532362,1
18511,-0.21414973552611058,,-0.12828235404238836,1
18512,-1.1351504551980545,,-0.08529031719945307,1
18513,-0.07773360738246754,,-0.04229828035651781,1
18514,-0.6393863194688969,,0.0006937564864174517,1
18515,-0.7274408399239555,,0.04368579332935274,1
18516,-1.4553627484167972,,0.08667783017228797,1
18517,0.16958271985369142,,0.12966986701522326,1
18518,0.09458167664420089,,0.17266190385815855,1
18519,0.11900678906537522,,0.21565394070109378,1
18520,-0.36968311022097156,,0.25864597754402907,1
18521,-0.06362249305514424,,0.30163801438696436,1
18522,-1.0991409344916885,,0.34463005122989965,1
18523,2.2725220727432123,,0.3876220880728348,1
18524,-0.4225875154033562,,0.4306141249157701,1
18525,0.7869426921103858,,0.4736061617587054,1
18526,0.40843242143843184,,0.5165981986016407,1
18527,-0.7843856800605574,,0.559590235444576,1
18528,0.5937542987046903,,0.6025822722875112,1
18529,1.0515112450106365,,0.6455743091304464,1
18530,0.6885663459733817,0.6885663459733817,0.6885663459733817,0
18531,0.23478067699746497,0.23478067699746497,0.23478067699746497,0
18532,-0.2211909653007237,-0.2211909653007237,-0.2211909653007237,0
18533,-0.2256173759321461,-0.2256173759321461,-0.2256173759321461,0
18534,-1.317239119825221,-1.317239119825221,-1.317239119825221,0
18535,0.22935477275159946,0.22935477275159946,0.22935477275159946,0
18536,-2.592341624049338,-2.592341624049338,-2.592341624049338,0
18537,-1.7829449491307363,-1.7829449491307363,-1.7829449491307363,0
18538,0.17710556561413446,0.17710556561413446,0.17710556561413446,0
18539,1.1057003364164255,1.1057003364164255,1.1057003364164255,0
18540,-0.014686535059890751,-0.014686535059890751,-0.014686535059890751,0
18541,1.5408565483242653,1.5408565483242653,1.5408565483242653,0
18542,-0.6356045248979458,-0.6356045248979458,-0.6356045248979458,0
18543,0.4182558085917514,0.4182558085917514,0.4182558085917514,0
18544,1.570025972132569,,0.3843371551766112,1
18545,1.4323038239805115,,0.35041850176147105,1
18546,0.4113028902156218,,0.3164998483463309,1
18547,1.7105400588037114,,0.2825811949311907,1
18548,-0.39000829599236425,,0.24866254151605055,1
18549,-0.5567214266786265,,0.21474388810091039,1
18550,0.828391241411519,,0.18082523468577022,1
18551,0.43186783012777963,,0.14690658127063005,1
18552,0.1302819248821909,,0.11298792785548989,1
18553,-0.3916185525390167,,0.07906927444034972,1
18554,-0.037464764992650314,,0.04515062102520956,1
18555,-0.04445388703054331,,0.011231967610069393,1
18556,-0.5812801504044045,,-0.022686685805070772,1
18557,1.9303549014478703,,-0.05660533922021094,1
18558,1.8080060709463714,,-0.09052399263535116,1
18559,-1.7708437105217962,,-0.12444264605049127,1
18560,0.2230498343977709,,-0.15836129946563138,1
18561,1.0642551504791558,,-0.1922799528807716,1
18562,-1.263071869794073,,-0.22619860629591182,1
18563,0.7152490022318078,,-0.26011725971105193,1
18564,-0.29403591312619215,-0.29403591312619215,-0.29403591312619215,0
18565,-1.0012937808487112,-1.0012937808487112,-1.0012937808487112,0
18566,0.1520206282235191,0.1520206282235191,0.1520206282235191,0
18567,-0.7894480475891276,-0.7894480475891276,-0.7894480475891276,0
18568,0.19627297878863081,0.19627297878863081,0.19627297878863081,0
18569,-0.3378770247949163,-0.3378770247949163,-0.3378770247949163,0
18570,0.07113256582769771,0.07113256582769771,0.07113256582769771,0
18571,0.5221071124958601,0.5221071124958601,0.5221071124958601,0
18572,0.45066510365454304,0.45066510365454304,0.45066510365454304,0
18573,0.4524371916127569,0.4524371916127569,0.4524371916127569,0
18574,-2.0178784698347467,-2.0178784698347467,-2.0178784698347467,0
18575,-1.5224257700667119,-1.5224257700667119,-1.5224257700667119,0
18576,1.1481192196799896,1.1481192196799896,1.1481192196799896,0
18577,1.4928571874765302,1.4928571874765302,1.4928571874765302,0
18578,0.467706356062283,0.467706356062283,0.467706356062283,0
18579,-0.8602802856167068,-0.8602802856167068,-0.8602802856167068,0
18580,-1.2256323753173461,-1.2256323753173461,-1.2256323753173461,0
18581,0.3518411092832879,,-1.093792254861677,1
18582,0.15955607574081998,,-0.9619521344060077,1
18583,-2.5261429612348207,,-0.8301120139503384,1
18584,-0.36419280310538493,,-0.6982718934946692,1
18585,0.5427725803067303,,-0.566431773039,1
18586,0.9262167656437978,,-0.43459165258333077,1
18587,0.36457720841983016,,-0.3027515321276615,1
18588,-1.0514672648329653,,-0.1709114116719923,1
18589,0.03714801794818105,,-0.039071291216323134,1
18590,0.8745651862594205,,0.09276882923934604,1
18591,0.22460894969501552,0.22460894969501552,0.22460894969501552,0
18592,1.1936904937376778,,0.18773505813937347,1
18593,1.1071688583896282,,0.15086116658373144,1
18594,-0.024166678923036082,,0.11398727502808939,1
18595,-0.8998935521127113,,0.07711338347244734,1
18596,-0.02684884359174725,,0.04023949191680529,1
18597,0.3422172732153512,,0.0033656003611632623,1
18598,-0.10060789933539407,,-0.03350829119447882,1
18599,0.8267084889757234,,-0.07038218275012084,1
18600,1.0484102221303628,,-0.10725607430576287,1
18601,0.20220770945515587,,-0.14412996586140495,1
18602,-0.181003857417047,-0.181003857417047,-0.181003857417047,0
18603,0.9642188098354899,0.9642188098354899,0.9642188098354899,0
18604,-0.5056638344587717,-0.5056638344587717,-0.5056638344587717,0
18605,-2.5054622534738544,-2.5054622534738544,-2.5054622534738544,0
18606,-0.9586485978151174,-0.9586485978151174,-0.9586485978151174,0
18607,-0.7250072086633209,-0.7250072086633209,-0.7250072086633209,0
18608,2.2409972889505254,,-0.6834047984289435,1
18609,2.060092559998954,,-0.6418023881945663,1
18610,0.10039954516991395,,-0.6001999779601889,1
18611,0.8721519196211517,,-0.5585975677258115,1
18612,-0.1477900632898022,,-0.5169951574914341,1
18613,1.0220591720963346,,-0.47539274725705677,1
18614,0.3068384103712299,,-0.43379033702267944,1
18615,-0.4688623414153394,,-0.39218792678830205,1
18616,-0.27504223305910036,,-0.35058551655392467,1
18617,-0.004671360334491213,,-0.30898310631954734,1
18618,-0.26738069608517,-0.26738069608517,-0.26738069608517,0
18619,0.13270550781157958,,-0.2733684303074662,1
18620,0.4558215902126967,,-0.2793561645297625,1
18621,0.3487893579025293,,-0.2853438987520587,1
18622,-0.4882987801310964,,-0.2913316329743549,1
18623,0.12998249310449994,,-0.29731936719665114,1
18624,0.14709217042887168,,-0.30330710141894734,1
18625,-0.4224143623861355,,-0.3092948356412436,1
18626,-0.8490195681195417,,-0.3152825698635398,1
18627,0.9119548855348364,,-0.321270304085836,1
18628,1.3612425841590488,,-0.32725803830813227,1
18629,-0.3332457725304285,-0.3332457725304285,-0.3332457725304285,0
18630,0.2539760665115999,0.2539760665115999,0.2539760665115999,0
18631,-0.93393297476516,-0.93393297476516,-0.93393297476516,0
18632,1.0120357419156865,1.0120357419156865,1.0120357419156865,0
18633,0.6096609685783385,0.6096609685783385,0.6096609685783385,0
18634,-0.8048323154516873,-0.8048323154516873,-0.8048323154516873,0
18635,-1.5346410337405676,-1.5346410337405676,-1.5346410337405676,0
18636,-0.7394391997695993,-0.7394391997695993,-0.7394391997695993,0
18637,1.1951050118689035,1.1951050118689035,1.1951050118689035,0
18638,0.02269978195214287,0.02269978195214287,0.02269978195214287,0
18639,1.3696800808249745,1.3696800808249745,1.3696800808249745,0
18640,0.6103231354680647,0.6103231354680647,0.6103231354680647,0
18641,-0.6267570819508475,-0.6267570819508475,-0.6267570819508475,0
18642,-0.11390381817388659,-0.11390381817388659,-0.11390381817388659,0
18643,-0.680219139073308,-0.680219139073308,-0.680219139073308,0
18644,-1.1479693877859138,-1.1479693877859138,-1.1479693877859138,0
18645,-1.8174566127577778,-1.8174566127577778,-1.8174566127577778,0
18646,0.699586711081132,0.699586711081132,0.699586711081132,0
18647,-0.07549888413224495,,0.5953777790253698,1
18648,-0.1657985845600618,,0.4911688469696077,1
18649,0.06407605979469141,,0.3869599149138455,1
18650,1.098615717545383,,0.28275098285808337,1
18651,0.5603330688672329,,0.17854205080232122,1
18652,-0.8422798202062362,,0.07433311874655901,1
18653,-0.17708783147541474,,-0.02987581330920308,1
18654,-0.809417035440834,,-0.13408474536496529,1
18655,1.8426562944773692,,-0.2382936774207275,1
18656,0.3813748285120843,,-0.3425026094764896,1
18657,-0.4467115415322519,-0.4467115415322519,-0.4467115415322519,0
18658,-0.485149942266354,-0.485149942266354,-0.485149942266354,0
18659,1.5197224153153541,1.5197224153153541,1.5197224153153541,0
18660,-0.2792249939026417,,1.4363278707028777,1
18661,-0.17275865800457102,,1.3529333260904015,1
18662,1.5126577730186572,,1.269538781477925,1
18663,0.7230755826280754,,1.1861442368654487,1
18664,0.24630926906504708,,1.1027496922529723,1
18665,0.015548131054535601,,1.0193551476404958,1
18666,-0.7321067246673922,,0.9359606030280196,1
18667,0.14683136452266,,0.8525660584155432,1
18668,-0.9295299859569333,,0.7691715138030668,1
18669,0.9849190230992744,,0.6857769691905905,1
18670,0.6023824245781141,0.6023824245781141,0.6023824245781141,0
18671,-0.08012159276658372,-0.08012159276658372,-0.08012159276658372,0
18672,-0.11853172605358055,,-0.06247410443879331,1
18673,-0.06567195421464089,,-0.0448266161110029,1
18674,-1.4398283345519285,,-0.027179127783212492,1
18675,-0.13852395681111568,,-0.009531639455422083,1
18676,0.10330691360045045,,0.008115848872368325,1
18677,-1.873328548152353,,0.025763337200158734,1
18678,-0.25282803092273254,,0.04341082552794914,1
18679,0.7819710236899382,,0.06105831385573955,1
18680,-0.2008265283523945,,0.07870580218352995,1
18681,1.24616340496156,,0.09635329051132037,1
18682,0.1140007788391108,0.1140007788391108,0.1140007788391108,0
18683,-0.42483695347270317,-0.42483695347270317,-0.42483695347270317,0
18684,0.05472660149544716,0.05472660149544716,0.05472660149544716,0
18685,-1.945848511014829,-1.945848511014829,-1.945848511014829,0
18686,0.3891701393512327,0.3891701393512327,0.3891701393512327,0
18687,0.8732689014099897,0.8732689014099897,0.8732689014099897,0
18688,0.514744677248233,0.514744677248233,0.514744677248233,0
18689,0.6502374627718746,,0.5318366429165511,1
18690,0.8961868564263372,,0.5489286085848691,1
18691,-0.17975408189058842,,0.5660205742531871,1
18692,-1.9256461229051671,,0.5831125399215051,1
18693,-0.021476287931345973,,0.6002045055898232,1
18694,1.2358531644271946,,0.6172964712581412,1
18695,1.8097469854435597,,0.6343884369264593,1
18696,1.304872579436909,,0.6514804025947774,1
18697,0.070149041068467,,0.6685723682630953,1
18698,1.4029890668624887,,0.6856643339314134,1
18699,0.7027562995997314,0.7027562995997314,0.7027562995997314,0
18700,-0.1839338309240291,-0.1839338309240291,-0.1839338309240291,0
18701,1.2450594144817755,1.2450594144817755,1.2450594144817755,0
18702,-0.402464245223935,-0.402464245223935,-0.402464245223935,0
18703,-0.6489102710806528,-0.6489102710806528,-0.6489102710806528,0
18704,-0.28451342175544725,-0.28451342175544725,-0.28451342175544725,0
18705,-0.5460401505951801,-0.5460401505951801,-0.5460401505951801,0
18706,-0.7476336704331111,-0.7476336704331111,-0.7476336704331111,0
18707,0.7069583612816823,,-0.5420573822168722,1
18708,0.505119275807973,,-0.33648109400063314,1
18709,1.1458088436618297,,-0.13090480578439412,1
18710,-0.8180653411574826,,0.07467148243184485,1
18711,-0.5722925982804309,,0.2802477706480838,1
18712,1.5911713521655564,,0.4858240588643229,1
18713,0.37262665378329934,,0.6914003470805618,1
18714,1.1830587438011813,,0.8969766352968008,1
18715,-0.09916322388660441,,1.10255292351304,1
18716,-0.549209894824123,,1.3081292117292787,1
18717,1.513705499945518,1.513705499945518,1.513705499945518,0
18718,0.47054056366844094,0.47054056366844094,0.47054056366844094,0
18719,-1.5262001685526843,-1.5262001685526843,-1.5262001685526843,0
18720,-0.7268898442615174,-0.7268898442615174,-0.7268898442615174,0
18721,-0.5700037514643692,-0.5700037514643692,-0.5700037514643692,0
18722,0.02900599180183795,0.02900599180183795,0.02900599180183795,0
18723,-1.1905839649899232,-1.1905839649899232,-1.1905839649899232,0
18724,0.03613360305789784,0.03613360305789784,0.03613360305789784,0
18725,-0.135671057322649,-0.135671057322649,-0.135671057322649,0
18726,1.767085121738745,1.767085121738745,1.767085121738745,0
18727,0.3650572887081554,0.3650572887081554,0.3650572887081554,0
18728,-0.31167766954410103,-0.31167766954410103,-0.31167766954410103,0
18729,0.7101102809303195,0.7101102809303195,0.7101102809303195,0
18730,-1.9307929221639424,-1.9307929221639424,-1.9307929221639424,0
18731,0.6382995674821476,0.6382995674821476,0.6382995674821476,0
18732,0.16126052227688878,0.16126052227688878,0.16126052227688878,0
18733,-0.16281472957950652,-0.16281472957950652,-0.16281472957950652,0
18734,0.07484990632764972,0.07484990632764972,0.07484990632764972,0
18735,0.745158604901991,,-0.008574017492658903,1
18736,0.9585434276355634,,-0.09199794131296753,1
18737,1.0390424266840097,,-0.17542186513327618,1
18738,-2.2608012123555925,,-0.2588457889535848,1
18739,0.5177913000243055,,-0.3422697127738934,1
18740,-0.8098882835529986,,-0.42569363659420206,1
18741,1.2057156757752574,,-0.5091175604145106,1
18742,-0.9089687880308336,,-0.5925414842348192,1
18743,1.3545896360998235,,-0.6759654080551278,1
18744,0.09400086433575554,,-0.7593893318754364,1
18745,-0.8428132556957451,-0.8428132556957451,-0.8428132556957451,0
18746,-0.7781160430683951,-0.7781160430683951,-0.7781160430683951,0
18747,-0.14424069091148403,-0.14424069091148403,-0.14424069091148403,0
18748,-1.1500983066149673,-1.1500983066149673,-1.1500983066149673,0
18749,0.3990842030726534,,-1.0202540736928742,1
18750,0.57511449843854,,-0.8904098407707812,1
18751,2.1391494038982803,,-0.7605656078486883,1
18752,0.41616633522046137,,-0.6307213749265953,1
18753,-0.5058100827523145,,-0.5008771420045023,1
18754,0.3700893365436351,,-0.3710329090824094,1
18755,0.37856698138784556,,-0.24118867616031636,1
18756,-1.783413408478242,,-0.11134444323822335,1
18757,-2.5558091979074167,,0.018499789683869672,1
18758,-0.04040944933320126,,0.1483440226059627,1
18759,0.2781882555280557,0.2781882555280557,0.2781882555280557,0
18760,1.3391044932297818,1.3391044932297818,1.3391044932297818,0
18761,-0.88563059157166,,1.2970673087699327,1
18762,-1.1614709598015434,,1.2550301243100837,1
18763,0.18740379156644538,,1.2129929398502348,1
18764,1.1412534834059105,,1.1709557553903858,1
18765,-1.6722621395580273,,1.1289185709305367,1
18766,0.2932947038961259,,1.0868813864706877,1
18767,0.5194313010196305,,1.0448442020108386,1
18768,-0.28637599952863485,,1.0028070175509898,1
18769,0.11616190565017052,,0.9607698330911407,1
18770,1.1733887078969087,,0.9187326486312917,1
18771,0.8766954641714427,0.8766954641714427,0.8766954641714427,0
18772,0.9570418904474085,0.9570418904474085,0.9570418904474085,0
18773,-0.06834696504710791,-0.06834696504710791,-0.06834696504710791,0
18774,1.8131340565398963,1.8131340565398963,1.8131340565398963,0
18775,-0.7016452471325075,-0.7016452471325075,-0.7016452471325075,0
18776,-1.3545981041862993,-1.3545981041862993,-1.3545981041862993,0
18777,0.0056240990690610134,0.0056240990690610134,0.0056240990690610134,0
18778,-0.8123501641319267,-0.8123501641319267,-0.8123501641319267,0
18779,-1.8788020016512528,-1.8788020016512528,-1.8788020016512528,0
18780,-0.1930302917013162,-0.1930302917013162,-0.1930302917013162,0
18781,0.8588429628038969,0.8588429628038969,0.8588429628038969,0
18782,-0.34949108443311444,-0.34949108443311444,-0.34949108443311444,0
18783,0.8862781446935802,,-0.24205110189055823,1
18784,1.1432388462207739,,-0.134611119348002,1
18785,-0.8776070528359796,,-0.02717113680544575,1
18786,1.3531409727369776,,0.08026884573711046,1
18787,-1.6391045331264793,,0.18770882827966667,1
18788,-0.19325830520348966,,0.29514881082222294,1
18789,-0.7106105440966147,,0.4025887933647791,1
18790,-0.6463564449382893,,0.5100287759073354,1
18791,-0.6639622506816933,,0.6174687584498917,1
18792,0.4881823198983532,,0.7249087409924477,1
18793,0.8323487235350041,0.8323487235350041,0.8323487235350041,0
18794,-0.15247648716037437,-0.15247648716037437,-0.15247648716037437,0
18795,1.203346859287131,1.203346859287131,1.203346859287131,0
18796,-1.142650847679514,-1.142650847679514,-1.142650847679514,0
18797,-0.04527698851327756,-0.04527698851327756,-0.04527698851327756,0
18798,0.17634888425172277,0.17634888425172277,0.17634888425172277,0
18799,0.0009003916055088803,0.0009003916055088803,0.0009003916055088803,0
18800,1.2092466092915184,1.2092466092915184,1.2092466092915184,0
18801,0.19388069349446468,0.19388069349446468,0.19388069349446468,0
18802,-0.6464587066433194,,0.13428959077855412,1
18803,-0.9143099887787083,,0.07469848806264358,1
18804,1.3708138146947244,,0.015107385346733032,1
18805,-1.3541988915384213,,-0.04448371736917753,1
18806,-0.5810557891153263,,-0.10407482008508806,1
18807,0.6788379053136164,,-0.16366592280099862,1
18808,0.20299401619459354,,-0.22325702551690918,1
18809,-0.06369721382943504,,-0.28284812823281974,1
18810,0.6345994002065811,,-0.3424392309487303,1
18811,-0.4216415974271981,,-0.4020303336646408,1
18812,-0.4616214363805515,-0.4616214363805515,-0.4616214363805515,0
18813,0.04534899355311949,0.04534899355311949,0.04534899355311949,0
18814,-1.6138252621379232,-1.6138252621379232,-1.6138252621379232,0
18815,1.2580729004681117,1.2580729004681117,1.2580729004681117,0
18816,-0.9649721371659282,-0.9649721371659282,-0.9649721371659282,0
18817,-0.2338590501941975,-0.2338590501941975,-0.2338590501941975,0
18818,0.5176357494170112,0.5176357494170112,0.5176357494170112,0
18819,-0.39487748907596404,-0.39487748907596404,-0.39487748907596404,0
18820,1.109069288073243,1.109069288073243,1.109069288073243,0
18821,0.7498218093125296,0.7498218093125296,0.7498218093125296,0
18822,-1.219345374376219,-1.219345374376219,-1.219345374376219,0
18823,0.27821189367483523,0.27821189367483523,0.27821189367483523,0
18824,0.7421989398156318,0.7421989398156318,0.7421989398156318,0
18825,-0.36150148082305844,-0.36150148082305844,-0.36150148082305844,0
18826,-0.37283820097112813,-0.37283820097112813,-0.37283820097112813,0
18827,-1.9552550843387355,-1.9552550843387355,-1.9552550843387355,0
18828,-0.6145993167204626,-0.6145993167204626,-0.6145993167204626,0
18829,-1.510582918912933,-1.510582918912933,-1.510582918912933,0
18830,-0.3217435142305931,-0.3217435142305931,-0.3217435142305931,0
18831,-1.24076779239298,-1.24076779239298,-1.24076779239298,0
18832,0.26296565903192776,0.26296565903192776,0.26296565903192776,0
18833,1.962510986552291,1.962510986552291,1.962510986552291,0
18834,1.109398682075299,1.109398682075299,1.109398682075299,0
18835,-0.562276021259658,-0.562276021259658,-0.562276021259658,0
18836,-1.188178550311391,-1.188178550311391,-1.188178550311391,0
18837,1.1814757684325137,1.1814757684325137,1.1814757684325137,0
18838,0.6939215689101556,0.6939215689101556,0.6939215689101556,0
18839,2.0013953515145197,2.0013953515145197,2.0013953515145197,0
18840,-1.4708276650016145,-1.4708276650016145,-1.4708276650016145,0
18841,0.8901502743710249,0.8901502743710249,0.8901502743710249,0
18842,-0.09601012620361439,,0.7859631404334653,1
18843,-0.1571978827944431,,0.6817760064959058,1
18844,-0.19637252321906704,,0.5775888725583462,1
18845,-1.2384240656836887,,0.4734017386207866,1
18846,-1.0398111250686612,,0.3692146046832271,1
18847,-0.9373564446232842,,0.26502747074566746,1
18848,-0.7808871176524177,,0.16084033680810783,1
18849,-2.094091527032494,,0.056653202870548314,1
18850,0.19591219916380959,,-0.047533931067011204,1
18851,-1.64370587724957,,-0.15172106500457072,1
18852,-0.25590819894213057,-0.25590819894213057,-0.25590819894213057,0
18853,0.4029390575110504,0.4029390575110504,0.4029390575110504,0
18854,1.5033129865919046,1.5033129865919046,1.5033129865919046,0
18855,0.4847909784204155,0.4847909784204155,0.4847909784204155,0
18856,0.44692124395400573,0.44692124395400573,0.44692124395400573,0
18857,-1.9566143652511856,-1.9566143652511856,-1.9566143652511856,0
18858,-0.7247153206341824,-0.7247153206341824,-0.7247153206341824,0
18859,0.6803391166544454,0.6803391166544454,0.6803391166544454,0
18860,0.3333869016073032,0.3333869016073032,0.3333869016073032,0
18861,-0.8717879033492272,-0.8717879033492272,-0.8717879033492272,0
18862,1.3333162451306926,1.3333162451306926,1.3333162451306926,0
18863,0.05451514118115169,0.05451514118115169,0.05451514118115169,0
18864,1.4150804542919118,1.4150804542919118,1.4150804542919118,0
18865,1.1366469316532581,1.1366469316532581,1.1366469316532581,0
18866,0.9288799739131116,0.9288799739131116,0.9288799739131116,0
18867,-0.6251539925511214,-0.6251539925511214,-0.6251539925511214,0
18868,-0.18877659727758372,-0.18877659727758372,-0.18877659727758372,0
18869,-0.2614298689333724,-0.2614298689333724,-0.2614298689333724,0
18870,-0.5239334482054813,,-0.41418538095166013,1
18871,-0.619494272195183,,-0.5669408929699478,1
18872,1.0155479649850363,,-0.7196964049882355,1
18873,0.09698598861162362,,-0.8724519170065232,1
18874,-0.03007796045796776,,-1.025207429024811,1
18875,0.22580904482078282,,-1.1779629410430985,1
18876,-1.919205757952893,,-1.3307184530613863,1
18877,0.2656087663069538,,-1.483473965079674,1
18878,-0.13263491448155681,,-1.6362294770979617,1
18879,-0.8082801326174985,,-1.7889849891162495,1
18880,-1.9417405011345372,-1.9417405011345372,-1.9417405011345372,0
18881,0.06535564501053637,0.06535564501053637,0.06535564501053637,0
18882,1.9343227582120854,1.9343227582120854,1.9343227582120854,0
18883,-0.03099890890575049,-0.03099890890575049,-0.03099890890575049,0
18884,-0.7514983226300763,-0.7514983226300763,-0.7514983226300763,0
18885,0.036850210210135875,0.036850210210135875,0.036850210210135875,0
18886,-0.9803231086987885,-0.9803231086987885,-0.9803231086987885,0
18887,1.8672852811055545,1.8672852811055545,1.8672852811055545,0
18888,-0.7797464314122124,,1.8173231360402544,1
18889,-0.7712412555875815,,1.7673609909749544,1
18890,0.18562456429469876,,1.7173988459096543,1
18891,0.3299930830769954,,1.6674367008443542,1
18892,0.7029703119797417,,1.617474555779054,1
18893,-0.18966999235397458,,1.567512410713754,1
18894,1.017461682948327,,1.5175502656484539,1
18895,-1.2217805943968667,,1.4675881205831538,1
18896,1.0537038650246413,,1.4176259755178537,1
18897,-0.6932029400132534,,1.3676638304525537,1
18898,1.3177016853872536,1.3177016853872536,1.3177016853872536,0
18899,-0.7910189006433378,-0.7910189006433378,-0.7910189006433378,0
18900,-0.12820973588440684,-0.12820973588440684,-0.12820973588440684,0
18901,0.8506188838488806,0.8506188838488806,0.8506188838488806,0
18902,-0.4271593459502627,-0.4271593459502627,-0.4271593459502627,0
18903,0.14912096222534502,0.14912096222534502,0.14912096222534502,0
18904,-0.6106070587006894,-0.6106070587006894,-0.6106070587006894,0
18905,-1.3795314147372177,-1.3795314147372177,-1.3795314147372177,0
18906,-0.7997087382159033,,-1.344968689109125,1
18907,-0.7785752986710904,,-1.3104059634810323,1
18908,0.7298496191572676,,-1.2758432378529398,1
18909,0.652689003753132,,-1.2412805122248471,1
18910,0.4377036206649866,,-1.2067177865967544,1
18911,1.8273574514110291,,-1.1721550609686617,1
18912,-1.4139875995663929,,-1.137592335340569,1
18913,-0.06999339500916381,,-1.1030296097124763,1
18914,-0.5354904180528964,,-1.0684668840843838,1
18915,1.5284905138999267,,-1.0339041584562911,1
18916,-0.9993414328281984,-0.9993414328281984,-0.9993414328281984,0
18917,-1.719023856572789,-1.719023856572789,-1.719023856572789,0
18918,2.621672522704152,2.621672522704152,2.621672522704152,0
18919,-1.5584474378836437,-1.5584474378836437,-1.5584474378836437,0
18920,0.6605312739810805,0.6605312739810805,0.6605312739810805,0
18921,0.5967685533236617,0.5967685533236617,0.5967685533236617,0
18922,1.4145266033010353,1.4145266033010353,1.4145266033010353,0
18923,1.034721673397451,1.034721673397451,1.034721673397451,0
18924,-0.3292325734674666,-0.3292325734674666,-0.3292325734674666,0
18925,-0.233659969796203,,-0.26054736227442843,1
18926,-0.3404716670983854,,-0.1918621510813902,1
18927,0.5594862324026353,,-0.12317693988835202,1
18928,-0.33049241606990715,,-0.054491728695313824,1
18929,0.5692872939657226,,0.014193482497724341,1
18930,-1.4359303624444446,,0.08287869369076256,1
18931,0.041231839904616575,,0.15156390488380078,1
18932,-0.39302213225978455,,0.22024911607683895,1
18933,0.9713510210043109,,0.2889343272698771,1
18934,0.5582267067829494,,0.3576195384629153,1
18935,-0.1750691838336635,,0.42630474965595355,1
18936,0.08520043487075805,,0.4949899608489917,1
18937,-0.4634412950651404,,0.5636751720420299,1
18938,0.8502145347629291,,0.6323603832350682,1
18939,-1.080894405048258,,0.7010455944281062,1
18940,-0.837990796362652,,0.7697308056211445,1
18941,0.008236591826250089,,0.8384160168141828,1
18942,-1.6867867322187,,0.9071012280072208,1
18943,0.18609913012724388,,0.9757864392002591,1
18944,-0.5649109272175796,,1.0444716503932971,1
18945,1.1131568615863354,1.1131568615863354,1.1131568615863354,0
18946,0.17722378819810564,0.17722378819810564,0.17722378819810564,0
18947,-0.7299026757099337,-0.7299026757099337,-0.7299026757099337,0
18948,-0.15201726275809518,-0.15201726275809518,-0.15201726275809518,0
18949,-1.8687778447212373,-1.8687778447212373,-1.8687778447212373,0
18950,-0.718962181640784,-0.718962181640784,-0.718962181640784,0
18951,-0.21327082510414608,-0.21327082510414608,-0.21327082510414608,0
18952,0.9984631737019406,0.9984631737019406,0.9984631737019406,0
18953,0.5416548638094116,0.5416548638094116,0.5416548638094116,0
18954,0.28539958926790865,0.28539958926790865,0.28539958926790865,0
18955,-0.9251083275499591,,0.30050197184765937,1
18956,-0.7215904169114669,,0.3156043544274101,1
18957,0.09700875539333974,,0.3307067370071608,1
18958,0.859918394901091,,0.3458091195869115,1
18959,0.7651789704520644,,0.36091150216666223,1
18960,0.21143097890093485,,0.37601388474641295,1
18961,0.3342844170317913,,0.39111626732616367,1
18962,-0.13561257720626044,,0.4062186499059144,1
18963,0.7450203141547778,,0.4213210324856651,1
18964,-0.7963153585324243,,0.4364234150654158,1
18965,0.45152579764516654,0.45152579764516654,0.45152579764516654,0
18966,0.5986412900285117,,0.41137176694900884,1
18967,0.3811988988068543,,0.37121773625285115,1
18968,0.2511510472960181,,0.3310637055566934,1
18969,-0.06539559633716485,,0.29090967486053576,1
18970,-0.24601764437667537,,0.250755644164378,1
18971,-1.3187813360284806,,0.21060161346822032,1
18972,0.9128544683976285,,0.17044758277206262,1
18973,-0.6125058437068974,,0.13029355207590493,1
18974,-0.6871397596141143,,0.09013952137974723,1
18975,-1.4236618082212251,,0.04998549068358954,1
18976,0.009831459987431772,0.009831459987431772,0.009831459987431772,0
18977,0.6118275775178574,0.6118275775178574,0.6118275775178574,0
18978,-2.270548994620366,-2.270548994620366,-2.270548994620366,0
18979,0.4314896106128928,0.4314896106128928,0.4314896106128928,0
18980,1.8296796517333291,1.8296796517333291,1.8296796517333291,0
18981,-1.328821300948159,-1.328821300948159,-1.328821300948159,0
18982,1.0309363343682916,1.0309363343682916,1.0309363343682916,0
18983,-0.4477536570267218,-0.4477536570267218,-0.4477536570267218,0
18984,-0.700550545751857,-0.700550545751857,-0.700550545751857,0
18985,1.8218064199809378,1.8218064199809378,1.8218064199809378,0
18986,0.5573153808631729,0.5573153808631729,0.5573153808631729,0
18987,1.085741979632738,1.085741979632738,1.085741979632738,0
18988,0.29814015091582696,0.29814015091582696,0.29814015091582696,0
18989,-0.2441694795493899,-0.2441694795493899,-0.2441694795493899,0
18990,0.2610946150788149,0.2610946150788149,0.2610946150788149,0
18991,-1.3465234469432896,-1.3465234469432896,-1.3465234469432896,0
18992,-0.037868740010786966,-0.037868740010786966,-0.037868740010786966,0
18993,1.312698077300757,1.312698077300757,1.312698077300757,0
18994,-1.0199697784784034,-1.0199697784784034,-1.0199697784784034,0
18995,-1.1297189714232918,-1.1297189714232918,-1.1297189714232918,0
18996,0.22340000277812921,0.22340000277812921,0.22340000277812921,0
18997,0.32542616746974057,,0.3208576123949187,1
18998,0.6494721779077646,,0.41831522201170823,1
18999,-1.0813237800630582,,0.5157728316284977,1
19000,0.5347991610341918,,0.6132304412452874,1
19001,-0.6313116262973423,,0.7106880508620768,1
19002,1.1963329942340957,,0.8081456604788664,1
19003,-0.013275505855124051,,0.9056032700956559,1
19004,-0.08114824406620973,,1.0030608797124454,1
19005,-0.7513879323840338,,1.100518489329235,1
19006,-1.6573737930836865,,1.1979760989460244,1
19007,1.2954337085628138,1.2954337085628138,1.2954337085628138,0
19008,-0.1371661418025089,-0.1371661418025089,-0.1371661418025089,0
19009,-1.9227673291831548,-1.9227673291831548,-1.9227673291831548,0
19010,0.037017129219597586,0.037017129219597586,0.037017129219597586,0
19011,1.7502418629664702,1.7502418629664702,1.7502418629664702,0
19012,0.7237572426641792,0.7237572426641792,0.7237572426641792,0
19013,-0.20711887209358887,-0.20711887209358887,-0.20711887209358887,0
19014,1.0229209192368331,1.0229209192368331,1.0229209192368331,0
19015,-1.2612222538895947,-1.2612222538895947,-1.2612222538895947,0
19016,-0.5629965691234147,-0.5629965691234147,-0.5629965691234147,0
19017,-0.19437304592541974,-0.19437304592541974,-0.19437304592541974,0
19018,0.06063024574574232,0.06063024574574232,0.06063024574574232,0
19019,-0.7345292096212653,-0.7345292096212653,-0.7345292096212653,0
19020,1.397632481772539,1.397632481772539,1.397632481772539,0
19021,0.10001849406914542,,1.3272238775703147,1
19022,0.23173126128244625,,1.2568152733680902,1
19023,0.1123576885013759,,1.1864066691658657,1
19024,-2.349051124239779,,1.1159980649636414,1
19025,2.2734355909642168,,1.0455894607614171,1
19026,1.2647196189120866,,0.9751808565591926,1
19027,0.6936749080893861,,0.9047722523569682,1
19028,0.45396823943394476,,0.8343636481547438,1
19029,2.131961056112302,,0.7639550439525195,1
19030,-1.7458121956391828,,0.6935464397502951,1
19031,0.6231378355480707,0.6231378355480707,0.6231378355480707,0
19032,-0.5232174636470521,-0.5232174636470521,-0.5232174636470521,0
19033,0.35563956674566405,0.35563956674566405,0.35563956674566405,0
19034,-0.07164843130071784,-0.07164843130071784,-0.07164843130071784,0
19035,0.17526932326510627,0.17526932326510627,0.17526932326510627,0
19036,1.5384470484066635,1.5384470484066635,1.5384470484066635,0
19037,-0.350285969441814,,1.401239767935831,1
19038,-0.21390434139380018,,1.2640324874649986,1
19039,0.39813809251171883,,1.126825206994166,1
19040,-0.5642468569125803,,0.9896179265233337,1
19041,1.314598462481644,,0.8524106460525013,1
19042,-1.4060296496062445,,0.7152033655816687,1
19043,-1.6289734946136956,,0.5779960851108363,1
19044,-0.7862742222225173,,0.4407888046400039,1
19045,-1.6128069666114566,,0.3035815241691715,1
19046,0.466625434444777,,0.16637424369833909,1
19047,0.02916696322750669,0.02916696322750669,0.02916696322750669,0
19048,1.5377943413331328,1.5377943413331328,1.5377943413331328,0
19049,-0.4683341674445566,-0.4683341674445566,-0.4683341674445566,0
19050,0.3763535583977333,,-0.42163680957233785,1
19051,0.043312938179548975,,-0.3749394517001191,1
19052,-1.5525118595030292,,-0.32824209382790037,1
19053,-0.5489914291977194,,-0.28154473595568164,1
19054,0.04949209504108478,,-0.23484737808346293,1
19055,0.055954028167771404,,-0.18815002021124422,1
19056,-0.05789852722481508,,-0.14145266233902548,1
19057,-0.908450579078529,,-0.09475530446680674,1
19058,0.7512759557512388,,-0.04805794659458801,1
19059,-1.6675074655437563,,-0.0013605887223692714,1
19060,0.04533676914984945,0.04533676914984945,0.04533676914984945,0
19061,-0.702251384968686,,0.19992223397872239,1
19062,-1.0329225991559212,,0.35450769880759536,1
19063,2.2153404919171265,,0.5090931636364683,1
19064,1.0019850352967463,,0.6636786284653412,1
19065,-1.7591944152743981,,0.8182640932942141,1
19066,-0.2402431669823727,,0.9728495581230872,1
19067,-1.855428005968355,,1.12743502295196,1
19068,0.1397189461045326,,1.282020487780833,1
19069,-0.420164581496354,,1.436605952609706,1
19070,-0.32131055581278173,,1.5911914174385788,1
19071,1.7457768822674518,1.7457768822674518,1.7457768822674518,0
19072,0.8969759336222463,0.8969759336222463,0.8969759336222463,0
19073,0.17808267333464173,0.17808267333464173,0.17808267333464173,0
19074,-2.4695738370013234,-2.4695738370013234,-2.4695738370013234,0
19075,-1.0576046555652092,-1.0576046555652092,-1.0576046555652092,0
19076,1.5368586503228667,1.5368586503228667,1.5368586503228667,0
19077,0.7262231016197973,0.7262231016197973,0.7262231016197973,0
19078,0.2756083193841783,0.2756083193841783,0.2756083193841783,0
19079,1.1807881191574083,1.1807881191574083,1.1807881191574083,0
19080,0.5957748544988944,0.5957748544988944,0.5957748544988944,0
19081,-1.3134083544553028,-1.3134083544553028,-1.3134083544553028,0
19082,0.6470486369311352,,-1.162650581537653,1
19083,0.45760558135776985,,-1.0118928086200034,1
19084,-1.3498670113104396,,-0.8611350357023538,1
19085,0.5803957429041265,,-0.7103772627847041,1
19086,2.0005200256495663,,-0.5596194898670545,1
19087,-0.7728662150394586,,-0.4088617169494049,1
19088,0.8709925111441847,,-0.2581039440317552,1
19089,0.5535783790571813,,-0.10734617111410549,1
19090,1.1152951264498805,,0.0434116018035442,1
19091,-0.8252115363130111,,0.1941693747211939,1
19092,0.34492714763884336,0.34492714763884336,0.34492714763884336,0
19093,0.45400586699105,0.45400586699105,0.45400586699105,0
19094,0.9396169829185769,,0.29889651040598986,1
19095,1.1020673144672737,,0.14378715382092977,1
19096,0.23903891537382138,,-0.011322202764130374,1
19097,-0.6406954546374454,,-0.16643155934919046,1
19098,-0.7676177439188466,,-0.32154091593425055,1
19099,0.6735491157853257,,-0.47665027251931075,1
19100,-0.1543412602255402,,-0.6317596291043708,1
19101,-0.7559773295829018,,-0.7868689856894309,1
19102,0.2567974182614001,,-0.941978342274491,1
19103,-0.6286892097367356,,-1.097087698859551,1
19104,-1.2521970554446111,-1.2521970554446111,-1.2521970554446111,0
19105,-0.017740377297005793,,-1.1373480382643333,1
19106,0.18898311618272975,,-1.0224990210840557,1
19107,-0.5734293680936366,,-0.9076500039037778,1
19108,0.4775050046532882,,-0.7928009867235001,1
19109,-1.1998495439267047,,-0.6779519695432223,1
19110,0.5743967737505937,,-0.5631029523629445,1
19111,-0.7801139081860601,,-0.44825393518266676,1
19112,1.157079508257451,,-0.33340491800238903,1
19113,-0.34027506784137196,,-0.21855590082211118,1
19114,-0.5502344046405553,,-0.10370688364183356,1
19115,0.011142133538444335,0.011142133538444335,0.011142133538444335,0
19116,0.003620052583816922,0.003620052583816922,0.003620052583816922,0
19117,-0.55672433780124,-0.55672433780124,-0.55672433780124,0
19118,-0.16142195504771734,-0.16142195504771734,-0.16142195504771734,0
19119,0.6075931957252455,0.6075931957252455,0.6075931957252455,0
19120,0.30695660026092514,0.30695660026092514,0.30695660026092514,0
19121,1.1100565455388927,1.1100565455388927,1.1100565455388927,0
19122,1.0970905071131425,1.0970905071131425,1.0970905071131425,0
19123,0.2745534106473783,0.2745534106473783,0.2745534106473783,0
19124,-0.6524615653952244,-0.6524615653952244,-0.6524615653952244,0
19125,0.2313229712395362,,-0.6432830825466789,1
19126,0.4050505292423506,,-0.6341045996981335,1
19127,1.1904390485135206,,-0.624926116849588,1
19128,-0.3692018662971876,,-0.6157476340010426,1
19129,0.4035667076655499,,-0.6065691511524971,1
19130,-1.4529288108476217,,-0.5973906683039517,1
19131,-0.872774579992276,,-0.5882121854554062,1
19132,0.3494866672160364,,-0.5790337026068608,1
19133,0.7505657030524264,,-0.5698552197583153,1
19134,0.252161216363205,,-0.5606767369097698,1
19135,-0.5514982540612244,-0.5514982540612244,-0.5514982540612244,0
19136,-1.167009940208376,-1.167009940208376,-1.167009940208376,0
19137,0.25767748219007536,0.25767748219007536,0.25767748219007536,0
19138,-0.48987812355265037,-0.48987812355265037,-0.48987812355265037,0
19139,-1.198095245373438,-1.198095245373438,-1.198095245373438,0
19140,0.5681921244125494,,-1.2215680726591314,1
19141,0.78877327702028,,-1.2450408999448248,1
19142,0.020674182542741903,,-1.2685137272305183,1
19143,-0.8785799969759094,,-1.2919865545162117,1
19144,0.9518110469015019,,-1.315459381801905,1
19145,-1.5118945448510273,,-1.3389322090875986,1
19146,-1.1916430609997353,,-1.3624050363732918,1
19147,-2.787320230468824,,-1.3858778636589852,1
19148,-0.34077622269611574,,-1.4093506909446787,1
19149,-0.3978951765891282,,-1.4328235182303721,1
19150,-1.4562963455160656,-1.4562963455160656,-1.4562963455160656,0
19151,0.165801083752009,0.165801083752009,0.165801083752009,0
19152,-0.6959913753085196,-0.6959913753085196,-0.6959913753085196,0
19153,-1.7150315610116467,-1.7150315610116467,-1.7150315610116467,0
19154,-0.6612116673791891,-0.6612116673791891,-0.6612116673791891,0
19155,2.639892906505652,2.639892906505652,2.639892906505652,0
19156,-2.5169430751552264,-2.5169430751552264,-2.5169430751552264,0
19157,-0.341458990893945,-0.341458990893945,-0.341458990893945,0
19158,0.03340365695534276,0.03340365695534276,0.03340365695534276,0
19159,0.8339585619912808,0.8339585619912808,0.8339585619912808,0
19160,0.4014864375944388,0.4014864375944388,0.4014864375944388,0
19161,0.24317448394976945,0.24317448394976945,0.24317448394976945,0
19162,1.199318044255767,1.199318044255767,1.199318044255767,0
19163,-0.5915503442365604,-0.5915503442365604,-0.5915503442365604,0
19164,-0.15701979807195948,,-0.622798785721127,1
19165,-0.3429851355703992,,-0.6540472272056935,1
19166,-0.832396661889376,,-0.6852956686902602,1
19167,0.5156297763931408,,-0.7165441101748267,1
19168,-0.9929852618992611,,-0.7477925516593933,1
19169,0.9832836993073998,,-0.7790409931439598,1
19170,0.5408474649406166,,-0.8102894346285264,1
19171,0.5512499853841493,,-0.8415378761130929,1
19172,-0.9663557100384421,,-0.8727863175976596,1
19173,-0.9502672955948425,,-0.9040347590822262,1
19174,-0.9352832005667927,-0.9352832005667927,-0.9352832005667927,0
19175,1.0017672518144292,1.0017672518144292,1.0017672518144292,0
19176,0.9024433633319958,0.9024433633319958,0.9024433633319958,0
19177,-1.096310191157762,-1.096310191157762,-1.096310191157762,0
19178,1.067919369985879,1.067919369985879,1.067919369985879,0
19179,-0.05221691039907255,-0.05221691039907255,-0.05221691039907255,0
19180,-0.6389678810297501,-0.6389678810297501,-0.6389678810297501,0
19181,-0.9025386541254546,-0.9025386541254546,-0.9025386541254546,0
19182,-0.7150433564472108,-0.7150433564472108,-0.7150433564472108,0
19183,-0.9301534233313558,-0.9301534233313558,-0.9301534233313558,0
19184,0.8292104969691968,,-0.8885695346145249,1
19185,0.6350588363209412,,-0.8469856458976941,1
19186,-0.6468688401725257,,-0.8054017571808633,1
19187,0.8826996435756072,,-0.7638178684640324,1
19188,-0.0019860771865122793,,-0.7222339797472016,1
19189,0.07205485536702881,,-0.6806500910303708,1
19190,0.046978652980400284,,-0.63906620231354,1
19191,0.2460838178116294,,-0.5974823135967091,1
19192,1.0938874331240527,,-0.5558984248798784,1
19193,-0.20624327591657898,,-0.5143145361630475,1
19194,-0.47273064744621673,-0.47273064744621673,-0.47273064744621673,0
19195,0.024512833418144853,0.024512833418144853,0.024512833418144853,0
19196,-1.7516853921045847,-1.7516853921045847,-1.7516853921045847,0
19197,-0.9613201335322991,-0.9613201335322991,-0.9613201335322991,0
19198,1.3354155283347438,1.3354155283347438,1.3354155283347438,0
19199,0.6058280083578991,0.6058280083578991,0.6058280083578991,0
19200,-0.2738198100195383,-0.2738198100195383,-0.2738198100195383,0
19201,0.690126548113037,0.690126548113037,0.690126548113037,0
19202,-0.3252891826616566,-0.3252891826616566,-0.3252891826616566,0
19203,0.4312980638950422,0.4312980638950422,0.4312980638950422,0
19204,0.059144537019122125,,0.3729411603684806,1
19205,0.18470412262120234,,0.31458425684191893,1
19206,0.624827705277586,,0.2562273533153573,1
19207,-1.9279523302170534,,0.19787044978879564,1
19208,-1.4184606712802212,,0.139513546262234,1
19209,-0.44718992297162985,,0.08115664273567236,1
19210,2.775629248835547,,0.022799739209110714,1
19211,0.31518111072766286,,-0.03555716431745093,1
19212,2.239883078847103,,-0.09391406784401257,1
19213,1.9587555942820156,,-0.15227097137057422,1
19214,-0.21062787489713583,-0.21062787489713583,-0.21062787489713583,0
19215,-0.383754070024693,-0.383754070024693,-0.383754070024693,0
19216,1.3276944150912142,1.3276944150912142,1.3276944150912142,0
19217,-1.9120011548810998,-1.9120011548810998,-1.9120011548810998,0
19218,-2.28877731733485,-2.28877731733485,-2.28877731733485,0
19219,1.253519426496372,1.253519426496372,1.253519426496372,0
19220,0.4401873531865878,0.4401873531865878,0.4401873531865878,0
19221,-0.2392142951510416,-0.2392142951510416,-0.2392142951510416,0
19222,-0.9280041486881675,-0.9280041486881675,-0.9280041486881675,0
19223,2.608947363783859,2.608947363783859,2.608947363783859,0
19224,1.379344838175024,1.379344838175024,1.379344838175024,0
19225,-0.6008829408307764,-0.6008829408307764,-0.6008829408307764,0
19226,1.2691192396655608,1.2691192396655608,1.2691192396655608,0
19227,1.1359098994673233,1.1359098994673233,1.1359098994673233,0
19228,-0.32468484054430574,-0.32468484054430574,-0.32468484054430574,0
19229,0.19218271239472987,0.19218271239472987,0.19218271239472987,0
19230,1.3108095909197504,1.3108095909197504,1.3108095909197504,0
19231,-2.6145948261566807,-2.6145948261566807,-2.6145948261566807,0
19232,0.3959563411005134,0.3959563411005134,0.3959563411005134,0
19233,-0.2906572526006321,-0.2906572526006321,-0.2906572526006321,0
19234,-0.847577500407797,-0.847577500407797,-0.847577500407797,0
19235,0.033451661102659035,0.033451661102659035,0.033451661102659035,0
19236,-0.24337857366336083,,-0.017271715574480963,1
19237,0.0036575556118213334,,-0.06799509225162095,1
19238,0.4094960582561596,,-0.11871846892876095,1
19239,-0.293191598785685,,-0.16944184560590095,1
19240,1.1484757306489253,,-0.22016522228304095,1
19241,1.4136695248370688,,-0.27088859896018097,1
19242,0.4788749353055682,,-0.32161197563732097,1
19243,0.14304243347287665,,-0.37233535231446097,1
19244,0.3248813532030947,,-0.42305872899160096,1
19245,-0.8063996078530783,,-0.47378210566874096,1
19246,-0.5245054823458809,-0.5245054823458809,-0.5245054823458809,0
19247,2.736781780215372,2.736781780215372,2.736781780215372,0
19248,2.043201339513381,,2.413922006544953,1
19249,2.017022552775969,,2.091062232874534,1
19250,1.0084294178326674,,1.7682024592041152,1
19251,-1.0621444945543712,,1.4453426855336962,1
19252,-0.3855771034419074,,1.122482911863277,1
19253,-1.030079273987593,,0.7996231381928582,1
19254,-0.2858877363501182,,0.4767633645224394,1
19255,1.2457735787910562,,0.15390359085202032,1
19256,1.1302739207006713,,-0.16895618281839875,1
19257,-0.6957109044210648,,-0.4918159564888178,1
19258,-0.8146757301592366,-0.8146757301592366,-0.8146757301592366,0
19259,-0.7145471098875926,-0.7145471098875926,-0.7145471098875926,0
19260,0.47237342234431284,0.47237342234431284,0.47237342234431284,0
19261,0.0050035256477792295,0.0050035256477792295,0.0050035256477792295,0
19262,-2.1612937536188253,-2.1612937536188253,-2.1612937536188253,0
19263,1.1632350244159473,1.1632350244159473,1.1632350244159473,0
19264,-0.21853859427133673,-0.21853859427133673,-0.21853859427133673,0
19265,-0.219238928830769,-0.219238928830769,-0.219238928830769,0
19266,1.0479147390463388,1.0479147390463388,1.0479147390463388,0
19267,0.2213128905792153,0.2213128905792153,0.2213128905792153,0
19268,0.8350774126342659,0.8350774126342659,0.8350774126342659,0
19269,-0.016850232711096366,-0.016850232711096366,-0.016850232711096366,0
19270,-0.3846385351662375,-0.3846385351662375,-0.3846385351662375,0
19271,1.7358241206572664,1.7358241206572664,1.7358241206572664,0
19272,-0.9840602823806676,-0.9840602823806676,-0.9840602823806676,0
19273,1.7245745517986077,1.7245745517986077,1.7245745517986077,0
19274,0.2811278819683838,0.2811278819683838,0.2811278819683838,0
19275,1.8062672739107746,1.8062672739107746,1.8062672739107746,0
19276,-0.22531591576076426,-0.22531591576076426,-0.22531591576076426,0
19277,-1.1121133210778291,-1.1121133210778291,-1.1121133210778291,0
19278,1.6372057870898749,1.6372057870898749,1.6372057870898749,0
19279,1.6055589553220535,1.6055589553220535,1.6055589553220535,0
19280,0.6899106991874434,0.6899106991874434,0.6899106991874434,0
19281,-0.7819607454969371,-0.7819607454969371,-0.7819607454969371,0
19282,1.2282019522533927,1.2282019522533927,1.2282019522533927,0
19283,-0.6236637991627043,-0.6236637991627043,-0.6236637991627043,0
19284,-0.48463246060149756,-0.48463246060149756,-0.48463246060149756,0
19285,0.1603614875934667,0.1603614875934667,0.1603614875934667,0
19286,1.1801649994574088,1.1801649994574088,1.1801649994574088,0
19287,0.16660703007395483,0.16660703007395483,0.16660703007395483,0
19288,0.551595630381238,0.551595630381238,0.551595630381238,0
19289,3.305743556812689,3.305743556812689,3.305743556812689,0
19290,-0.8066702797318539,-0.8066702797318539,-0.8066702797318539,0
19291,1.6159824311549937,1.6159824311549937,1.6159824311549937,0
19292,-1.0327872043836224,-1.0327872043836224,-1.0327872043836224,0
19293,0.4747166467208878,0.4747166467208878,0.4747166467208878,0
19294,-0.3808924753064786,,0.3523081844602697,1
19295,-0.43541299339662504,,0.22989972219965157,1
19296,1.4718259645072567,,0.10749125993903347,1
19297,0.7847775829545398,,-0.014917202321584666,1
19298,0.09123575044974647,,-0.1373256645822028,1
19299,1.2866610804569203,,-0.2597341268428209,1
19300,0.8340295849971704,,-0.38214258910343907,1
19301,-0.7438557398309777,,-0.5045510513640572,1
19302,-0.45702875676913807,,-0.6269595136246753,1
19303,-1.5309914260471436,,-0.7493679758852934,1
19304,-0.8717764381459114,-0.8717764381459114,-0.8717764381459114,0
19305,-0.06344821750577809,-0.06344821750577809,-0.06344821750577809,0
19306,-1.2566400103806137,-1.2566400103806137,-1.2566400103806137,0
19307,-0.6849767453263302,-0.6849767453263302,-0.6849767453263302,0
19308,-2.417028243425799,-2.417028243425799,-2.417028243425799,0
19309,0.6211215513553668,0.6211215513553668,0.6211215513553668,0
19310,-0.6497124794059188,-0.6497124794059188,-0.6497124794059188,0
19311,1.184354238054094,1.184354238054094,1.184354238054094,0
19312,0.13925054543586649,0.13925054543586649,0.13925054543586649,0
19313,0.9169594771191492,0.9169594771191492,0.9169594771191492,0
19314,0.061072821675298296,0.061072821675298296,0.061072821675298296,0
19315,0.043589866470753705,0.043589866470753705,0.043589866470753705,0
19316,1.5251484755684046,1.5251484755684046,1.5251484755684046,0
19317,-0.8532297501390329,-0.8532297501390329,-0.8532297501390329,0
19318,-0.05431510314025818,-0.05431510314025818,-0.05431510314025818,0
19319,-2.1168525623400702,-2.1168525623400702,-2.1168525623400702,0
19320,-0.7659159208314311,-0.7659159208314311,-0.7659159208314311,0
19321,0.9869489440839402,0.9869489440839402,0.9869489440839402,0
19322,0.20227629687569978,0.20227629687569978,0.20227629687569978,0
19323,-0.8746908155837234,-0.8746908155837234,-0.8746908155837234,0
19324,-0.00022081331360656765,-0.00022081331360656765,-0.00022081331360656765,0
19325,0.44384387302773787,0.44384387302773787,0.44384387302773787,0
19326,1.1348371183905113,1.1348371183905113,1.1348371183905113,0
19327,0.13186055479548037,0.13186055479548037,0.13186055479548037,0
19328,0.27928486951757486,0.27928486951757486,0.27928486951757486,0
19329,-0.9094878886980987,-0.9094878886980987,-0.9094878886980987,0
19330,-0.682586925566405,-0.682586925566405,-0.682586925566405,0
19331,-1.282671366799495,-1.282671366799495,-1.282671366799495,0
19332,0.7667527555522952,,-1.2346892484994916,1
19333,0.4514341160836419,,-1.1867071301994883,1
19334,0.11139772582772835,,-1.138725011899485,1
19335,-0.627168673619087,,-1.0907428935994814,1
19336,-1.7092127446210201,,-1.042760775299478,1
19337,0.7849034206607541,,-0.9947786569994748,1
19338,-0.514418878822731,,-0.9467965386994714,1
19339,0.9445513244902649,,-0.898814420399468,1
19340,-1.009698102610873,,-0.8508323020994646,1
19341,-0.6447748155082486,,-0.8028501837994613,1
19342,-0.754868065499458,-0.754868065499458,-0.754868065499458,0
19343,0.6959419423669015,0.6959419423669015,0.6959419423669015,0
19344,-1.3094008045323906,-1.3094008045323906,-1.3094008045323906,0
19345,-2.235675520829937,-2.235675520829937,-2.235675520829937,0
19346,0.625160765579183,0.625160765579183,0.625160765579183,0
19347,-0.5164771975166232,-0.5164771975166232,-0.5164771975166232,0
19348,1.5381918505783823,1.5381918505783823,1.5381918505783823,0
19349,0.6892887284606143,0.6892887284606143,0.6892887284606143,0
19350,0.804620075630295,,0.658264601213898,1
19351,0.9488269392104167,,0.6272404739671815,1
19352,-0.3052562445314044,,0.5962163467204652,1
19353,-1.3001929829879835,,0.5651922194737488,1
19354,-0.01884506023625581,,0.5341680922270324,1
19355,-0.6356971040591604,,0.503143964980316,1
19356,-0.20786279377405156,,0.47211983773359967,1
19357,-0.9664232492058529,,0.44109571048688334,1
19358,1.2402855601370304,,0.41007158324016696,1
19359,-0.9810618440419255,,0.3790474559934506,1
19360,0.3480233287467342,0.3480233287467342,0.3480233287467342,0
19361,-1.9110781608782241,-1.9110781608782241,-1.9110781608782241,0
19362,-1.54115927061005,-1.54115927061005,-1.54115927061005,0
19363,-0.8596921267647648,-0.8596921267647648,-0.8596921267647648,0
19364,0.5319907254731989,0.5319907254731989,0.5319907254731989,0
19365,-0.2088400475635935,-0.2088400475635935,-0.2088400475635935,0
19366,-0.37339735103380206,-0.37339735103380206,-0.37339735103380206,0
19367,0.4653476820560293,0.4653476820560293,0.4653476820560293,0
19368,0.4070392114190624,0.4070392114190624,0.4070392114190624,0
19369,1.3121846569070863,1.3121846569070863,1.3121846569070863,0
19370,1.6343960567944884,1.6343960567944884,1.6343960567944884,0
19371,0.7090447695792543,0.7090447695792543,0.7090447695792543,0
19372,-0.6781565049411362,-0.6781565049411362,-0.6781565049411362,0
19373,0.5724275162740197,0.5724275162740197,0.5724275162740197,0
19374,1.6251848874363468,,0.6858659426488372,1
19375,1.5658306927187688,,0.7993043690236546,1
19376,-1.6111128592138844,,0.9127427953984721,1
19377,0.6396776200839502,,1.0261812217732895,1
19378,1.3078647115095583,,1.139619648148107,1
19379,-0.09059799513999618,,1.2530580745229245,1
19380,1.4001274013172076,,1.366496500897742,1
19381,0.28803221823127295,,1.4799349272725595,1
19382,-2.137018429039402,,1.5933733536473769,1
19383,-1.0206241795332827,,1.7068117800221945,1
19384,1.8202502063970118,1.8202502063970118,1.8202502063970118,0
19385,1.025518652591271,1.025518652591271,1.025518652591271,0
19386,-0.2271809459948284,-0.2271809459948284,-0.2271809459948284,0
19387,2.0809592766923823,2.0809592766923823,2.0809592766923823,0
19388,-0.13660668519973293,-0.13660668519973293,-0.13660668519973293,0
19389,-1.6188099107101526,-1.6188099107101526,-1.6188099107101526,0
19390,0.10767603738840319,0.10767603738840319,0.10767603738840319,0
19391,-0.6652189375672098,-0.6652189375672098,-0.6652189375672098,0
19392,-0.06645056732931091,-0.06645056732931091,-0.06645056732931091,0
19393,-1.993696929677153,-1.993696929677153,-1.993696929677153,0
19394,1.3887143468141372,1.3887143468141372,1.3887143468141372,0
19395,-0.7384675046037072,-0.7384675046037072,-0.7384675046037072,0
19396,0.531599956894388,0.531599956894388,0.531599956894388,0
19397,1.1821740381196915,1.1821740381196915,1.1821740381196915,0
19398,-0.13400549619808838,,0.896924463950401,1
19399,0.08573908939305659,,0.6116748897811106,1
19400,-0.8286144691611571,,0.3264253156118202,1
19401,0.43199318310609197,,0.04117574144252978,1
19402,0.23869957191754704,,-0.24407383272676064,1
19403,1.6963573508528087,,-0.5293234068960511,1
19404,-0.8883863553279805,,-0.8145729810653415,1
19405,-1.624006718631574,,-1.099822555234632,1
19406,0.5242518547333379,,-1.385072129403922,1
19407,-1.1289683995912183,,-1.6703217035732127,1
19408,-1.9555712777425036,-1.9555712777425036,-1.9555712777425036,0
19409,2.3725476850108334,2.3725476850108334,2.3725476850108334,0
19410,0.5246363746399572,0.5246363746399572,0.5246363746399572,0
19411,2.221739949430633,2.221739949430633,2.221739949430633,0
19412,-0.3435714527387661,,2.130298384678296,1
19413,-0.13017870674190424,,2.0388568199259587,1
19414,-0.36834604502207013,,1.9474152551736215,1
19415,-2.877250863145437,,1.8559736904212842,1
19416,-0.5984216625459702,,1.764532125668947,1
19417,0.41801703742604507,,1.6730905609166098,1
19418,-0.8554445279238955,,1.5816489961642726,1
19419,1.7871172287975787,,1.4902074314119353,1
19420,1.5291459690797011,,1.3987658666595981,1
19421,-0.404003790462917,,1.307324301907261,1
19422,1.2158827371549237,1.2158827371549237,1.2158827371549237,0
19423,-0.8061347286428464,-0.8061347286428464,-0.8061347286428464,0
19424,-0.43269853474374714,-0.43269853474374714,-0.43269853474374714,0
19425,-0.9401600530258708,-0.9401600530258708,-0.9401600530258708,0
19426,-0.5989718651563778,-0.5989718651563778,-0.5989718651563778,0
19427,0.07810672387570863,0.07810672387570863,0.07810672387570863,0
19428,0.38370524344299306,0.38370524344299306,0.38370524344299306,0
19429,0.5625622541341836,0.5625622541341836,0.5625622541341836,0
19430,1.1743704970927575,1.1743704970927575,1.1743704970927575,0
19431,-1.3744512455902598,-1.3744512455902598,-1.3744512455902598,0
19432,0.43091210017196685,,-1.2359042128340738,1
19433,0.7127923951447582,,-1.0973571800778879,1
19434,0.5896299925262971,,-0.958810147321702,1
19435,-0.828896847032475,,-0.820263114565516,1
19436,-1.6804159450781782,,-0.6817160818093301,1
19437,0.4315496995735621,,-0.5431690490531442,1
19438,-0.3684150278649963,,-0.40462201629695826,1
19439,-1.9752828538506517,,-0.2660749835407723,1
19440,-0.43861960271309414,,-0.12752795078458634,1
19441,1.1531501313620471,,0.01101908197159962,1
19442,0.14956611472778558,0.14956611472778558,0.14956611472778558,0
19443,1.4046500838749512,1.4046500838749512,1.4046500838749512,0
19444,-1.1451931955248658,-1.1451931955248658,-1.1451931955248658,0
19445,-0.9786034074994602,-0.9786034074994602,-0.9786034074994602,0
19446,-0.06470576564939028,-0.06470576564939028,-0.06470576564939028,0
19447,0.45736245049050983,0.45736245049050983,0.45736245049050983,0
19448,2.2539147281373237,2.2539147281373237,2.2539147281373237,0
19449,-1.4521762221741679,-1.4521762221741679,-1.4521762221741679,0
19450,1.1836346769066939,1.1836346769066939,1.1836346769066939,0
19451,-0.2663589489698548,-0.2663589489698548,-0.2663589489698548,0
19452,-0.7622042927358251,,-0.09325556053271386,1
19453,-0.8827171245365013,,0.07984782790442707,1
19454,1.5423833997186558,,0.25295121634156803,1
19455,0.7721375354807922,,0.42605460477870893,1
19456,0.7417457124839554,,0.5991579932158498,1
19457,0.1251463486814138,,0.7722613816529909,1
19458,0.9918680213895552,,0.9453647700901318,1
19459,-1.4164001167971767,,1.1184681585272727,1
19460,-0.5586518668419235,,1.2915715469644136,1
19461,-1.0845281136287717,,1.4646749354015545,1
19462,1.6377783238386954,1.6377783238386954,1.6377783238386954,0
19463,-0.4663017466206166,-0.4663017466206166,-0.4663017466206166,0
19464,-0.04085162360558033,-0.04085162360558033,-0.04085162360558033,0
19465,1.1979549188961405,1.1979549188961405,1.1979549188961405,0
19466,-0.2799544528780131,-0.2799544528780131,-0.2799544528780131,0
19467,-0.2599818556454117,-0.2599818556454117,-0.2599818556454117,0
19468,0.038263068467280933,0.038263068467280933,0.038263068467280933,0
19469,0.01676777489665006,0.01676777489665006,0.01676777489665006,0
19470,2.630723374598898,2.630723374598898,2.630723374598898,0
19471,-0.2583899996399924,-0.2583899996399924,-0.2583899996399924,0
19472,0.19725251390957935,,-0.3259299743659643,1
19473,0.10488652991845318,,-0.3934699490919362,1
19474,-0.2624528690930774,,-0.4610099238179082,1
19475,-2.454669293052597,,-0.5285498985438801,1
19476,-1.8132357831409407,,-0.5960898732698521,1
19477,1.0427303256107787,,-0.663629847995824,1
19478,0.48809434294237036,,-0.731169822721796,1
19479,-0.01740727430876011,,-0.7987097974477679,1
19480,1.1778606095920032,,-0.8662497721737399,1
19481,0.7584722758457654,,-0.9337897468997118,1
19482,-1.0013297216256836,-1.0013297216256836,-1.0013297216256836,0
19483,-0.2997081287442055,-0.2997081287442055,-0.2997081287442055,0
19484,0.33399818661477726,0.33399818661477726,0.33399818661477726,0
19485,-0.7376154307793985,-0.7376154307793985,-0.7376154307793985,0
19486,0.3684719330607182,,-0.6935727587342778,1
19487,0.2580097447318568,,-0.6495300866891572,1
19488,0.2408125808606003,,-0.6054874146440365,1
19489,-1.7232562679912384,,-0.5614447425989159,1
19490,-0.18274419708576167,,-0.5174020705537952,1
19491,2.358890029063329,,-0.4733593985086746,1
19492,1.5488484661040234,,-0.4293167264635539,1
19493,-0.4437649186727061,,-0.38527405441843326,1
19494,1.7800801045285406,,-0.34123138237331263,1
19495,-1.4996794438915282,,-0.29718871032819194,1
19496,-0.2531460382830713,-0.2531460382830713,-0.2531460382830713,0
19497,0.9477292024730837,0.9477292024730837,0.9477292024730837,0
19498,-0.7452844760558934,,0.9073459011248179,1
19499,-0.47171427896428464,,0.8669625997765521,1
19500,0.19181187578488892,,0.8265792984282863,1
19501,0.07527473276290325,,0.7861959970800205,1
19502,-0.09196440563415466,,0.7458126957317548,1
19503,-1.43849932751446,,0.705429394383489,1
19504,-0.16720636798932986,,0.6650460930352231,1
19505,0.32914785623030723,,0.6246627916869574,1
19506,-0.37707073414462233,,0.5842794903386916,1
19507,-2.564790656198762,,0.5438961889904258,1
19508,0.6591049215629383,,0.50351288764216,1
19509,0.6209394984552423,,0.4631295862938942,1
19510,-1.9294570211438153,,0.4227462849456285,1
19511,-0.9891751444297888,,0.38236298359736265,1
19512,0.9884714790266633,,0.3419796822490968,1
19513,-1.0906774016836551,,0.3015963809008311,1
19514,-0.2112219021462275,,0.26121307955256534,1
19515,1.344977164993585,,0.2208297782042995,1
19516,-2.7468639706692053,,0.18044647685603366,1
19517,-1.2406562498164522,,0.14006317550776792,1
19518,0.09967987415950223,0.09967987415950223,0.09967987415950223,0
19519,0.67502398113852,0.67502398113852,0.67502398113852,0
19520,1.2236976530041752,1.2236976530041752,1.2236976530041752,0
19521,-0.8699808767537398,-0.8699808767537398,-0.8699808767537398,0
19522,-1.8822973119898636,-1.8822973119898636,-1.8822973119898636,0
19523,0.19861121736016824,0.19861121736016824,0.19861121736016824,0
19524,-0.04139892858332863,-0.04139892858332863,-0.04139892858332863,0
19525,0.5995043384034645,0.5995043384034645,0.5995043384034645,0
19526,-0.9185461108953789,-0.9185461108953789,-0.9185461108953789,0
19527,0.34946869187435775,0.34946869187435775,0.34946869187435775,0
19528,-0.14035414414514288,-0.14035414414514288,-0.14035414414514288,0
19529,-0.771847573907327,-0.771847573907327,-0.771847573907327,0
19530,-0.18396469883859295,-0.18396469883859295,-0.18396469883859295,0
19531,1.0076418462124257,1.0076418462124257,1.0076418462124257,0
19532,1.5656652932036323,1.5656652932036323,1.5656652932036323,0
19533,0.3288538185917954,0.3288538185917954,0.3288538185917954,0
19534,1.05174925721862,1.05174925721862,1.05174925721862,0
19535,1.4040133600277132,1.4040133600277132,1.4040133600277132,0
19536,1.3625300604406505,1.3625300604406505,1.3625300604406505,0
19537,-0.9343601795012642,-0.9343601795012642,-0.9343601795012642,0
19538,1.562711395075659,,-0.7595289736826653,1
19539,1.3832762832116374,,-0.5846977678640664,1
19540,1.3927617054083632,,-0.40986656204546756,1
19541,-0.643087546050448,,-0.23503535622686866,1
19542,1.2683480699607295,,-0.06020415040826976,1
19543,2.3928543461952727,,0.11462705541032903,1
19544,0.9310726729635186,,0.28945826122892804,1
19545,-0.7414184598420696,,0.4642894670475268,1
19546,1.0258253018476555,,0.6391206728661256,1
19547,0.36408476461903255,,0.8139518786847246,1
19548,0.9887830845033235,0.9887830845033235,0.9887830845033235,0
19549,0.45407847199153706,0.45407847199153706,0.45407847199153706,0
19550,-1.00004407037134,-1.00004407037134,-1.00004407037134,0
19551,-1.6299474011073756,-1.6299474011073756,-1.6299474011073756,0
19552,0.391221521846118,,-1.490085772622189,1
19553,0.06900865920040095,,-1.3502241441370024,1
19554,1.2600794840832092,,-1.2103625156518159,1
19555,0.2813907844180026,,-1.0705008871666295,1
19556,-0.7613949871452731,,-0.9306392586814428,1
19557,1.584428874402373,,-0.7907776301962564,1
19558,-0.1491461958361615,,-0.6509160017110698,1
19559,0.938533843330476,,-0.5110543732258832,1
19560,0.22644836744833496,,-0.37119274474069663,1
19561,0.1702227827708319,,-0.23133111625551006,1
19562,-0.09146948777032345,-0.09146948777032345,-0.09146948777032345,0
19563,-1.5868655400153655,-1.5868655400153655,-1.5868655400153655,0
19564,2.598208104562886,2.598208104562886,2.598208104562886,0
19565,-0.44924118524775863,-0.44924118524775863,-0.44924118524775863,0
19566,-0.10611291266669481,,-0.3261093098428167,1
19567,0.030594854219772552,,-0.2029774344378748,1
19568,0.5725342893661493,,-0.07984555903293289,1
19569,1.5050386290084576,,0.043286316372009026,1
19570,-2.498185794558271,,0.166418191776951,1
19571,1.703373140441268,,0.28955006718189286,1
19572,-0.44996342226880914,,0.4126819425868347,1
19573,1.2681126550598016,,0.5358138179917766,1
19574,-0.4591294621476975,,0.6589456933967186,1
19575,-0.16373182363213448,,0.7820775688016606,1
19576,0.5124787478816749,,0.9052094442066023,1
19577,0.3137550856761108,,1.0283413196115443,1
19578,-0.5469910969811944,,1.1514731950164863,1
19579,0.4195181347921843,,1.274605070421428,1
19580,0.6479047556369424,,1.39773694582637,1
19581,0.20032695296815434,,1.520868821231312,1
19582,-0.12599194598600738,,1.6440006966362537,1
19583,-1.6153795287913018,,1.767132572041196,1
19584,1.0244880947883883,,1.8902644474461376,1
19585,0.15433135436113832,,2.01339632285108,1
19586,2.1365281982560216,2.1365281982560216,2.1365281982560216,0
19587,0.34802992335054844,0.34802992335054844,0.34802992335054844,0
19588,0.23204395864564428,0.23204395864564428,0.23204395864564428,0
19589,-0.7496142149702295,,0.11064036622989683,1
19590,-0.5068306086557522,,-0.010763226185850627,1
19591,-0.5509405994891803,,-0.1321668186015981,1
19592,-0.014441459665753612,,-0.25357041101734556,1
19593,-1.2273607349230364,,-0.37497400343309295,1
19594,1.2254017233000145,,-0.49637759584884045,1
19595,0.8355455841238106,,-0.6177811882645878,1
19596,1.6320847157928104,,-0.7391847806803353,1
19597,0.8900718193413909,,-0.8605883730960827,1
19598,-1.1461383282250985,,-0.9819919655118302,1
19599,-1.1033955579275778,-1.1033955579275778,-1.1033955579275778,0
19600,0.37139567805142937,0.37139567805142937,0.37139567805142937,0
19601,-0.880444365190741,-0.880444365190741,-0.880444365190741,0
19602,-1.9711373678760231,-1.9711373678760231,-1.9711373678760231,0
19603,-0.41961178483302763,-0.41961178483302763,-0.41961178483302763,0
19604,-1.2185246906002463,,-0.44580780570617395,1
19605,-1.4982466672494223,,-0.4720038265793203,1
19606,0.785639738515251,,-0.4981998474524666,1
19607,-0.3489201666666375,,-0.5243958683256129,1
19608,1.3282809555569506,,-0.5505918891987592,1
19609,-1.73836033883338,,-0.5767879100719056,1
19610,-0.3116430411630755,,-0.6029839309450519,1
19611,2.017596694187417,,-0.6291799518181982,1
19612,-0.648049672819439,,-0.6553759726913445,1
19613,-0.1474070138155711,,-0.6815719935644908,1
19614,-0.7077680144376371,-0.7077680144376371,-0.7077680144376371,0
19615,0.7347047006876851,0.7347047006876851,0.7347047006876851,0
19616,-0.29183341096616666,-0.29183341096616666,-0.29183341096616666,0
19617,1.135972967984874,1.135972967984874,1.135972967984874,0
19618,-0.3471027645291446,-0.3471027645291446,-0.3471027645291446,0
19619,0.62503291998794,0.62503291998794,0.62503291998794,0
19620,1.4174261929801726,1.4174261929801726,1.4174261929801726,0
19621,0.6383421587349731,0.6383421587349731,0.6383421587349731,0
19622,-0.8130663445183557,-0.8130663445183557,-0.8130663445183557,0
19623,2.799517532832522,2.799517532832522,2.799517532832522,0
19624,-0.1400369171862319,-0.1400369171862319,-0.1400369171862319,0
19625,-0.6913430354495161,-0.6913430354495161,-0.6913430354495161,0
19626,1.4506947654818245,1.4506947654818245,1.4506947654818245,0
19627,0.6661207002095628,0.6661207002095628,0.6661207002095628,0
19628,1.3308076103119983,1.3308076103119983,1.3308076103119983,0
19629,-2.0716989044116927,-2.0716989044116927,-2.0716989044116927,0
19630,-1.1949482528323774,-1.1949482528323774,-1.1949482528323774,0
19631,0.8849187902593529,0.8849187902593529,0.8849187902593529,0
19632,-0.18639480127831765,-0.18639480127831765,-0.18639480127831765,0
19633,0.4865986655537858,0.4865986655537858,0.4865986655537858,0
19634,-1.5978752901622846,-1.5978752901622846,-1.5978752901622846,0
19635,-1.1521252171000587,-1.1521252171000587,-1.1521252171000587,0
19636,-1.198425382661159,-1.198425382661159,-1.198425382661159,0
19637,0.6688979944746175,0.6688979944746175,0.6688979944746175,0
19638,1.5492078659381778,1.5492078659381778,1.5492078659381778,0
19639,-0.18310144473323192,-0.18310144473323192,-0.18310144473323192,0
19640,-0.9056544960113596,-0.9056544960113596,-0.9056544960113596,0
19641,0.7639057322145987,0.7639057322145987,0.7639057322145987,0
19642,-0.26724210197516574,,0.6964211970922805,1
19643,-0.13288855966675686,,0.6289366619699622,1
19644,0.8649898548593772,,0.561452126847644,1
19645,-1.8275575314345425,,0.49396759172532584,1
19646,-0.04007229733174657,,0.4264830566030076,1
19647,1.0007429732772315,,0.35899852148068945,1
19648,-1.6036526783190612,,0.2915139863583712,1
19649,0.656920571221607,,0.224029451236053,1
19650,-2.5624230966288715,,0.15654491611373478,1
19651,-0.3142849682926965,,0.08906038099141655,1
19652,0.021575845869098293,0.021575845869098293,0.021575845869098293,0
19653,-1.329574686923699,-1.329574686923699,-1.329574686923699,0
19654,0.6143444041988058,,-1.0765313054941121,1
19655,0.8425688300558909,,-0.8234879240645251,1
19656,-0.30565483216840217,,-0.570444542634938,1
19657,-1.451554130274638,,-0.3174011612053511,1
19658,0.274241065837668,,-0.06435777977576418,1
19659,0.7018417500079304,,0.18868560165382298,1
19660,-0.16183571443593664,,0.4417289830834099,1
19661,1.0430433988701222,,0.6947723645129968,1
19662,0.15518802693444295,,0.9478157459425838,1
19663,-1.0550159087541848,,1.2008591273721707,1
19664,1.4539025088017576,1.4539025088017576,1.4539025088017576,0
19665,0.28596737640667613,0.28596737640667613,0.28596737640667613,0
19666,0.6999517622694771,0.6999517622694771,0.6999517622694771,0
19667,0.41285122946664665,0.41285122946664665,0.41285122946664665,0
19668,-0.7960890123503259,-0.7960890123503259,-0.7960890123503259,0
19669,-0.8149978847241393,-0.8149978847241393,-0.8149978847241393,0
19670,1.7625762772000355,1.7625762772000355,1.7625762772000355,0
19671,0.04761334621000861,,1.5373386494119918,1
19672,0.17015459468205246,,1.3121010216239481,1
19673,1.2296951876502262,,1.0868633938359045,1
19674,0.07776032549341974,,0.8616257660478608,1
19675,-1.8816295336839204,,0.6363881382598171,1
19676,-0.5470524050569969,,0.4111505104717734,1
19677,-0.4499557426298215,,0.18591288268372974,1
19678,0.005037814577675777,,-0.03932474510431394,1
19679,-2.2322252876936037,,-0.2645623728923576,1
19680,0.6709474925882773,,-0.4898000006804013,1
19681,-0.7150376284684449,-0.7150376284684449,-0.7150376284684449,0
19682,-1.9815852131202074,-1.9815852131202074,-1.9815852131202074,0
19683,0.8994595436797879,0.8994595436797879,0.8994595436797879,0
19684,-1.6220441200540745,-1.6220441200540745,-1.6220441200540745,0
19685,0.4797447658184863,0.4797447658184863,0.4797447658184863,0
19686,-0.7457929571357411,-0.7457929571357411,-0.7457929571357411,0
19687,0.4569810201231193,,-0.6991556427913157,1
19688,0.5388128129673646,,-0.6525183284468903,1
19689,-0.2924201575602911,,-0.6058810141024649,1
19690,1.4656626686311944,,-0.5592436997580394,1
19691,-2.3991631008035283,,-0.512606385413614,1
19692,-2.193589131978758,,-0.46596907106918867,1
19693,-0.4737642789906305,,-0.41933175672476325,1
19694,-1.201630781124432,,-0.37269444238033783,1
19695,0.1862448684871907,,-0.3260571280359124,1
19696,-1.6824734018815513,,-0.279419813691487,1
19697,-0.2327824993470616,-0.2327824993470616,-0.2327824993470616,0
19698,0.15253546324847211,0.15253546324847211,0.15253546324847211,0
19699,0.9228002926589751,0.9228002926589751,0.9228002926589751,0
19700,-1.0277705947600095,-1.0277705947600095,-1.0277705947600095,0
19701,1.101933765436279,,-0.7679776573789189,1
19702,1.1682050557535828,,-0.5081847199978282,1
19703,-0.6359442911887474,,-0.24839178261673756,1
19704,-0.11520126302364818,,0.011401154764353105,1
19705,-1.3430794781491702,,0.27119409214544365,1
19706,-0.7821478839500609,,0.5309870295265344,1
19707,0.17545140529489842,,0.7907799669076252,1
19708,0.16015775853805048,,1.0505729042887157,1
19709,0.3890944449800391,,1.3103658416698063,1
19710,-0.20071708874469388,,1.5701587790508968,1
19711,1.8299517164319878,1.8299517164319878,1.8299517164319878,0
19712,2.0527780451898114,2.0527780451898114,2.0527780451898114,0
19713,0.9478683529727902,,1.9001233551349435,1
19714,0.6568167336426528,,1.7474686650800753,1
19715,0.7492923015647961,,1.5948139750252073,1
19716,0.40065774647848507,,1.442159284970339,1
19717,0.993546064763035,,1.289504594915471,1
19718,-1.4043273374078582,,1.136849904860603,1
19719,-1.1473506934323208,,0.9841952148057349,1
19720,0.2807067117351977,,0.8315405247508669,1
19721,2.368422117425478,,0.678885834695999,1
19722,-0.973663580052992,,0.5262311446411307,1
19723,0.37357645458626276,0.37357645458626276,0.37357645458626276,0
19724,-0.47778952425068844,-0.47778952425068844,-0.47778952425068844,0
19725,1.489004226936769,1.489004226936769,1.489004226936769,0
19726,0.007653028367681728,0.007653028367681728,0.007653028367681728,0
19727,-0.5871190417490963,,-0.032524411318407456,1
19728,-0.3363991079052811,,-0.07270185100449665,1
19729,-1.8998834497146377,,-0.11287929069058583,1
19730,0.16780118673443725,,-0.15305673037667503,1
19731,1.151098360258683,,-0.19323417006276422,1
19732,0.17518498740506921,,-0.2334116097488534,1
19733,-0.6345329245235983,,-0.2735890494349426,1
19734,-1.3986246625662977,,-0.3137664891210318,1
19735,1.3023194938250535,,-0.35394392880712094,1
19736,0.42436972169496223,,-0.39412136849321017,1
19737,-0.43429880817929933,-0.43429880817929933,-0.43429880817929933,0
19738,0.12761185993380897,0.12761185993380897,0.12761185993380897,0
19739,-0.4977838554718815,-0.4977838554718815,-0.4977838554718815,0
19740,-1.3180138340838443,-1.3180138340838443,-1.3180138340838443,0
19741,0.3473212652154819,0.3473212652154819,0.3473212652154819,0
19742,-0.7912891592492213,-0.7912891592492213,-0.7912891592492213,0
19743,0.7127023679497774,0.7127023679497774,0.7127023679497774,0
19744,-0.9903997294966412,-0.9903997294966412,-0.9903997294966412,0
19745,-2.9667132091902038,-2.9667132091902038,-2.9667132091902038,0
19746,1.159821551860781,1.159821551860781,1.159821551860781,0
19747,0.24188837769192398,0.24188837769192398,0.24188837769192398,0
19748,-0.29619762809244954,-0.29619762809244954,-0.29619762809244954,0
19749,0.3797528435684503,0.3797528435684503,0.3797528435684503,0
19750,-0.8254060188581384,,0.3583186579979695,1
19751,-0.9884166428206489,,0.33688447242748876,1
19752,0.9518591743083272,,0.315450286857008,1
19753,0.8821942696062156,,0.2940161012865272,1
19754,0.5404782845665939,,0.27258191571604645,1
19755,0.6660515547925177,,0.2511477301455657,1
19756,0.3530059738573892,,0.2297135445750849,1
19757,-1.4701584174821207,,0.20827935900460412,1
19758,0.8951649450200081,,0.18684517343412335,1
19759,-0.6314005717614866,,0.16541098786364258,1
19760,0.14397680229316182,0.14397680229316182,0.14397680229316182,0
19761,0.41747178143535546,0.41747178143535546,0.41747178143535546,0
19762,-0.9073006416643946,-0.9073006416643946,-0.9073006416643946,0
19763,1.2603467153768417,1.2603467153768417,1.2603467153768417,0
19764,-0.5500420558846164,-0.5500420558846164,-0.5500420558846164,0
19765,0.054502003626266164,0.054502003626266164,0.054502003626266164,0
19766,-0.4666295493824782,-0.4666295493824782,-0.4666295493824782,0
19767,1.0223580334967197,1.0223580334967197,1.0223580334967197,0
19768,0.46463474411728684,0.46463474411728684,0.46463474411728684,0
19769,0.24853785647288806,0.24853785647288806,0.24853785647288806,0
19770,-0.908195076080098,,0.1934532500370674,1
19771,-1.260513910952041,,0.13836864360124673,1
19772,0.6167767739709281,,0.08328403716542607,1
19773,-1.1060404717325216,,0.0281994307296054,1
19774,0.10445394142409986,,-0.026885175706215292,1
19775,-0.0010952269946764674,,-0.08196978214203593,1
19776,-1.6202569973353036,,-0.13705438857785657,1
19777,0.25589149471879147,,-0.19213899501367726,1
19778,0.43106358577075055,,-0.24722360144949795,1
19779,-0.6897070479902152,,-0.30230820788531865,1
19780,-0.35739281432113923,-0.35739281432113923,-0.35739281432113923,0
19781,-0.9167449295299143,-0.9167449295299143,-0.9167449295299143,0
19782,-1.8672899721135678,-1.8672899721135678,-1.8672899721135678,0
19783,0.9701493322609872,0.9701493322609872,0.9701493322609872,0
19784,-0.8724160577402685,-0.8724160577402685,-0.8724160577402685,0
19785,0.07903244760351555,0.07903244760351555,0.07903244760351555,0
19786,1.6797796144806167,1.6797796144806167,1.6797796144806167,0
19787,1.0139106182248407,1.0139106182248407,1.0139106182248407,0
19788,-1.6677201867991038,-1.6677201867991038,-1.6677201867991038,0
19789,0.7383488767434044,0.7383488767434044,0.7383488767434044,0
19790,-1.5829053817533245,-1.5829053817533245,-1.5829053817533245,0
19791,-1.4480047186048257,-1.4480047186048257,-1.4480047186048257,0
19792,-0.348166501312751,-0.348166501312751,-0.348166501312751,0
19793,-1.233828504995268,-1.233828504995268,-1.233828504995268,0
19794,-1.087408537896408,-1.087408537896408,-1.087408537896408,0
19795,-1.1066818860936292,-1.1066818860936292,-1.1066818860936292,0
19796,1.3730030805788336,1.3730030805788336,1.3730030805788336,0
19797,-0.08192911105954116,-0.08192911105954116,-0.08192911105954116,0
19798,0.6994987625436885,0.6994987625436885,0.6994987625436885,0
19799,-0.406968611127975,-0.406968611127975,-0.406968611127975,0
19800,1.1346674937155172,1.1346674937155172,1.1346674937155172,0
19801,-0.06365932984642184,-0.06365932984642184,-0.06365932984642184,0
19802,-0.7412875939711282,-0.7412875939711282,-0.7412875939711282,0
19803,1.0584208904760548,,-0.7060151311395749,1
19804,1.1071665826639356,,-0.6707426683080218,1
19805,-1.564645741740319,,-0.6354702054764685,1
19806,-0.5147023793504555,,-0.6001977426449152,1
19807,1.7069113171370185,,-0.5649252798133619,1
19808,-0.12915574120120796,,-0.5296528169818087,1
19809,0.5312780314557041,,-0.4943803541502555,1
19810,0.07907826360806171,,-0.4591078913187022,1
19811,0.75345270382178,,-0.42383542848714895,1
19812,-0.8206788324700536,,-0.3885629656555957,1
19813,-0.3532905028240425,-0.3532905028240425,-0.3532905028240425,0
19814,-0.7599052793900928,-0.7599052793900928,-0.7599052793900928,0
19815,-1.4769200257659318,-1.4769200257659318,-1.4769200257659318,0
19816,-2.3957637738951947,-2.3957637738951947,-2.3957637738951947,0
19817,0.7406769876284263,0.7406769876284263,0.7406769876284263,0
19818,-0.15087562197733181,,0.7960087930167958,1
19819,0.15390745749726648,,0.8513405984051655,1
19820,1.712586230932938,,0.9066724037935351,1
19821,-0.2732338419358734,,0.9620042091819048,1
19822,0.20098259162061446,,1.0173360145702743,1
19823,-0.793340930036143,,1.072667819958644,1
19824,-0.5975782558627967,,1.1279996253470135,1
19825,2.1384815129656776,,1.1833314307353833,1
19826,-0.7219894291638485,,1.2386632361237528,1
19827,0.046175332127230025,,1.2939950415121224,1
19828,1.349326846900492,1.349326846900492,1.349326846900492,0
19829,0.7241102278265099,0.7241102278265099,0.7241102278265099,0
19830,1.3473958895046028,1.3473958895046028,1.3473958895046028,0
19831,-0.5642376801392466,-0.5642376801392466,-0.5642376801392466,0
19832,0.7473494316921873,0.7473494316921873,0.7473494316921873,0
19833,-0.7665289589259326,-0.7665289589259326,-0.7665289589259326,0
19834,1.9386939617343828,1.9386939617343828,1.9386939617343828,0
19835,0.514175196365575,0.514175196365575,0.514175196365575,0
19836,0.47205077597750933,0.47205077597750933,0.47205077597750933,0
19837,0.9327992357964714,0.9327992357964714,0.9327992357964714,0
19838,0.35549966221468493,0.35549966221468493,0.35549966221468493,0
19839,-0.4944268884267335,-0.4944268884267335,-0.4944268884267335,0
19840,-0.41322688247944944,-0.41322688247944944,-0.41322688247944944,0
19841,-0.9702328073825279,-0.9702328073825279,-0.9702328073825279,0
19842,0.4479956517574307,0.4479956517574307,0.4479956517574307,0
19843,-1.0034056514458056,-1.0034056514458056,-1.0034056514458056,0
19844,1.2061852039703194,1.2061852039703194,1.2061852039703194,0
19845,1.0764599692463772,1.0764599692463772,1.0764599692463772,0
19846,-1.197077566550632,-1.197077566550632,-1.197077566550632,0
19847,0.9879538393037681,0.9879538393037681,0.9879538393037681,0
19848,0.15631504217550318,0.15631504217550318,0.15631504217550318,0
19849,0.5831535477334596,0.5831535477334596,0.5831535477334596,0
19850,0.026326858701811565,,0.537806482739291,1
19851,0.10593641346854353,,0.4924594177451225,1
19852,2.4535119455167305,,0.44711235275095385,1
19853,-0.09203140859142066,,0.4017652877567853,1
19854,0.33737068247085894,,0.3564182227626167,1
19855,-0.8061875950425609,,0.3110711577684481,1
19856,0.04614045605411204,,0.26572409277427955,1
19857,-0.43893728756791206,,0.22037702778011098,1
19858,1.1721014957533171,,0.1750299627859424,1
19859,1.420578889051045,,0.12968289779177383,1
19860,0.08433583279760522,0.08433583279760522,0.08433583279760522,0
19861,0.48806345922144995,0.48806345922144995,0.48806345922144995,0
19862,-1.6751918255990128,-1.6751918255990128,-1.6751918255990128,0
19863,2.699299831237911,2.699299831237911,2.699299831237911,0
19864,0.8415894251743951,0.8415894251743951,0.8415894251743951,0
19865,-0.6025556444008089,-0.6025556444008089,-0.6025556444008089,0
19866,-1.2570265257380626,,-0.6054167240118746,1
19867,-1.3502215638162913,,-0.6082778036229403,1
19868,1.4089645685369185,,-0.611138883234006,1
19869,0.9550238518926826,,-0.6139999628450717,1
19870,1.9490013632889405,,-0.6168610424561374,1
19871,0.5190818600363819,,-0.6197221220672031,1
19872,0.1345569573322752,,-0.6225832016782687,1
19873,2.2322776077349933,,-0.6254442812893345,1
19874,-0.8656187891804475,,-0.6283053609004002,1
19875,2.3599395923650626,,-0.6311664405114659,1
19876,-0.6340275201225316,-0.6340275201225316,-0.6340275201225316,0
19877,-0.03418716167894232,-0.03418716167894232,-0.03418716167894232,0
19878,-1.8089051353828016,-1.8089051353828016,-1.8089051353828016,0
19879,0.07038990724713837,0.07038990724713837,0.07038990724713837,0
19880,-0.37666655472387045,-0.37666655472387045,-0.37666655472387045,0
19881,-1.7791793803616582,-1.7791793803616582,-1.7791793803616582,0
19882,1.2552013055883642,1.2552013055883642,1.2552013055883642,0
19883,0.3492995307136886,0.3492995307136886,0.3492995307136886,0
19884,0.8074862647625216,0.8074862647625216,0.8074862647625216,0
19885,0.9788543397099775,0.9788543397099775,0.9788543397099775,0
19886,-2.066591083298393,-2.066591083298393,-2.066591083298393,0
19887,2.776351943256947,2.776351943256947,2.776351943256947,0
19888,-0.46227572384685495,-0.46227572384685495,-0.46227572384685495,0
19889,-0.7777248427801707,-0.7777248427801707,-0.7777248427801707,0
19890,1.3131353380299027,1.3131353380299027,1.3131353380299027,0
19891,0.2143007639100412,0.2143007639100412,0.2143007639100412,0
19892,0.292747739210316,0.292747739210316,0.292747739210316,0
19893,-2.344777660488324,-2.344777660488324,-2.344777660488324,0
19894,-0.46286770095681773,,-2.13177263729735,1
19895,-0.4591658000201646,,-1.918767614106375,1
19896,-1.0471805832558458,,-1.7057625909154006,1
19897,-0.9988746661828314,,-1.492757567724426,1
19898,-0.32584062794881746,,-1.2797525445334514,1
19899,0.9636687373209479,,-1.066747521342477,1
19900,0.027261345704218665,,-0.8537424981515025,1
19901,0.5490254747124753,,-0.6407374749605279,1
19902,-0.12214381063594472,,-0.4277324517695533,1
19903,-0.009771264639643978,,-0.21472742857857874,1
19904,-0.0017224053876044333,-0.0017224053876044333,-0.0017224053876044333,0
19905,-0.07688571589355976,-0.07688571589355976,-0.07688571589355976,0
19906,0.22459714500064593,0.22459714500064593,0.22459714500064593,0
19907,-0.9996068263786857,-0.9996068263786857,-0.9996068263786857,0
19908,2.359238995731765,2.359238995731765,2.359238995731765,0
19909,-1.8837839104443104,-1.8837839104443104,-1.8837839104443104,0
19910,-0.3383815522702454,-0.3383815522702454,-0.3383815522702454,0
19911,0.19875917197041063,0.19875917197041063,0.19875917197041063,0
19912,-1.0464424726333852,-1.0464424726333852,-1.0464424726333852,0
19913,1.3127159751375077,1.3127159751375077,1.3127159751375077,0
19914,0.6381865610614115,0.6381865610614115,0.6381865610614115,0
19915,-1.0168852988518087,-1.0168852988518087,-1.0168852988518087,0
19916,-0.13071142375183878,,-0.8164540217578387,1
19917,-0.28273609636200964,,-0.6160227446638686,1
19918,0.8292890286839139,,-0.41559146756989873,1
19919,-1.8662753930810765,,-0.21516019047592871,1
19920,-0.4805261362468538,,-0.014728913381958808,1
19921,0.5302163174100097,,0.1857023637120112,1
19922,-1.7716561355864457,,0.3861336408059812,1
19923,0.5274424591253207,,0.5865649178999512,1
19924,-1.471157529008294,,0.7869961949939213,1
19925,-1.6381322563560938,,0.9874274720878911,1
19926,1.187858749181861,1.187858749181861,1.187858749181861,0
19927,0.14067295037353664,0.14067295037353664,0.14067295037353664,0
19928,1.0384993327150065,1.0384993327150065,1.0384993327150065,0
19929,-0.5245844970855394,,0.9050455204715226,1
19930,-0.7585281091180258,,0.7715917082280388,1
19931,0.6174123766949158,,0.6381378959845551,1
19932,1.4028482257473156,,0.5046840837410712,1
19933,0.5030865173335982,,0.37123027149758736,1
19934,0.566259255163806,,0.23777645925410362,1
19935,0.20005457279477848,,0.10432264701061977,1
19936,-0.8726385838045135,,-0.029131165232864076,1
19937,0.9861262619242229,,-0.16258497747634792,1
19938,1.4840427816494148,,-0.2960387897198318,1
19939,-0.42949260196331535,-0.42949260196331535,-0.42949260196331535,0
19940,0.3302185903988565,0.3302185903988565,0.3302185903988565,0
19941,-1.0104692173457377,-1.0104692173457377,-1.0104692173457377,0
19942,-0.6578535423107432,-0.6578535423107432,-0.6578535423107432,0
19943,1.0880349106001654,1.0880349106001654,1.0880349106001654,0
19944,0.4936595589094947,0.4936595589094947,0.4936595589094947,0
19945,-0.6567004979127241,-0.6567004979127241,-0.6567004979127241,0
19946,1.0719049370200666,1.0719049370200666,1.0719049370200666,0
19947,0.5958749778502807,0.5958749778502807,0.5958749778502807,0
19948,0.5716552511248064,0.5716552511248064,0.5716552511248064,0
19949,-0.6667769221963289,,0.380474567688899,1
19950,-0.507918646549036,,0.18929388425299154,1
19951,-1.2102074380827144,,-0.0018867991829158992,1
19952,-1.1520238985156066,,-0.19306748261882334,1
19953,-1.6118894560346848,,-0.3842481660547308,1
19954,0.6049624708046828,,-0.5754288494906382,1
19955,-1.9849927425073142,,-0.7666095329265455,1
19956,2.048218344852391,,-0.9577902163624531,1
19957,0.6522698349477906,,-1.1489708997983605,1
19958,2.460965615644195,,-1.340151583234268,1
19959,-1.5313322666701752,-1.5313322666701752,-1.5313322666701752,0
19960,-0.015440445954994069,-0.015440445954994069,-0.015440445954994069,0
19961,-1.3975308711780619,-1.3975308711780619,-1.3975308711780619,0
19962,1.2095774436099227,1.2095774436099227,1.2095774436099227,0
19963,-0.21844264973859495,-0.21844264973859495,-0.21844264973859495,0
19964,-2.5687916389035594,-2.5687916389035594,-2.5687916389035594,0
19965,-0.7010586602559389,-0.7010586602559389,-0.7010586602559389,0
19966,-0.0055437569118351356,-0.0055437569118351356,-0.0055437569118351356,0
19967,0.4200797869418192,0.4200797869418192,0.4200797869418192,0
19968,-0.3308342915264451,,0.40122563774712944,1
19969,-0.5805408959764903,,0.38237148855243963,1
19970,-0.8632240906504146,,0.3635173393577499,1
19971,-2.1288947741316613,,0.34466319016306013,1
19972,0.30092426891828566,,0.3258090409683704,1
19973,-0.12435634606922566,,0.3069548917736806,1
19974,-0.9431223324459312,,0.2881007425789908,1
19975,0.772290538058369,,0.26924659338430107,1
19976,-0.7716903551250368,,0.2503924441896113,1
19977,-1.143650238286319,,0.23153829499492154,1
19978,0.21268414580023176,0.21268414580023176,0.21268414580023176,0
19979,-0.38388998091284693,-0.38388998091284693,-0.38388998091284693,0
19980,1.1513363891719794,1.1513363891719794,1.1513363891719794,0
19981,0.5273162875684453,,1.0711080270655398,1
19982,0.8711501778192876,,0.9908796649591001,1
19983,-1.3745428088319258,,0.9106513028526605,1
19984,-1.8954429349514104,,0.8304229407462208,1
19985,-0.01693149064881901,,0.7501945786397811,1
19986,-0.44772542986120445,,0.6699662165333415,1
19987,-0.7243657128908723,,0.5897378544269019,1
19988,1.2002895847329458,,0.5095094923204622,1
19989,0.6464173896718193,,0.4292811302140225,1
19990,-0.010009626415459848,,0.3490527681075828,1
19991,0.2688244060011432,0.2688244060011432,0.2688244060011432,0
19992,-0.9878309288186431,-0.9878309288186431,-0.9878309288186431,0
19993,0.3303148924821258,0.3303148924821258,0.3303148924821258,0
19994,-1.8250009808060894,-1.8250009808060894,-1.8250009808060894,0
19995,0.4518769331744396,0.4518769331744396,0.4518769331744396,0
19996,1.4947546242374556,1.4947546242374556,1.4947546242374556,0
19997,-0.03667942288024653,-0.03667942288024653,-0.03667942288024653,0
19998,-0.17505166347761886,-0.17505166347761886,-0.17505166347761886,0
19999,-1.4367013363495282,-1.4367013363495282,-1.4367013363495282,0
